Time (HH:MM:SS) - Plot 0	RFU - Plot 0	Time (HH:MM:SS) - Plot 1	RFU - Plot 1	Time (HH:MM:SS) - Plot 2	RFU - Plot 2
0	0	0	0	0	0
1.00067	0	1.00067	0	1.00067	0
2.00133	0	2.00133	0	2.00133	0
3.002	0	3.002	0	3.002	0
4.00267	0	4.00267	0	4.00267	0
5.00334	0	5.00334	0	5.00334	0
6.004	0	6.004	0	6.004	0
7.00467	0	7.00467	0	7.00467	0
8.00534	0	8.00534	0	8.00534	0
9.006	0	9.006	0	9.006	0
10.0067	0	10.0067	0	10.0067	0
11.0073	0	11.0073	0	11.0073	0
12.008	0	12.008	0	12.008	0
13.0087	0	13.0087	0	13.0087	0
14.0093	0	14.0093	0	14.0093	0
15.01	0	15.01	0	15.01	0
16.0107	0	16.0107	0	16.0107	0
17.0113	0	17.0113	0	17.0113	0
18.012	0	18.012	0	18.012	0
19.0127	0	19.0127	0	19.0127	0
20.0133	0	20.0133	0	20.0133	0
21.014	0	21.014	0	21.014	0
22.0147	0	22.0147	0	22.0147	0
23.0153	0	23.0153	0	23.0153	0
24.016	0	24.016	0	24.016	0
25.0167	0	25.0167	0	25.0167	0
26.0173	0	26.0173	0	26.0173	0
27.018	0	27.018	0	27.018	0
28.0187	0	28.0187	0	28.0187	0
29.0193	0	29.0193	0	29.0193	0
30.02	0	30.02	0	30.02	0
31.0207	0	31.0207	0	31.0207	0
32.0213	0	32.0213	0	32.0213	0
33.022	0	33.022	0	33.022	0
34.0227	0	34.0227	0	34.0227	0
35.0233	0	35.0233	0	35.0233	0
36.024	0	36.024	0	36.024	0
37.0247	0	37.0247	0	37.0247	0
38.0254	0	38.0254	0	38.0254	0
39.026	0	39.026	0	39.026	0
40.0267	0	40.0267	0	40.0267	0
41.0274	0	41.0274	0	41.0274	0
42.028	0	42.028	0	42.028	0
43.0287	0	43.0287	0	43.0287	0
44.0294	0	44.0294	0	44.0294	0
45.03	0	45.03	0	45.03	0
46.0307	0	46.0307	0	46.0307	0
47.0314	0	47.0314	0	47.0314	0
48.032	0	48.032	0	48.032	0
49.0327	0	49.0327	0	49.0327	0
50.0334	0	50.0334	0	50.0334	0
51.034	0	51.034	0	51.034	0
52.0347	0	52.0347	0	52.0347	0
53.0354	0	53.0354	0	53.0354	0
54.036	0	54.036	0	54.036	0
55.0367	0	55.0367	0	55.0367	0
56.0374	0	56.0374	0	56.0374	0
57.038	0	57.038	0	57.038	0
58.0387	0	58.0387	0	58.0387	0
59.0394	0	59.0394	0	59.0394	0
60.04	0	60.04	0	60.04	0
61.0407	0	61.0407	0	61.0407	0
62.0414	0	62.0414	0	62.0414	0
63.042	0	63.042	0	63.042	0
64.0427	0	64.0427	0	64.0427	0
65.0434	0	65.0434	0	65.0434	0
66.044	0	66.044	0	66.044	0
67.0447	0	67.0447	0	67.0447	0
68.0454	0	68.0454	0	68.0454	0
69.046	0	69.046	0	69.046	0
70.0467	0	70.0467	0	70.0467	0
71.0474	0	71.0474	0	71.0474	0
72.048	0	72.048	0	72.048	0
73.0487	0	73.0487	0	73.0487	0
74.0494	0	74.0494	0	74.0494	0
75.05	0	75.05	0	75.05	0
76.0507	0	76.0507	0	76.0507	0
77.0514	0	77.0514	0	77.0514	0
78.052	0	78.052	0	78.052	0
79.0527	0	79.0527	0	79.0527	0
80.0534	0	80.0534	0	80.0534	0
81.054	0	81.054	0	81.054	0
82.0547	0	82.0547	0	82.0547	0
83.0554	0	83.0554	0	83.0554	0
84.056	0	84.056	0	84.056	0
85.0567	0	85.0567	0	85.0567	0
86.0574	0	86.0574	0	86.0574	0
87.058	0	87.058	0	87.058	0
88.0587	0	88.0587	0	88.0587	0
89.0594	0	89.0594	0	89.0594	0
90.06	0	90.06	0	90.06	0
91.0607	0	91.0607	0	91.0607	0
92.0614	0	92.0614	0	92.0614	0
93.062	0	93.062	0	93.062	0
94.0627	0	94.0627	0	94.0627	0
95.0634	0	95.0634	0	95.0634	0
96.064	0	96.064	0	96.064	0
97.0647	0	97.0647	0	97.0647	0
98.0654	0	98.0654	0	98.0654	0
99.066	0	99.066	0	99.066	0
100.067	0	100.067	0	100.067	0
101.067	0	101.067	0	101.067	0
102.068	0	102.068	0	102.068	0
103.069	0	103.069	0	103.069	0
104.069	0	104.069	0	104.069	0
105.07	0	105.07	0	105.07	0
106.071	0	106.071	0	106.071	0
107.071	0	107.071	0	107.071	0
108.072	0	108.072	0	108.072	0
109.073	0	109.073	0	109.073	0
110.073	0	110.073	0	110.073	0
111.074	0	111.074	0	111.074	0
112.075	0	112.075	0	112.075	0
113.075	0	113.075	0	113.075	0
114.076	0	114.076	0	114.076	0
115.077	0	115.077	0	115.077	0
116.077	0	116.077	0	116.077	0
117.078	0	117.078	0	117.078	0
118.079	0	118.079	0	118.079	0
119.079	0	119.079	0	119.079	0
120.08	0	120.08	0	120.08	0
121.081	0	121.081	0	121.081	0
122.081	0	122.081	0	122.081	0
123.082	0	123.082	0	123.082	0
124.083	0	124.083	0	124.083	0
125.083	0	125.083	0	125.083	0
126.084	0	126.084	0	126.084	0
127.085	0	127.085	0	127.085	0
128.085	0	128.085	0	128.085	0
129.086	0	129.086	0	129.086	0
130.087	0	130.087	0	130.087	0
131.087	0	131.087	0	131.087	0
132.088	0	132.088	0	132.088	0
133.089	0	133.089	0	133.089	0
134.089	0	134.089	0	134.089	0
135.09	0	135.09	0	135.09	0
136.091	0	136.091	0	136.091	0
137.091	0	137.091	0	137.091	0
138.092	0	138.092	0	138.092	0
139.093	0	139.093	0	139.093	0
140.093	0	140.093	0	140.093	0
141.094	0	141.094	0	141.094	0
142.095	0	142.095	0	142.095	0
143.095	0	143.095	0	143.095	0
144.096	0	144.096	0	144.096	0
145.097	0	145.097	0	145.097	0
146.097	0	146.097	0	146.097	0
147.098	0	147.098	0	147.098	0
148.099	0	148.099	0	148.099	0
149.099	0	149.099	0	149.099	0
150.1	0	150.1	0	150.1	0
151.101	0	151.101	0	151.101	0
152.101	0	152.101	0	152.101	0
153.102	0	153.102	0	153.102	0
154.103	0	154.103	0	154.103	0
155.103	0	155.103	0	155.103	0
156.104	0	156.104	0	156.104	0
157.105	0	157.105	0	157.105	0
158.105	0	158.105	0	158.105	0
159.106	0	159.106	0	159.106	0
160.107	0	160.107	0	160.107	0
161.107	0	161.107	0	161.107	0
162.108	0	162.108	0	162.108	0
163.109	0	163.109	0	163.109	0
164.109	0	164.109	0	164.109	0
165.11	0	165.11	0	165.11	0
166.111	0	166.111	0	166.111	0
167.111	0	167.111	0	167.111	0
168.112	0	168.112	0	168.112	0
169.113	0	169.113	0	169.113	0
170.113	0	170.113	0	170.113	0
171.114	0	171.114	0	171.114	0
172.115	0	172.115	0	172.115	0
173.115	0	173.115	0	173.115	0
174.116	0	174.116	0	174.116	0
175.117	0	175.117	0	175.117	0
176.117	0	176.117	0	176.117	0
177.118	0	177.118	0	177.118	0
178.119	0	178.119	0	178.119	0
179.119	0	179.119	0	179.119	0
180.12	0	180.12	0	180.12	0
181.121	0	181.121	0	181.121	0
182.121	0	182.121	0	182.121	0
183.122	0	183.122	0	183.122	0
184.123	0	184.123	0	184.123	0
185.123	0	185.123	0	185.123	0
186.124	0	186.124	0	186.124	0
187.125	0	187.125	0	187.125	0
188.125	0	188.125	0	188.125	0
189.126	0	189.126	0	189.126	0
190.127	0	190.127	0	190.127	0
191.127	0	191.127	0	191.127	0
192.128	0	192.128	0	192.128	0
193.129	0	193.129	0	193.129	0
194.129	0	194.129	0	194.129	0
195.13	0	195.13	0	195.13	0
196.131	0	196.131	0	196.131	0
197.131	0	197.131	1	197.131	0
198.132	0	198.132	2	198.132	0
199.133	0	199.133	2	199.133	0
200.133	0	200.133	2	200.133	0
201.134	0	201.134	1	201.134	0
202.135	0	202.135	1	202.135	0
203.135	0	203.135	1	203.135	0
204.136	0	204.136	2	204.136	0
205.137	0	205.137	2	205.137	0
206.137	0	206.137	2	206.137	0
207.138	0	207.138	2	207.138	0
208.139	0	208.139	2	208.139	0
209.139	0	209.139	4	209.139	0
210.14	0	210.14	4	210.14	0
211.141	0	211.141	5	211.141	0
212.141	0	212.141	4	212.141	0
213.142	0	213.142	4	213.142	0
214.143	0	214.143	4	214.143	0
215.143	0	215.143	3	215.143	0
216.144	0	216.144	3	216.144	0
217.145	0	217.145	3	217.145	0
218.145	0	218.145	4	218.145	0
219.146	0	219.146	4	219.146	0
220.147	0	220.147	5	220.147	0
221.147	0	221.147	5	221.147	0
222.148	0	222.148	4	222.148	0
223.149	0	223.149	4	223.149	0
224.149	0	224.149	3	224.149	0
225.15	0	225.15	3	225.15	0
226.151	0	226.151	3	226.151	0
227.151	0	227.151	3	227.151	0
228.152	0	228.152	4	228.152	0
229.153	0	229.153	4	229.153	0
230.153	0	230.153	4	230.153	0
231.154	0	231.154	3	231.154	0
232.155	0	232.155	3	232.155	0
233.155	0	233.155	3	233.155	0
234.156	0	234.156	4	234.156	0
235.157	0	235.157	4	235.157	0
236.157	0	236.157	4	236.157	0
237.158	0	237.158	5	237.158	0
238.159	0	238.159	5	238.159	0
239.159	0	239.159	6	239.159	0
240.16	0	240.16	6	240.16	0
241.161	0	241.161	6	241.161	0
242.161	0	242.161	5	242.161	0
243.162	0	243.162	4	243.162	0
244.163	0	244.163	3	244.163	0
245.163	0	245.163	2	245.163	0
246.164	0	246.164	2	246.164	0
247.165	0	247.165	3	247.165	0
248.165	0	248.165	3	248.165	0
249.166	0	249.166	3	249.166	0
250.167	0	250.167	3	250.167	0
251.167	1	251.167	4	251.167	0
252.168	1	252.168	4	252.168	0
253.169	0	253.169	4	253.169	0
254.169	0	254.169	4	254.169	0
255.17	0	255.17	3	255.17	0
256.171	1	256.171	2	256.171	0
257.171	2	257.171	2	257.171	0
258.172	2	258.172	2	258.172	0
259.173	3	259.173	2	259.173	0
260.173	4	260.173	2	260.173	0
261.174	5	261.174	2	261.174	0
262.175	5	262.175	3	262.175	0
263.175	6	263.175	3	263.175	0
264.176	7	264.176	3	264.176	0
265.177	9	265.177	4	265.177	0
266.177	10	266.177	3	266.177	0
267.178	11	267.178	3	267.178	0
268.179	12	268.179	2	268.179	0
269.179	11	269.179	2	269.179	0
270.18	5	270.18	2	270.18	0
271.181	5	271.181	2	271.181	0
272.181	6	272.181	2	272.181	1
273.182	7	273.182	2	273.182	2
274.183	7	274.183	2	274.183	1
275.183	8	275.183	2	275.183	1
276.184	10	276.184	2	276.184	0
277.185	11	277.185	3	277.185	0
278.185	12	278.185	3	278.185	0
279.186	12	279.186	4	279.186	0
280.187	12	280.187	4	280.187	1
281.187	12	281.187	4	281.187	2
282.188	10	282.188	4	282.188	2
283.189	9	283.189	3	283.189	3
284.189	10	284.189	3	284.189	3
285.19	11	285.19	4	285.19	4
286.191	11	286.191	4	286.191	5
287.191	10	287.191	4	287.191	5
288.192	10	288.192	4	288.192	5
289.193	11	289.193	4	289.193	4
290.193	13	290.193	4	290.193	5
291.194	14	291.194	5	291.194	5
292.195	15	292.195	5	292.195	5
293.195	15	293.195	5	293.195	5
294.196	16	294.196	4	294.196	6
295.197	17	295.197	3	295.197	5
296.197	18	296.197	3	296.197	5
297.198	17	297.198	3	297.198	5
298.199	14	298.199	3	298.199	5
299.199	11	299.199	4	299.199	5
300.2	10	300.2	4	300.2	6
301.201	11	301.201	3	301.201	6
302.201	12	302.201	2	302.201	6
303.202	13	303.202	2	303.202	6
304.203	13	304.203	1	304.203	5
305.203	15	305.203	1	305.203	5
306.204	17	306.204	1	306.204	6
307.205	18	307.205	2	307.205	6
308.205	17	308.205	3	308.205	6
309.206	16	309.206	3	309.206	6
310.207	14	310.207	3	310.207	6
311.207	12	311.207	2	311.207	6
312.208	10	312.208	2	312.208	6
313.209	10	313.209	2	313.209	5
314.209	12	314.209	1	314.209	4
315.21	13	315.21	1	315.21	3
316.211	14	316.211	1	316.211	3
317.211	13	317.211	0	317.211	4
318.212	12	318.212	0	318.212	4
319.213	11	319.213	0	319.213	4
320.213	10	320.213	1	320.213	3
321.214	9	321.214	2	321.214	3
322.215	9	322.215	3	322.215	3
323.215	9	323.215	4	323.215	4
324.216	9	324.216	4	324.216	4
325.217	9	325.217	3	325.217	4
326.217	10	326.217	3	326.217	3
327.218	11	327.218	2	327.218	2
328.219	12	328.219	3	328.219	2
329.219	12	329.219	2	329.219	1
330.22	13	330.22	1	330.22	0
331.221	13	331.221	0	331.221	0
332.221	12	332.221	0	332.221	0
333.222	12	333.222	0	333.222	1
334.223	12	334.223	1	334.223	3
335.223	12	335.223	1	335.223	5
336.224	13	336.224	1	336.224	4
337.225	13	337.225	1	337.225	2
338.225	12	338.225	1	338.225	0
339.226	10	339.226	1	339.226	0
340.227	8	340.227	2	340.227	1
341.227	9	341.227	2	341.227	2
342.228	13	342.228	2	342.228	2
343.229	16	343.229	2	343.229	2
344.229	17	344.229	2	344.229	2
345.23	16	345.23	2	345.23	2
346.231	14	346.231	2	346.231	2
347.231	11	347.231	2	347.231	1
348.232	8	348.232	2	348.232	0
349.233	7	349.233	2	349.233	0
350.233	8	350.233	2	350.233	0
351.234	9	351.234	2	351.234	1
352.235	9	352.235	2	352.235	3
353.235	9	353.235	2	353.235	4
354.236	10	354.236	2	354.236	4
355.237	10	355.237	2	355.237	3
356.237	8	356.237	2	356.237	2
357.238	7	357.238	2	357.238	1
358.239	6	358.239	2	358.239	2
359.239	5	359.239	2	359.239	3
360.24	3	360.24	2	360.24	3
361.241	2	361.241	2	361.241	2
362.241	3	362.241	2	362.241	1
363.242	3	363.242	2	363.242	0
364.243	4	364.243	1	364.243	0
365.243	5	365.243	2	365.243	0
366.244	6	366.244	2	366.244	0
367.245	6	367.245	3	367.245	0
368.245	6	368.245	3	368.245	0
369.246	6	369.246	4	369.246	0
370.247	7	370.247	4	370.247	0
371.247	7	371.247	4	371.247	0
372.248	7	372.248	4	372.248	0
373.249	8	373.249	3	373.249	0
374.249	9	374.249	3	374.249	0
375.25	9	375.25	3	375.25	0
376.251	9	376.251	4	376.251	0
377.252	8	377.252	4	377.252	0
378.252	7	378.252	4	378.252	2
379.253	5	379.253	5	379.253	3
380.254	3	380.254	5	380.254	3
381.254	2	381.254	4	381.254	1
382.255	2	382.255	4	382.255	1
383.256	2	383.256	4	383.256	1
384.256	2	384.256	4	384.256	3
385.257	4	385.257	4	385.257	5
386.258	6	386.258	4	386.258	6
387.258	7	387.258	3	387.258	6
388.259	6	388.259	3	388.259	7
389.26	4	389.26	3	389.26	6
390.26	3	390.26	3	390.26	6
391.261	3	391.261	4	391.261	6
392.262	5	392.262	4	392.262	6
393.262	6	393.262	3	393.262	5
394.263	7	394.263	3	394.263	4
395.264	7	395.264	2	395.264	4
396.264	7	396.264	2	396.264	3
397.265	7	397.265	2	397.265	3
398.266	7	398.266	2	398.266	3
399.266	7	399.266	2	399.266	2
400.267	7	400.267	2	400.267	2
401.268	8	401.268	2	401.268	2
402.268	9	402.268	2	402.268	2
403.269	9	403.269	3	403.269	2
404.27	9	404.27	3	404.27	3
405.27	7	405.27	3	405.27	4
406.271	6	406.271	4	406.271	5
407.272	5	407.272	4	407.272	4
408.272	6	408.272	4	408.272	3
409.273	7	409.273	3	409.273	2
410.274	9	410.274	3	410.274	3
411.274	9	411.274	3	411.274	3
412.275	8	412.275	3	412.275	1
413.276	6	413.276	2	413.276	0
414.276	6	414.276	2	414.276	0
415.277	7	415.277	2	415.277	0
416.278	8	416.278	2	416.278	0
417.278	9	417.278	2	417.278	0
418.279	10	418.279	3	418.279	0
419.28	10	419.28	3	419.28	0
420.28	9	420.28	3	420.28	0
421.281	9	421.281	3	421.281	0
422.282	9	422.282	3	422.282	0
423.282	10	423.282	4	423.282	1
424.283	9	424.283	4	424.283	2
425.284	8	425.284	4	425.284	3
426.284	7	426.284	4	426.284	3
427.285	7	427.285	4	427.285	3
428.286	7	428.286	3	428.286	2
429.286	6	429.286	3	429.286	1
430.287	7	430.287	4	430.287	1
431.288	8	431.288	4	431.288	1
432.288	8	432.288	3	432.288	3
433.289	6	433.289	3	433.289	4
434.29	5	434.29	3	434.29	5
435.29	5	435.29	3	435.29	4
436.291	7	436.291	3	436.291	3
437.292	8	437.292	3	437.292	3
438.292	8	438.292	4	438.292	4
439.293	5	439.293	4	439.293	4
440.294	3	440.294	4	440.294	5
441.294	3	441.294	4	441.294	3
442.295	3	442.295	4	442.295	2
443.296	3	443.296	5	443.296	2
444.296	2	444.296	5	444.296	2
445.297	2	445.297	5	445.297	2
446.298	2	446.298	5	446.298	2
447.298	4	447.298	5	447.298	1
448.299	4	448.299	5	448.299	0
449.3	3	449.3	5	449.3	0
450.3	2	450.3	6	450.3	0
451.301	0	451.301	6	451.301	0
452.302	0	452.302	5	452.302	1
453.302	1	453.302	5	453.302	2
454.303	2	454.303	4	454.303	2
455.304	3	455.304	4	455.304	1
456.304	5	456.304	4	456.304	0
457.305	5	457.305	4	457.305	0
458.306	5	458.306	3	458.306	1
459.306	5	459.306	3	459.306	2
460.307	5	460.307	3	460.307	1
461.308	5	461.308	2	461.308	1
462.308	4	462.308	1	462.308	0
463.309	4	463.309	1	463.309	0
464.31	4	464.31	1	464.31	0
465.31	5	465.31	2	465.31	0
466.311	5	466.311	3	466.311	0
467.312	5	467.312	4	467.312	0
468.312	5	468.312	4	468.312	0
469.313	4	469.313	3	469.313	0
470.314	3	470.314	2	470.314	0
471.314	2	471.314	2	471.314	0
472.315	1	472.315	2	472.315	0
473.316	1	473.316	2	473.316	0
474.316	2	474.316	2	474.316	0
475.317	4	475.317	2	475.317	0
476.318	5	476.318	2	476.318	0
477.318	5	477.318	2	477.318	0
478.319	6	478.319	2	478.319	0
479.32	7	479.32	2	479.32	-1
480.32	7	480.32	3	480.32	0
481.321	6	481.321	3	481.321	0
482.322	5	482.322	4	482.322	0
483.322	5	483.322	5	483.322	-1
484.323	4	484.323	4	484.323	-2
485.324	4	485.324	3	485.324	-2
486.324	4	486.324	2	486.324	-2
487.325	3	487.325	0	487.325	-2
488.326	3	488.326	0	488.326	-3
489.326	3	489.326	0	489.326	-3
490.327	2	490.327	2	490.327	-3
491.328	2	491.328	2	491.328	-3
492.328	2	492.328	2	492.328	-3
493.329	4	493.329	1	493.329	-4
494.33	7	494.33	0	494.33	-4
495.33	8	495.33	0	495.33	-4
496.331	9	496.331	0	496.331	-4
497.332	8	497.332	1	497.332	-3
498.332	7	498.332	1	498.332	-3
499.333	6	499.333	2	499.333	-4
500.334	5	500.334	2	500.334	-3
501.334	4	501.334	3	501.334	-2
502.335	4	502.335	2	502.335	-2
503.336	3	503.336	2	503.336	-2
504.336	2	504.336	2	504.336	-2
505.337	1	505.337	3	505.337	-1
506.338	1	506.338	3	506.338	0
507.338	1	507.338	3	507.338	0
508.339	1	508.339	3	508.339	0
509.34	2	509.34	2	509.34	0
510.34	2	510.34	2	510.34	-1
511.341	2	511.341	3	511.341	-2
512.342	3	512.342	3	512.342	-2
513.342	3	513.342	3	513.342	-3
514.343	2	514.343	3	514.343	-2
515.344	1	515.344	3	515.344	-2
516.344	0	516.344	3	516.344	-1
517.345	0	517.345	3	517.345	0
518.346	0	518.346	3	518.346	0
519.346	1	519.346	3	519.346	0
520.347	2	520.347	4	520.347	0
521.348	3	521.348	5	521.348	0
522.348	5	522.348	5	522.348	0
523.349	7	523.349	5	523.349	0
524.35	8	524.35	5	524.35	0
525.35	7	525.35	5	525.35	0
526.351	7	526.351	6	526.351	0
527.352	6	527.352	6	527.352	0
528.352	6	528.352	6	528.352	1
529.353	5	529.353	6	529.353	2
530.354	4	530.354	5	530.354	3
531.354	2	531.354	4	531.354	3
532.355	2	532.355	3	532.355	2
533.356	2	533.356	2	533.356	1
534.356	2	534.356	2	534.356	1
535.357	3	535.357	2	535.357	1
536.358	3	536.358	2	536.358	1
537.358	3	537.358	2	537.358	1
538.359	3	538.359	2	538.359	1
539.36	2	539.36	2	539.36	2
540.36	3	540.36	3	540.36	2
541.361	4	541.361	3	541.361	3
542.362	4	542.362	4	542.362	3
543.362	5	543.362	4	543.362	3
544.363	5	544.363	4	544.363	2
545.364	5	545.364	4	545.364	1
546.364	5	546.364	3	546.364	2
547.365	6	547.365	3	547.365	2
548.366	5	548.366	4	548.366	3
549.366	5	549.366	4	549.366	3
550.367	5	550.367	4	550.367	3
551.368	5	551.368	4	551.368	3
552.368	5	552.368	4	552.368	3
553.369	5	553.369	5	553.369	2
554.37	5	554.37	5	554.37	2
555.37	5	555.37	5	555.37	1
556.371	4	556.371	5	556.371	1
557.372	5	557.372	5	557.372	1
558.372	6	558.372	5	558.372	0
559.373	6	559.373	6	559.373	0
560.374	7	560.374	6	560.374	0
561.374	7	561.374	5	561.374	0
562.375	7	562.375	5	562.375	0
563.376	6	563.376	4	563.376	1
564.376	6	564.376	5	564.376	0
565.377	7	565.377	5	565.377	0
566.378	8	566.378	5	566.378	1
567.378	7	567.378	4	567.378	2
568.379	5	568.379	4	568.379	4
569.38	4	569.38	5	569.38	5
570.38	4	570.38	4	570.38	6
571.381	4	571.381	4	571.381	5
572.382	4	572.382	3	572.382	5
573.382	4	573.382	3	573.382	5
574.383	4	574.383	3	574.383	5
575.384	2	575.384	3	575.384	4
576.384	1	576.384	3	576.384	4
577.385	0	577.385	3	577.385	5
578.386	0	578.386	3	578.386	5
579.386	1	579.386	4	579.386	4
580.387	2	580.387	5	580.387	3
581.388	3	581.388	6	581.388	2
582.388	2	582.388	6	582.388	2
583.389	1	583.389	6	583.389	2
584.39	0	584.39	5	584.39	2
585.39	0	585.39	5	585.39	2
586.391	0	586.391	5	586.391	2
587.392	0	587.392	6	587.392	2
588.392	1	588.392	6	588.392	2
589.393	1	589.393	6	589.393	1
590.394	3	590.394	5	590.394	1
591.394	4	591.394	5	591.394	1
592.395	4	592.395	6	592.395	1
593.396	3	593.396	6	593.396	0
594.396	3	594.396	6	594.396	0
595.397	3	595.397	6	595.397	0
596.398	2	596.398	5	596.398	1
597.398	1	597.398	4	597.398	2
598.399	0	598.399	4	598.399	3
599.4	1	599.4	4	599.4	3
600.4	2	600.4	4	600.4	3
601.401	3	601.401	4	601.401	3
602.402	3	602.402	2	602.402	2
603.402	2	603.402	1	603.402	2
604.403	2	604.403	0	604.403	3
605.404	2	605.404	0	605.404	3
606.404	3	606.404	1	606.404	3
607.405	2	607.405	1	607.405	2
608.406	2	608.406	1	608.406	2
609.406	1	609.406	1	609.406	2
610.407	1	610.407	2	610.407	2
611.408	0	611.408	3	611.408	1
612.408	1	612.408	3	612.408	1
613.409	2	613.409	4	613.409	2
614.41	4	614.41	4	614.41	2
615.41	6	615.41	4	615.41	2
616.411	5	616.411	4	616.411	2
617.412	4	617.412	5	617.412	2
618.412	2	618.412	5	618.412	1
619.413	1	619.413	5	619.413	1
620.414	2	620.414	5	620.414	1
621.414	3	621.414	5	621.414	1
622.415	3	622.415	5	622.415	1
623.416	3	623.416	5	623.416	0
624.416	3	624.416	5	624.416	1
625.417	2	625.417	4	625.417	1
626.418	1	626.418	4	626.418	2
627.418	0	627.418	4	627.418	1
628.419	0	628.419	3	628.419	1
629.42	0	629.42	3	629.42	1
630.42	0	630.42	3	630.42	1
631.421	0	631.421	3	631.421	1
632.422	0	632.422	3	632.422	1
633.422	0	633.422	2	633.422	1
634.423	0	634.423	3	634.423	1
635.424	0	635.424	3	635.424	2
636.424	0	636.424	3	636.424	1
637.425	0	637.425	3	637.425	0
638.426	0	638.426	3	638.426	0
639.426	0	639.426	3	639.426	0
640.427	0	640.427	3	640.427	0
641.428	0	641.428	3	641.428	0
642.428	1	642.428	3	642.428	0
643.429	2	643.429	3	643.429	0
644.43	3	644.43	3	644.43	0
645.43	3	645.43	3	645.43	0
646.431	3	646.431	3	646.431	0
647.432	3	647.432	3	647.432	0
648.432	3	648.432	2	648.432	0
649.433	3	649.433	2	649.433	0
650.434	3	650.434	2	650.434	1
651.434	4	651.434	2	651.434	2
652.435	4	652.435	2	652.435	3
653.436	5	653.436	2	653.436	3
654.436	5	654.436	2	654.436	3
655.437	5	655.437	2	655.437	4
656.438	5	656.438	3	656.438	5
657.438	6	657.438	3	657.438	5
658.439	4	658.439	3	658.439	4
659.44	2	659.44	3	659.44	4
660.44	1	660.44	3	660.44	4
661.441	0	661.441	3	661.441	3
662.442	0	662.442	3	662.442	3
663.442	1	663.442	3	663.442	2
664.443	1	664.443	3	664.443	3
665.444	2	665.444	3	665.444	3
666.444	2	666.444	3	666.444	3
667.445	1	667.445	3	667.445	3
668.446	0	668.446	3	668.446	3
669.446	0	669.446	3	669.446	3
670.447	1	670.447	2	670.447	4
671.448	1	671.448	2	671.448	3
672.448	0	672.448	2	672.448	3
673.449	0	673.449	2	673.449	2
674.45	0	674.45	2	674.45	2
675.45	0	675.45	2	675.45	2
676.451	0	676.451	2	676.451	2
677.452	0	677.452	2	677.452	2
678.452	0	678.452	1	678.452	0
679.453	0	679.453	1	679.453	0
680.454	0	680.454	1	680.454	0
681.454	0	681.454	1	681.454	1
682.455	0	682.455	2	682.455	0
683.456	1	683.456	2	683.456	0
684.456	3	684.456	1	684.456	0
685.457	3	685.457	1	685.457	0
686.458	3	686.458	1	686.458	0
687.458	2	687.458	2	687.458	1
688.459	1	688.459	2	688.459	1
689.46	1	689.46	2	689.46	2
690.46	1	690.46	2	690.46	2
691.461	1	691.461	2	691.461	2
692.462	2	692.462	2	692.462	2
693.462	3	693.462	1	693.462	2
694.463	4	694.463	1	694.463	3
695.464	3	695.464	1	695.464	3
696.464	2	696.464	2	696.464	3
697.465	0	697.465	2	697.465	2
698.466	0	698.466	2	698.466	1
699.466	2	699.466	2	699.466	1
700.467	5	700.467	2	700.467	2
701.468	7	701.468	2	701.468	3
702.468	7	702.468	1	702.468	2
703.469	5	703.469	0	703.469	1
704.47	4	704.47	1	704.47	0
705.47	3	705.47	1	705.47	1
706.471	2	706.471	2	706.471	2
707.472	1	707.472	3	707.472	3
708.472	1	708.472	3	708.472	3
709.473	1	709.473	3	709.473	3
710.474	1	710.474	3	710.474	2
711.474	2	711.474	3	711.474	1
712.475	3	712.475	3	712.475	0
713.476	2	713.476	3	713.476	0
714.476	0	714.476	3	714.476	1
715.477	0	715.477	3	715.477	1
716.478	2	716.478	3	716.478	0
717.478	4	717.478	3	717.478	0
718.479	6	718.479	2	718.479	0
719.48	7	719.48	1	719.48	0
720.48	8	720.48	1	720.48	0
721.481	7	721.481	1	721.481	0
722.482	4	722.482	1	722.482	0
723.482	1	723.482	2	723.482	0
724.483	1	724.483	2	724.483	0
725.484	2	725.484	2	725.484	0
726.484	3	726.484	1	726.484	0
727.485	3	727.485	1	727.485	0
728.486	3	728.486	1	728.486	0
729.486	3	729.486	1	729.486	0
730.487	4	730.487	1	730.487	0
731.488	5	731.488	1	731.488	0
732.488	6	732.488	1	732.488	0
733.489	6	733.489	1	733.489	0
734.49	7	734.49	1	734.49	0
735.49	6	735.49	1	735.49	-1
736.491	5	736.491	1	736.491	-1
737.492	5	737.492	1	737.492	-1
738.492	4	738.492	0	738.492	-2
739.493	4	739.493	0	739.493	-2
740.494	5	740.494	0	740.494	-1
741.494	6	741.494	0	741.494	0
742.495	5	742.495	1	742.495	0
743.496	3	743.496	1	743.496	-1
744.496	2	744.496	1	744.496	-3
745.497	4	745.497	1	745.497	-3
746.498	7	746.498	1	746.498	-4
747.498	8	747.498	1	747.498	-4
748.499	6	748.499	1	748.499	-5
749.5	4	749.5	1	749.5	-4
750.5	3	750.5	0	750.5	-4
751.501	3	751.501	1	751.501	-3
752.502	3	752.502	1	752.502	-3
753.502	4	753.502	1	753.502	-3
754.503	4	754.503	1	754.503	-4
755.504	4	755.504	1	755.504	-4
756.504	3	756.504	1	756.504	-4
757.505	3	757.505	1	757.505	-4
758.506	4	758.506	1	758.506	-4
759.506	6	759.506	1	759.506	-3
760.507	7	760.507	1	760.507	-3
761.508	8	761.508	1	761.508	-2
762.508	7	762.508	1	762.508	-2
763.509	7	763.509	1	763.509	-2
764.51	7	764.51	1	764.51	-3
765.51	3	765.51	1	765.51	-4
766.511	1	766.511	0	766.511	-5
767.512	0	767.512	0	767.512	-5
768.512	0	768.512	0	768.512	-5
769.513	0	769.513	0	769.513	-5
770.514	1	770.514	0	770.514	-5
771.514	2	771.514	0	771.514	-5
772.515	3	772.515	0	772.515	-5
773.516	4	773.516	0	773.516	-6
774.516	5	774.516	0	774.516	-5
775.517	6	775.517	1	775.517	-4
776.518	6	776.518	1	776.518	-3
777.518	5	777.518	1	777.518	-2
778.519	5	778.519	1	778.519	-2
779.52	4	779.52	1	779.52	-1
780.52	4	780.52	1	780.52	-1
781.521	3	781.521	2	781.521	-1
782.522	2	782.522	2	782.522	-1
783.522	2	783.522	2	783.522	-1
784.523	3	784.523	2	784.523	-1
785.524	4	785.524	2	785.524	0
786.524	3	786.524	2	786.524	0
787.525	2	787.525	2	787.525	-1
788.526	2	788.526	2	788.526	-2
789.526	2	789.526	2	789.526	-1
790.527	2	790.527	3	790.527	-1
791.528	2	791.528	3	791.528	0
792.528	3	792.528	2	792.528	0
793.529	5	793.529	2	793.529	-1
794.53	6	794.53	2	794.53	-1
795.53	6	795.53	1	795.53	-1
796.531	5	796.531	1	796.531	-1
797.532	4	797.532	1	797.532	-1
798.532	3	798.532	1	798.532	0
799.533	3	799.533	0	799.533	0
800.534	4	800.534	1	800.534	0
801.534	5	801.534	1	801.534	0
802.535	5	802.535	2	802.535	0
803.536	5	803.536	3	803.536	1
804.536	7	804.536	2	804.536	1
805.537	8	805.537	1	805.537	2
806.538	8	806.538	1	806.538	3
807.538	8	807.538	2	807.538	3
808.539	7	808.539	2	808.539	2
809.54	6	809.54	2	809.54	2
810.54	5	810.54	1	810.54	1
811.541	4	811.541	0	811.541	2
812.542	5	812.542	0	812.542	2
813.542	5	813.542	0	813.542	1
814.543	7	814.543	0	814.543	0
815.544	8	815.544	0	815.544	0
816.544	8	816.544	0	816.544	0
817.545	6	817.545	1	817.545	1
818.546	3	818.546	1	818.546	1
819.546	1	819.546	1	819.546	1
820.547	0	820.547	1	820.547	1
821.548	0	821.548	1	821.548	1
822.548	1	822.548	1	822.548	1
823.549	1	823.549	1	823.549	1
824.55	1	824.55	1	824.55	1
825.55	2	825.55	1	825.55	1
826.551	3	826.551	2	826.551	0
827.552	4	827.552	3	827.552	1
828.552	5	828.552	2	828.552	2
829.553	4	829.553	2	829.553	3
830.554	4	830.554	2	830.554	3
831.554	2	831.554	2	831.554	3
832.555	1	832.555	2	832.555	2
833.556	1	833.556	2	833.556	2
834.556	2	834.556	2	834.556	3
835.557	3	835.557	2	835.557	3
836.558	3	836.558	3	836.558	2
837.558	4	837.558	3	837.558	1
838.559	5	838.559	4	838.559	0
839.56	6	839.56	3	839.56	0
840.56	5	840.56	3	840.56	1
841.561	5	841.561	3	841.561	2
842.562	5	842.562	3	842.562	2
843.562	4	843.562	3	843.562	2
844.563	4	844.563	3	844.563	2
845.564	5	845.564	3	845.564	3
846.564	6	846.564	4	846.564	3
847.565	8	847.565	3	847.565	3
848.566	9	848.566	3	848.566	2
849.566	8	849.566	3	849.566	1
850.567	6	850.567	3	850.567	0
851.568	5	851.568	2	851.568	0
852.568	5	852.568	3	852.568	0
853.569	5	853.569	3	853.569	1
854.57	5	854.57	3	854.57	1
855.57	4	855.57	3	855.57	1
856.571	4	856.571	3	856.571	2
857.572	4	857.572	3	857.572	2
858.572	4	858.572	3	858.572	1
859.573	4	859.573	3	859.573	1
860.574	3	860.574	4	860.574	2
861.574	2	861.574	4	861.574	2
862.575	2	862.575	3	862.575	2
863.576	2	863.576	3	863.576	2
864.576	2	864.576	2	864.576	2
865.577	2	865.577	2	865.577	2
866.578	2	866.578	2	866.578	2
867.578	2	867.578	2	867.578	2
868.579	3	868.579	2	868.579	2
869.58	3	869.58	2	869.58	1
870.58	4	870.58	2	870.58	1
871.581	3	871.581	2	871.581	2
872.582	2	872.582	2	872.582	3
873.582	3	873.582	2	873.582	3
874.583	4	874.583	2	874.583	3
875.584	5	875.584	2	875.584	3
876.584	6	876.584	2	876.584	4
877.585	5	877.585	2	877.585	5
878.586	5	878.586	1	878.586	5
879.586	5	879.586	0	879.586	5
880.587	5	880.587	0	880.587	4
881.588	3	881.588	1	881.588	4
882.588	2	882.588	1	882.588	4
883.589	2	883.589	1	883.589	3
884.59	1	884.59	1	884.59	3
885.59	0	885.59	1	885.59	3
886.591	1	886.591	1	886.591	2
887.592	1	887.592	1	887.592	2
888.592	2	888.592	1	888.592	2
889.593	3	889.593	1	889.593	3
890.594	2	890.594	1	890.594	4
891.594	2	891.594	1	891.594	5
892.595	3	892.595	1	892.595	5
893.596	4	893.596	1	893.596	5
894.596	4	894.596	0	894.596	5
895.597	2	895.597	0	895.597	5
896.598	1	896.598	1	896.598	5
897.598	2	897.598	1	897.598	4
898.599	3	898.599	1	898.599	3
899.6	3	899.6	0	899.6	2
900.6	1	900.6	1	900.6	1
901.601	0	901.601	1	901.601	1
902.602	0	902.602	2	902.602	1
903.602	1	903.602	2	903.602	2
904.603	2	904.603	2	904.603	3
905.604	1	905.604	2	905.604	3
906.604	0	906.604	2	906.604	3
907.605	1	907.605	2	907.605	3
908.606	1	908.606	2	908.606	3
909.606	1	909.606	2	909.606	3
910.607	0	910.607	2	910.607	3
911.608	1	911.608	2	911.608	3
912.608	2	912.608	1	912.608	1
913.609	3	913.609	1	913.609	0
914.61	4	914.61	1	914.61	0
915.61	4	915.61	2	915.61	0
916.611	3	916.611	2	916.611	1
917.612	2	917.612	2	917.612	1
918.612	1	918.612	2	918.612	1
919.613	1	919.613	1	919.613	1
920.614	2	920.614	1	920.614	2
921.614	2	921.614	1	921.614	2
922.615	2	922.615	1	922.615	3
923.616	2	923.616	1	923.616	3
924.616	2	924.616	0	924.616	3
925.617	3	925.617	0	925.617	3
926.618	2	926.618	0	926.618	2
927.618	1	927.618	0	927.618	3
928.619	1	928.619	0	928.619	3
929.62	1	929.62	1	929.62	3
930.62	2	930.62	1	930.62	2
931.621	3	931.621	1	931.621	1
932.622	4	932.622	1	932.622	1
933.622	4	933.622	2	933.622	1
934.623	4	934.623	3	934.623	2
935.624	3	935.624	4	935.624	2
936.624	2	936.624	4	936.624	2
937.625	1	937.625	4	937.625	2
938.626	0	938.626	4	938.626	2
939.626	0	939.626	3	939.626	3
940.627	1	940.627	3	940.627	3
941.628	3	941.628	2	941.628	2
942.628	4	942.628	2	942.628	1
943.629	4	943.629	2	943.629	1
944.63	5	944.63	2	944.63	1
945.63	5	945.63	2	945.63	2
946.631	4	946.631	2	946.631	3
947.632	3	947.632	2	947.632	2
948.632	2	948.632	2	948.632	2
949.633	3	949.633	1	949.633	2
950.634	4	950.634	1	950.634	3
951.634	4	951.634	1	951.634	3
952.635	4	952.635	1	952.635	3
953.636	5	953.636	1	953.636	3
954.636	6	954.636	1	954.636	3
955.637	7	955.637	1	955.637	3
956.638	6	956.638	2	956.638	2
957.638	5	957.638	2	957.638	2
958.639	4	958.639	2	958.639	2
959.64	3	959.64	2	959.64	2
960.64	2	960.64	1	960.64	1
961.641	1	961.641	2	961.641	1
962.642	0	962.642	2	962.642	2
963.642	0	963.642	2	963.642	2
964.643	1	964.643	1	964.643	1
965.644	2	965.644	1	965.644	1
966.644	3	966.644	1	966.644	0
967.645	3	967.645	1	967.645	0
968.646	2	968.646	1	968.646	0
969.646	2	969.646	1	969.646	0
970.647	3	970.647	1	970.647	0
971.648	3	971.648	1	971.648	1
972.648	5	972.648	1	972.648	1
973.649	6	973.649	1	973.649	1
974.65	6	974.65	1	974.65	1
975.65	4	975.65	1	975.65	1
976.651	3	976.651	1	976.651	1
977.652	3	977.652	2	977.652	2
978.652	3	978.652	2	978.652	2
979.653	3	979.653	2	979.653	1
980.654	2	980.654	2	980.654	1
981.654	1	981.654	1	981.654	1
982.655	1	982.655	1	982.655	1
983.656	1	983.656	2	983.656	1
984.656	0	984.656	2	984.656	1
985.657	1	985.657	1	985.657	1
986.658	2	986.658	1	986.658	1
987.658	3	987.658	1	987.658	0
988.659	3	988.659	1	988.659	0
989.66	1	989.66	1	989.66	0
990.66	0	990.66	1	990.66	1
991.661	0	991.661	1	991.661	1
992.662	2	992.662	1	992.662	1
993.662	2	993.662	1	993.662	1
994.663	1	994.663	1	994.663	1
995.664	0	995.664	1	995.664	1
996.664	1	996.664	1	996.664	1
997.665	3	997.665	1	997.665	2
998.666	4	998.666	1	998.666	1
999.666	4	999.666	1	999.666	1
1000.67	4	1000.67	1	1000.67	1
1001.67	4	1001.67	2	1001.67	1
1002.67	5	1002.67	2	1002.67	1
1003.67	6	1003.67	2	1003.67	2
1004.67	7	1004.67	2	1004.67	2
1005.67	7	1005.67	1	1005.67	3
1006.67	6	1006.67	1	1006.67	3
1007.67	6	1007.67	1	1007.67	2
1008.67	5	1008.67	1	1008.67	2
1009.67	4	1009.67	1	1009.67	2
1010.67	4	1010.67	1	1010.67	2
1011.67	3	1011.67	1	1011.67	3
1012.68	4	1012.68	1	1012.68	3
1013.68	4	1013.68	2	1013.68	2
1014.68	3	1014.68	2	1014.68	2
1015.68	4	1015.68	1	1015.68	3
1016.68	4	1016.68	1	1016.68	3
1017.68	4	1017.68	1	1017.68	3
1018.68	4	1018.68	1	1018.68	3
1019.68	4	1019.68	1	1019.68	3
1020.68	4	1020.68	1	1020.68	3
1021.68	4	1021.68	1	1021.68	3
1022.68	4	1022.68	2	1022.68	2
1023.68	4	1023.68	1	1023.68	2
1024.68	4	1024.68	1	1024.68	1
1025.68	4	1025.68	0	1025.68	1
1026.68	3	1026.68	0	1026.68	1
1027.69	2	1027.69	0	1027.69	1
1028.69	0	1028.69	0	1028.69	1
1029.69	0	1029.69	0	1029.69	2
1030.69	0	1030.69	1	1030.69	2
1031.69	0	1031.69	1	1031.69	2
1032.69	1	1032.69	2	1032.69	2
1033.69	1	1033.69	2	1033.69	2
1034.69	2	1034.69	1	1034.69	2
1035.69	3	1035.69	1	1035.69	1
1036.69	4	1036.69	1	1036.69	1
1037.69	6	1037.69	1	1037.69	1
1038.69	6	1038.69	2	1038.69	1
1039.69	7	1039.69	2	1039.69	0
1040.69	6	1040.69	1	1040.69	0
1041.69	6	1041.69	1	1041.69	0
1042.7	5	1042.7	1	1042.7	1
1043.7	3	1043.7	1	1043.7	1
1044.7	2	1044.7	1	1044.7	2
1045.7	1	1045.7	1	1045.7	1
1046.7	2	1046.7	1	1046.7	1
1047.7	4	1047.7	1	1047.7	1
1048.7	5	1048.7	0	1048.7	1
1049.7	5	1049.7	0	1049.7	1
1050.7	4	1050.7	0	1050.7	1
1051.7	3	1051.7	0	1051.7	2
1052.7	2	1052.7	1	1052.7	2
1053.7	2	1053.7	1	1053.7	2
1054.7	3	1054.7	1	1054.7	1
1055.7	4	1055.7	1	1055.7	0
1056.7	5	1056.7	2	1056.7	0
1057.71	6	1057.71	2	1057.71	1
1058.71	7	1058.71	2	1058.71	1
1059.71	7	1059.71	1	1059.71	2
1060.71	7	1060.71	1	1060.71	2
1061.71	6	1061.71	1	1061.71	2
1062.71	6	1062.71	1	1062.71	1
1063.71	6	1063.71	1	1063.71	1
1064.71	5	1064.71	2	1064.71	1
1065.71	3	1065.71	1	1065.71	2
1066.71	3	1066.71	1	1066.71	2
1067.71	3	1067.71	0	1067.71	3
1068.71	4	1068.71	0	1068.71	3
1069.71	4	1069.71	0	1069.71	2
1070.71	3	1070.71	0	1070.71	1
1071.71	2	1071.71	0	1071.71	0
1072.72	1	1072.72	0	1072.72	0
1073.72	0	1073.72	0	1073.72	1
1074.72	0	1074.72	0	1074.72	0
1075.72	0	1075.72	1	1075.72	0
1076.72	1	1076.72	2	1076.72	0
1077.72	1	1077.72	1	1077.72	0
1078.72	1	1078.72	0	1078.72	1
1079.72	0	1079.72	0	1079.72	1
1080.72	1	1080.72	0	1080.72	2
1081.72	2	1081.72	1	1081.72	2
1082.72	2	1082.72	1	1082.72	2
1083.72	3	1083.72	1	1083.72	2
1084.72	2	1084.72	1	1084.72	2
1085.72	3	1085.72	1	1085.72	2
1086.72	3	1086.72	1	1086.72	2
1087.73	4	1087.73	1	1087.73	2
1088.73	3	1088.73	1	1088.73	1
1089.73	2	1089.73	1	1089.73	0
1090.73	1	1090.73	1	1090.73	1
1091.73	1	1091.73	1	1091.73	1
1092.73	1	1092.73	1	1092.73	1
1093.73	1	1093.73	1	1093.73	0
1094.73	0	1094.73	1	1094.73	0
1095.73	1	1095.73	1	1095.73	1
1096.73	2	1096.73	1	1096.73	2
1097.73	3	1097.73	0	1097.73	2
1098.73	3	1098.73	1	1098.73	2
1099.73	2	1099.73	1	1099.73	2
1100.73	1	1100.73	2	1100.73	2
1101.73	0	1101.73	1	1101.73	1
1102.74	1	1102.74	1	1102.74	0
1103.74	1	1103.74	1	1103.74	0
1104.74	1	1104.74	1	1104.74	1
1105.74	1	1105.74	1	1105.74	1
1106.74	1	1106.74	1	1106.74	1
1107.74	1	1107.74	1	1107.74	0
1108.74	1	1108.74	1	1108.74	0
1109.74	1	1109.74	1	1109.74	0
1110.74	0	1110.74	2	1110.74	1
1111.74	0	1111.74	2	1111.74	1
1112.74	0	1112.74	2	1112.74	1
1113.74	1	1113.74	2	1113.74	1
1114.74	2	1114.74	2	1114.74	0
1115.74	2	1115.74	2	1115.74	0
1116.74	2	1116.74	2	1116.74	0
1117.75	2	1117.75	2	1117.75	1
1118.75	1	1118.75	2	1118.75	1
1119.75	1	1119.75	1	1119.75	2
1120.75	2	1120.75	0	1120.75	2
1121.75	2	1121.75	0	1121.75	2
1122.75	1	1122.75	0	1122.75	2
1123.75	1	1123.75	1	1123.75	3
1124.75	1	1124.75	1	1124.75	4
1125.75	1	1125.75	2	1125.75	4
1126.75	2	1126.75	2	1126.75	4
1127.75	3	1127.75	2	1127.75	4
1128.75	3	1128.75	2	1128.75	4
1129.75	2	1129.75	3	1129.75	4
1130.75	2	1130.75	3	1130.75	3
1131.75	2	1131.75	3	1131.75	2
1132.76	1	1132.76	2	1132.76	1
1133.76	1	1133.76	1	1133.76	1
1134.76	1	1134.76	1	1134.76	2
1135.76	2	1135.76	1	1135.76	1
1136.76	3	1136.76	0	1136.76	1
1137.76	2	1137.76	0	1137.76	0
1138.76	1	1138.76	0	1138.76	0
1139.76	0	1139.76	1	1139.76	0
1140.76	0	1140.76	1	1140.76	1
1141.76	0	1141.76	0	1141.76	1
1142.76	0	1142.76	0	1142.76	1
1143.76	0	1143.76	0	1143.76	1
1144.76	1	1144.76	0	1144.76	0
1145.76	6	1145.76	0	1145.76	1
1146.76	12	1146.76	0	1146.76	1
1147.77	16	1147.77	0	1147.77	2
1148.77	17	1148.77	1	1148.77	2
1149.77	14	1149.77	1	1149.77	1
1150.77	13	1150.77	1	1150.77	0
1151.77	13	1151.77	2	1151.77	0
1152.77	14	1152.77	3	1152.77	0
1153.77	14	1153.77	3	1153.77	2
1154.77	14	1154.77	3	1154.77	2
1155.77	15	1155.77	2	1155.77	3
1156.77	15	1156.77	2	1156.77	2
1157.77	14	1157.77	1	1157.77	1
1158.77	13	1158.77	0	1158.77	0
1159.77	12	1159.77	0	1159.77	0
1160.77	12	1160.77	0	1160.77	1
1161.77	12	1161.77	0	1161.77	1
1162.78	12	1162.78	0	1162.78	1
1163.78	11	1163.78	1	1163.78	0
1164.78	11	1164.78	1	1164.78	0
1165.78	12	1165.78	0	1165.78	0
1166.78	13	1166.78	0	1166.78	1
1167.78	14	1167.78	0	1167.78	2
1168.78	15	1168.78	0	1168.78	2
1169.78	15	1169.78	1	1169.78	2
1170.78	15	1170.78	2	1170.78	1
1171.78	14	1171.78	2	1171.78	1
1172.78	13	1172.78	3	1172.78	2
1173.78	12	1173.78	3	1173.78	2
1174.78	12	1174.78	3	1174.78	2
1175.78	13	1175.78	3	1175.78	3
1176.78	14	1176.78	3	1176.78	3
1177.79	13	1177.79	3	1177.79	3
1178.79	13	1178.79	3	1178.79	2
1179.79	14	1179.79	3	1179.79	3
1180.79	15	1180.79	4	1180.79	3
1181.79	17	1181.79	5	1181.79	3
1182.79	18	1182.79	6	1182.79	4
1183.79	18	1183.79	7	1183.79	7
1184.79	18	1184.79	9	1184.79	9
1185.79	20	1185.79	11	1185.79	11
1186.79	23	1186.79	14	1186.79	14
1187.79	26	1187.79	19	1187.79	18
1188.79	31	1188.79	23	1188.79	22
1189.79	39	1189.79	27	1189.79	27
1190.79	48	1190.79	36	1190.79	34
1191.79	61	1191.79	51	1191.79	46
1192.8	90	1192.8	94	1192.8	74
1193.8	170	1193.8	214	1193.8	153
1194.8	376	1194.8	501	1194.8	361
1195.8	794	1195.8	1027	1195.8	787
1196.8	1435	1196.8	1730	1196.8	1435
1197.8	2131	1197.8	2351	1197.8	2131
1198.8	2567	1198.8	2566	1198.8	2566
1199.8	2506	1199.8	2253	1199.8	2519
1200.8	1996	1200.8	1612	1200.8	2035
1201.8	1326	1201.8	974	1201.8	1384
1202.8	777	1202.8	545	1202.8	834
1203.8	456	1203.8	334	1203.8	493
1204.8	317	1204.8	257	1204.8	329
1205.8	273	1205.8	241	1205.8	270
1206.8	270	1206.8	246	1206.8	260
1207.81	281	1207.81	254	1207.81	270
1208.81	289	1208.81	256	1208.81	280
1209.81	289	1209.81	257	1209.81	283
1210.81	285	1210.81	254	1210.81	280
1211.81	286	1211.81	251	1211.81	280
1212.81	297	1212.81	256	1212.81	290
1213.81	318	1213.81	270	1213.81	335
1214.81	338	1214.81	288	1214.81	349
1215.81	346	1215.81	300	1215.81	344
1216.81	334	1216.81	301	1216.81	325
1217.81	309	1217.81	289	1217.81	295
1218.81	275	1218.81	268	1218.81	260
1219.81	239	1219.81	239	1219.81	223
1220.81	203	1220.81	204	1220.81	186
1221.81	169	1221.81	166	1221.81	151
1222.82	138	1222.82	130	1222.82	121
1223.82	111	1223.82	101	1223.82	96
1224.82	91	1224.82	81	1224.82	79
1225.82	76	1225.82	68	1225.82	67
1226.82	66	1226.82	59	1226.82	60
1227.82	59	1227.82	54	1227.82	55
1228.82	55	1228.82	52	1228.82	51
1229.82	53	1229.82	51	1229.82	50
1230.82	53	1230.82	50	1230.82	50
1231.82	53	1231.82	49	1231.82	49
1232.82	51	1232.82	47	1232.82	46
1233.82	48	1233.82	44	1233.82	43
1234.82	44	1234.82	39	1234.82	39
1235.82	40	1235.82	35	1235.82	34
1236.82	36	1236.82	32	1236.82	32
1237.83	35	1237.83	31	1237.83	31
1238.83	37	1238.83	32	1238.83	33
1239.83	40	1239.83	35	1239.83	36
1240.83	43	1240.83	37	1240.83	38
1241.83	44	1241.83	37	1241.83	39
1242.83	42	1242.83	35	1242.83	38
1243.83	38	1243.83	30	1243.83	31
1244.83	34	1244.83	26	1244.83	27
1245.83	30	1245.83	23	1245.83	23
1246.83	28	1246.83	20	1246.83	0
1247.83	25	1247.83	18	1247.83	-3
1248.83	23	1248.83	17	1248.83	-4
1249.83	22	1249.83	16	1249.83	-5
1250.83	20	1250.83	15	1250.83	-7
1251.83	18	1251.83	15	1251.83	-8
1252.84	15	1252.84	13	1252.84	-9
1253.84	13	1253.84	12	1253.84	-10
1254.84	0	1254.84	11	1254.84	-11
1255.84	0	1255.84	10	1255.84	-11
1256.84	-1	1256.84	10	1256.84	-10
1257.84	-2	1257.84	0	1257.84	-9
1258.84	-2	1258.84	0	1258.84	-7
1259.84	-3	1259.84	0	1259.84	-5
1260.84	-2	1260.84	-1	1260.84	-3
1261.84	-4	1261.84	-1	1261.84	-1
1262.84	-5	1262.84	-1	1262.84	0
1263.84	-6	1263.84	-2	1263.84	0
1264.84	-5	1264.84	-2	1264.84	0
1265.84	-5	1265.84	-3	1265.84	-1
1266.84	-5	1266.84	-3	1266.84	-2
1267.85	-6	1267.85	-3	1267.85	-2
1268.85	-8	1268.85	-3	1268.85	-2
1269.85	-8	1269.85	-3	1269.85	-1
1270.85	-8	1270.85	-4	1270.85	-1
1271.85	-7	1271.85	-5	1271.85	-2
1272.85	-6	1272.85	-5	1272.85	-2
1273.85	-6	1273.85	-4	1273.85	-2
1274.85	-6	1274.85	-4	1274.85	-3
1275.85	-6	1275.85	-4	1275.85	-3
1276.85	-6	1276.85	-4	1276.85	-4
1277.85	-5	1277.85	-4	1277.85	-4
1278.85	-4	1278.85	-4	1278.85	-3
1279.85	-3	1279.85	-3	1279.85	-2
1280.85	-3	1280.85	-2	1280.85	-2
1281.85	-3	1281.85	-2	1281.85	-1
1282.86	-3	1282.86	-2	1282.86	-1
1283.86	-2	1283.86	-2	1283.86	0
1284.86	-1	1284.86	-2	1284.86	0
1285.86	-1	1285.86	-2	1285.86	0
1286.86	0	1286.86	-2	1286.86	0
1287.86	0	1287.86	-2	1287.86	0
1288.86	0	1288.86	-2	1288.86	1
1289.86	-1	1289.86	-2	1289.86	1
1290.86	-2	1290.86	-2	1290.86	1
1291.86	-3	1291.86	-2	1291.86	1
1292.86	-2	1292.86	-2	1292.86	1
1293.86	-2	1293.86	-2	1293.86	3
1294.86	-1	1294.86	-1	1294.86	5
1295.86	0	1295.86	0	1295.86	7
1296.86	2	1296.86	1	1296.86	8
1297.87	3	1297.87	1	1297.87	8
1298.87	3	1298.87	1	1298.87	8
1299.87	3	1299.87	1	1299.87	7
1300.87	3	1300.87	1	1300.87	7
1301.87	4	1301.87	1	1301.87	8
1302.87	4	1302.87	1	1302.87	9
1303.87	4	1303.87	0	1303.87	9
1304.87	3	1304.87	0	1304.87	8
1305.87	3	1305.87	0	1305.87	9
1306.87	2	1306.87	0	1306.87	9
1307.87	2	1307.87	0	1307.87	10
1308.87	1	1308.87	0	1308.87	11
1309.87	2	1309.87	0	1309.87	11
1310.87	3	1310.87	0	1310.87	11
1311.87	4	1311.87	-1	1311.87	10
1312.88	4	1312.88	-1	1312.88	10
1313.88	3	1313.88	-1	1313.88	9
1314.88	3	1314.88	-1	1314.88	9
1315.88	4	1315.88	-1	1315.88	8
1316.88	5	1316.88	0	1316.88	7
1317.88	5	1317.88	0	1317.88	7
1318.88	4	1318.88	0	1318.88	6
1319.88	3	1319.88	0	1319.88	6
1320.88	1	1320.88	0	1320.88	5
1321.88	0	1321.88	0	1321.88	5
1322.88	1	1322.88	0	1322.88	6
1323.88	2	1323.88	0	1323.88	7
1324.88	3	1324.88	0	1324.88	7
1325.88	2	1325.88	0	1325.88	6
1326.88	1	1326.88	-1	1326.88	5
1327.89	2	1327.89	-1	1327.89	5
1328.89	2	1328.89	-1	1328.89	5
1329.89	2	1329.89	-1	1329.89	5
1330.89	1	1330.89	-1	1330.89	4
1331.89	0	1331.89	-2	1331.89	4
1332.89	0	1332.89	-2	1332.89	3
1333.89	-1	1333.89	-2	1333.89	3
1334.89	-1	1334.89	-2	1334.89	3
1335.89	-2	1335.89	-1	1335.89	3
1336.89	-2	1336.89	-1	1336.89	4
1337.89	-2	1337.89	-1	1337.89	5
1338.89	0	1338.89	-1	1338.89	5
1339.89	0	1339.89	-1	1339.89	5
1340.89	0	1340.89	-1	1340.89	5
1341.89	0	1341.89	-1	1341.89	4
1342.9	-1	1342.9	-1	1342.9	3
1343.9	-1	1343.9	-1	1343.9	3
1344.9	0	1344.9	-1	1344.9	4
1345.9	1	1345.9	-1	1345.9	5
1346.9	3	1346.9	-2	1346.9	5
1347.9	4	1347.9	-2	1347.9	4
1348.9	5	1348.9	-2	1348.9	4
1349.9	5	1349.9	-2	1349.9	4
1350.9	5	1350.9	-1	1350.9	4
1351.9	5	1351.9	0	1351.9	4
1352.9	5	1352.9	0	1352.9	5
1353.9	5	1353.9	0	1353.9	6
1354.9	5	1354.9	-1	1354.9	7
1355.9	6	1355.9	0	1355.9	8
1356.9	6	1356.9	2	1356.9	10
1357.91	7	1357.91	3	1357.91	11
1358.91	7	1358.91	3	1358.91	12
1359.91	9	1359.91	3	1359.91	13
1360.91	11	1360.91	3	1360.91	13
1361.91	12	1361.91	3	1361.91	15
1362.91	13	1362.91	3	1362.91	16
1363.91	13	1363.91	4	1363.91	15
1364.91	14	1364.91	5	1364.91	16
1365.91	16	1365.91	6	1365.91	17
1366.91	18	1366.91	7	1366.91	18
1367.91	18	1367.91	7	1367.91	19
1368.91	18	1368.91	7	1368.91	21
1369.91	19	1369.91	8	1369.91	22
1370.91	21	1370.91	9	1370.91	25
1371.91	24	1371.91	10	1371.91	27
1372.92	26	1372.92	11	1372.92	28
1373.92	28	1373.92	12	1373.92	30
1374.92	31	1374.92	13	1374.92	31
1375.92	33	1375.92	14	1375.92	32
1376.92	36	1376.92	16	1376.92	34
1377.92	37	1377.92	18	1377.92	36
1378.92	39	1378.92	19	1378.92	38
1379.92	42	1379.92	21	1379.92	40
1380.92	46	1380.92	22	1380.92	43
1381.92	50	1381.92	24	1381.92	46
1382.92	53	1382.92	25	1382.92	50
1383.92	56	1383.92	27	1383.92	55
1384.92	66	1384.92	29	1384.92	61
1385.92	72	1385.92	31	1385.92	71
1386.92	77	1386.92	33	1386.92	84
1387.93	82	1387.93	34	1387.93	97
1388.93	88	1388.93	38	1388.93	108
1389.93	93	1389.93	41	1389.93	114
1390.93	98	1390.93	45	1390.93	116
1391.93	104	1391.93	48	1391.93	115
1392.93	111	1392.93	52	1392.93	116
1393.93	121	1393.93	56	1393.93	118
1394.93	131	1394.93	60	1394.93	120
1395.93	139	1395.93	64	1395.93	123
1396.93	147	1396.93	68	1396.93	126
1397.93	156	1397.93	72	1397.93	130
1398.93	166	1398.93	76	1398.93	135
1399.93	175	1399.93	81	1399.93	141
1400.93	183	1400.93	86	1400.93	146
1401.93	193	1401.93	92	1401.93	152
1402.94	203	1402.94	97	1402.94	157
1403.94	214	1403.94	102	1403.94	164
1404.94	224	1404.94	108	1404.94	171
1405.94	235	1405.94	113	1405.94	179
1406.94	246	1406.94	116	1406.94	187
1407.94	256	1407.94	119	1407.94	195
1408.94	264	1408.94	125	1408.94	204
1409.94	275	1409.94	131	1409.94	214
1410.94	290	1410.94	136	1410.94	224
1411.94	306	1411.94	142	1411.94	234
1412.94	322	1412.94	148	1412.94	246
1413.94	338	1413.94	156	1413.94	258
1414.94	357	1414.94	164	1414.94	272
1415.94	378	1415.94	171	1415.94	287
1416.94	400	1416.94	180	1416.94	305
1417.95	422	1417.95	189	1417.95	324
1418.95	447	1418.95	199	1418.95	346
1419.95	475	1419.95	209	1419.95	368
1420.95	507	1420.95	221	1420.95	391
1421.95	541	1421.95	235	1421.95	440
1422.95	576	1422.95	249	1422.95	467
1423.95	613	1423.95	265	1423.95	497
1424.95	654	1424.95	282	1424.95	527
1425.95	696	1425.95	301	1425.95	558
1426.95	742	1426.95	312	1426.95	589
1427.95	789	1427.95	322	1427.95	619
1428.95	836	1428.95	346	1428.95	648
1429.95	882	1429.95	371	1429.95	676
1430.95	926	1430.95	397	1430.95	703
1431.95	969	1431.95	422	1431.95	729
1432.96	1013	1432.96	448	1432.96	753
1433.96	1058	1433.96	476	1433.96	774
1434.96	1102	1434.96	503	1434.96	791
1435.96	1142	1435.96	530	1435.96	805
1436.96	1177	1436.96	554	1436.96	816
1437.96	1209	1437.96	576	1437.96	826
1438.96	1237	1438.96	598	1438.96	835
1439.96	1263	1439.96	619	1439.96	842
1440.96	1283	1440.96	639	1440.96	846
1441.96	1298	1441.96	657	1441.96	845
1442.96	1308	1442.96	673	1442.96	841
1443.96	1316	1443.96	685	1443.96	836
1444.96	1322	1444.96	694	1444.96	830
1445.96	1323	1445.96	700	1445.96	823
1446.96	1319	1446.96	703	1446.96	812
1447.97	1310	1447.97	705	1447.97	797
1448.97	1297	1448.97	708	1448.97	779
1449.97	1280	1449.97	707	1449.97	761
1450.97	1262	1450.97	703	1450.97	722
1451.97	1242	1451.97	699	1451.97	700
1452.97	1220	1452.97	691	1452.97	677
1453.97	1193	1453.97	679	1453.97	653
1454.97	1161	1454.97	665	1454.97	633
1455.97	1128	1455.97	650	1455.97	613
1456.97	1097	1456.97	634	1456.97	594
1457.97	1066	1457.97	618	1457.97	572
1458.97	1035	1458.97	600	1458.97	550
1459.97	1001	1459.97	580	1459.97	527
1460.97	967	1460.97	560	1460.97	506
1461.97	933	1461.97	540	1461.97	487
1462.98	903	1462.98	519	1462.98	468
1463.98	874	1463.98	498	1463.98	450
1464.98	844	1464.98	478	1464.98	432
1465.98	812	1465.98	469	1465.98	414
1466.98	779	1466.98	460	1466.98	397
1467.98	746	1467.98	442	1467.98	380
1468.98	714	1468.98	423	1468.98	365
1469.98	684	1469.98	405	1469.98	351
1470.98	654	1470.98	387	1470.98	337
1471.98	627	1471.98	370	1471.98	322
1472.98	602	1472.98	352	1472.98	306
1473.98	578	1473.98	334	1473.98	290
1474.98	555	1474.98	318	1474.98	276
1475.98	531	1475.98	303	1475.98	264
1476.98	505	1476.98	287	1476.98	254
1477.99	480	1477.99	273	1477.99	244
1478.99	458	1478.99	260	1478.99	233
1479.99	437	1479.99	248	1479.99	223
1480.99	418	1480.99	236	1480.99	205
1481.99	400	1481.99	223	1481.99	197
1482.99	383	1482.99	212	1482.99	187
1483.99	366	1483.99	201	1483.99	178
1484.99	350	1484.99	192	1484.99	170
1485.99	334	1485.99	188	1485.99	164
1486.99	320	1486.99	183	1486.99	160
1487.99	304	1487.99	174	1487.99	156
1488.99	288	1488.99	166	1488.99	152
1489.99	271	1489.99	157	1489.99	146
1490.99	257	1490.99	148	1490.99	140
1491.99	244	1491.99	139	1491.99	133
1493	234	1493	133	1493	126
1494	226	1494	127	1494	121
1495	217	1495	122	1495	117
1496	206	1496	116	1496	115
1497	193	1497	109	1497	115
1498	182	1498	103	1498	117
1499	172	1499	98	1499	119
1500	165	1500	93	1500	119
1501	158	1501	89	1501	118
1502	150	1502	85	1502	114
1503	142	1503	81	1503	108
1504	133	1504	78	1504	102
1505	126	1505	75	1505	96
1506	119	1506	73	1506	90
1507	114	1507	72	1507	85
1508.01	105	1508.01	69	1508.01	81
1509.01	100	1509.01	67	1509.01	78
1510.01	95	1510.01	65	1510.01	76
1511.01	88	1511.01	64	1511.01	75
1512.01	82	1512.01	63	1512.01	74
1513.01	79	1513.01	61	1513.01	73
1514.01	75	1514.01	60	1514.01	73
1515.01	71	1515.01	58	1515.01	73
1516.01	67	1516.01	57	1516.01	73
1517.01	64	1517.01	56	1517.01	74
1518.01	61	1518.01	56	1518.01	74
1519.01	59	1519.01	56	1519.01	75
1520.01	56	1520.01	56	1520.01	75
1521.01	54	1521.01	56	1521.01	76
1522.01	52	1522.01	55	1522.01	77
1523.02	50	1523.02	55	1523.02	77
1524.02	47	1524.02	56	1524.02	77
1525.02	45	1525.02	56	1525.02	77
1526.02	43	1526.02	57	1526.02	78
1527.02	42	1527.02	57	1527.02	80
1528.02	40	1528.02	58	1528.02	81
1529.02	38	1529.02	59	1529.02	83
1530.02	35	1530.02	60	1530.02	85
1531.02	33	1531.02	61	1531.02	85
1532.02	31	1532.02	62	1532.02	86
1533.02	31	1533.02	62	1533.02	87
1534.02	30	1534.02	63	1534.02	88
1535.02	30	1535.02	64	1535.02	90
1536.02	29	1536.02	65	1536.02	92
1537.02	27	1537.02	66	1537.02	95
1538.03	26	1538.03	67	1538.03	98
1539.03	25	1539.03	69	1539.03	99
1540.03	23	1540.03	70	1540.03	99
1541.03	23	1541.03	71	1541.03	98
1542.03	24	1542.03	72	1542.03	98
1543.03	24	1543.03	73	1543.03	99
1544.03	23	1544.03	74	1544.03	99
1545.03	22	1545.03	74	1545.03	99
1546.03	21	1546.03	74	1546.03	99
1547.03	22	1547.03	75	1547.03	100
1548.03	22	1548.03	75	1548.03	101
1549.03	22	1549.03	74	1549.03	102
1550.03	21	1550.03	73	1550.03	102
1551.03	19	1551.03	73	1551.03	102
1552.03	19	1552.03	73	1552.03	101
1553.04	19	1553.04	73	1553.04	101
1554.04	18	1554.04	73	1554.04	102
1555.04	18	1555.04	73	1555.04	102
1556.04	16	1556.04	72	1556.04	102
1557.04	14	1557.04	70	1557.04	101
1558.04	12	1558.04	69	1558.04	99
1559.04	11	1559.04	68	1559.04	98
1560.04	11	1560.04	67	1560.04	98
1561.04	11	1561.04	66	1561.04	99
1562.04	13	1562.04	65	1562.04	99
1563.04	15	1563.04	64	1563.04	98
1564.04	17	1564.04	63	1564.04	97
1565.04	18	1565.04	62	1565.04	96
1566.04	18	1566.04	61	1566.04	95
1567.04	18	1567.04	60	1567.04	94
1568.05	18	1568.05	59	1568.05	93
1569.05	16	1569.05	58	1569.05	91
1570.05	15	1570.05	57	1570.05	88
1571.05	14	1571.05	56	1571.05	87
1572.05	13	1572.05	56	1572.05	87
1573.05	12	1573.05	54	1573.05	87
1574.05	13	1574.05	53	1574.05	86
1575.05	13	1575.05	52	1575.05	85
1576.05	13	1576.05	50	1576.05	85
1577.05	13	1577.05	49	1577.05	84
1578.05	13	1578.05	49	1578.05	84
1579.05	12	1579.05	48	1579.05	82
1580.05	12	1580.05	47	1580.05	80
1581.05	14	1581.05	46	1581.05	77
1582.05	15	1582.05	45	1582.05	75
1583.06	14	1583.06	44	1583.06	74
1584.06	14	1584.06	43	1584.06	74
1585.06	15	1585.06	42	1585.06	74
1586.06	16	1586.06	41	1586.06	73
1587.06	16	1587.06	40	1587.06	71
1588.06	17	1588.06	39	1588.06	69
1589.06	17	1589.06	39	1589.06	68
1590.06	18	1590.06	38	1590.06	66
1591.06	18	1591.06	37	1591.06	66
1592.06	17	1592.06	36	1592.06	67
1593.06	16	1593.06	35	1593.06	67
1594.06	16	1594.06	35	1594.06	67
1595.06	17	1595.06	34	1595.06	67
1596.06	18	1596.06	34	1596.06	66
1597.06	18	1597.06	33	1597.06	65
1598.07	18	1598.07	32	1598.07	65
1599.07	19	1599.07	31	1599.07	65
1600.07	20	1600.07	31	1600.07	64
1601.07	22	1601.07	31	1601.07	63
1602.07	23	1602.07	31	1602.07	62
1603.07	24	1603.07	31	1603.07	62
1604.07	25	1604.07	31	1604.07	62
1605.07	26	1605.07	30	1605.07	61
1606.07	28	1606.07	30	1606.07	61
1607.07	30	1607.07	30	1607.07	61
1608.07	33	1608.07	29	1608.07	61
1609.07	35	1609.07	28	1609.07	60
1610.07	36	1610.07	28	1610.07	60
1611.07	37	1611.07	28	1611.07	59
1612.07	38	1612.07	28	1612.07	59
1613.08	39	1613.08	28	1613.08	59
1614.08	41	1614.08	27	1614.08	60
1615.08	44	1615.08	27	1615.08	61
1616.08	47	1616.08	28	1616.08	61
1617.08	50	1617.08	29	1617.08	62
1618.08	52	1618.08	29	1618.08	62
1619.08	53	1619.08	29	1619.08	62
1620.08	54	1620.08	29	1620.08	64
1621.08	55	1621.08	30	1621.08	65
1622.08	56	1622.08	30	1622.08	65
1623.08	58	1623.08	31	1623.08	65
1624.08	62	1624.08	31	1624.08	66
1625.08	64	1625.08	31	1625.08	68
1626.08	66	1626.08	31	1626.08	71
1627.08	68	1627.08	31	1627.08	74
1628.09	72	1628.09	33	1628.09	77
1629.09	77	1629.09	34	1629.09	79
1630.09	81	1630.09	35	1630.09	78
1631.09	84	1631.09	36	1631.09	76
1632.09	88	1632.09	37	1632.09	73
1633.09	91	1633.09	37	1633.09	72
1634.09	94	1634.09	37	1634.09	71
1635.09	98	1635.09	38	1635.09	71
1636.09	102	1636.09	38	1636.09	70
1637.09	106	1637.09	39	1637.09	70
1638.09	108	1638.09	40	1638.09	69
1639.09	111	1639.09	42	1639.09	68
1640.09	114	1640.09	44	1640.09	69
1641.09	116	1641.09	45	1641.09	69
1642.09	118	1642.09	45	1642.09	69
1643.1	119	1643.1	45	1643.1	67
1644.1	121	1644.1	46	1644.1	66
1645.1	125	1645.1	46	1645.1	67
1646.1	128	1646.1	46	1646.1	67
1647.1	131	1647.1	47	1647.1	67
1648.1	133	1648.1	46	1648.1	67
1649.1	135	1649.1	46	1649.1	67
1650.1	137	1650.1	47	1650.1	66
1651.1	137	1651.1	48	1651.1	65
1652.1	138	1652.1	49	1652.1	65
1653.1	139	1653.1	49	1653.1	64
1654.1	140	1654.1	49	1654.1	63
1655.1	140	1655.1	49	1655.1	63
1656.1	141	1656.1	50	1656.1	62
1657.1	142	1657.1	50	1657.1	63
1658.11	143	1658.11	50	1658.11	64
1659.11	145	1659.11	50	1659.11	64
1660.11	147	1660.11	49	1660.11	63
1661.11	148	1661.11	49	1661.11	62
1662.11	148	1662.11	49	1662.11	63
1663.11	148	1663.11	49	1663.11	63
1664.11	148	1664.11	49	1664.11	64
1665.11	147	1665.11	49	1665.11	63
1666.11	146	1666.11	49	1666.11	63
1667.11	145	1667.11	50	1667.11	63
1668.11	145	1668.11	49	1668.11	64
1669.11	147	1669.11	49	1669.11	65
1670.11	149	1670.11	49	1670.11	66
1671.11	151	1671.11	48	1671.11	66
1672.11	152	1672.11	48	1672.11	67
1673.12	153	1673.12	48	1673.12	69
1674.12	153	1674.12	49	1674.12	71
1675.12	152	1675.12	49	1675.12	72
1676.12	152	1676.12	49	1676.12	73
1677.12	153	1677.12	49	1677.12	75
1678.12	154	1678.12	49	1678.12	76
1679.12	156	1679.12	49	1679.12	75
1680.12	156	1680.12	50	1680.12	74
1681.12	157	1681.12	50	1681.12	74
1682.12	158	1682.12	49	1682.12	73
1683.12	159	1683.12	48	1683.12	72
1684.12	161	1684.12	47	1684.12	72
1685.12	161	1685.12	47	1685.12	71
1686.12	160	1686.12	49	1686.12	71
1687.12	159	1687.12	50	1687.12	70
1688.13	160	1688.13	50	1688.13	70
1689.13	162	1689.13	49	1689.13	72
1690.13	163	1690.13	49	1690.13	73
1691.13	165	1691.13	50	1691.13	74
1692.13	167	1692.13	50	1692.13	74
1693.13	170	1693.13	51	1693.13	73
1694.13	173	1694.13	51	1694.13	72
1695.13	177	1695.13	51	1695.13	72
1696.13	179	1696.13	51	1696.13	73
1697.13	181	1697.13	52	1697.13	74
1698.13	183	1698.13	52	1698.13	75
1699.13	186	1699.13	53	1699.13	76
1700.13	187	1700.13	53	1700.13	77
1701.13	186	1701.13	53	1701.13	77
1702.13	185	1702.13	53	1702.13	76
1703.14	185	1703.14	53	1703.14	75
1704.14	186	1704.14	53	1704.14	74
1705.14	187	1705.14	54	1705.14	73
1706.14	187	1706.14	54	1706.14	73
1707.14	189	1707.14	55	1707.14	75
1708.14	190	1708.14	56	1708.14	76
1709.14	190	1709.14	56	1709.14	75
1710.14	192	1710.14	57	1710.14	74
1711.14	193	1711.14	58	1711.14	73
1712.14	194	1712.14	59	1712.14	72
1713.14	194	1713.14	60	1713.14	72
1714.14	194	1714.14	61	1714.14	72
1715.14	195	1715.14	62	1715.14	71
1716.14	196	1716.14	62	1716.14	71
1717.14	197	1717.14	62	1717.14	70
1718.15	198	1718.15	61	1718.15	70
1719.15	198	1719.15	59	1719.15	69
1720.15	197	1720.15	58	1720.15	68
1721.15	196	1721.15	58	1721.15	68
1722.15	194	1722.15	60	1722.15	67
1723.15	191	1723.15	61	1723.15	67
1724.15	188	1724.15	61	1724.15	68
1725.15	187	1725.15	61	1725.15	69
1726.15	185	1726.15	61	1726.15	69
1727.15	183	1727.15	60	1727.15	68
1728.15	181	1728.15	60	1728.15	68
1729.15	179	1729.15	59	1729.15	67
1730.15	178	1730.15	59	1730.15	67
1731.15	178	1731.15	60	1731.15	66
1732.15	176	1732.15	60	1732.15	66
1733.16	175	1733.16	61	1733.16	66
1734.16	174	1734.16	60	1734.16	66
1735.16	173	1735.16	59	1735.16	66
1736.16	173	1736.16	58	1736.16	67
1737.16	171	1737.16	59	1737.16	68
1738.16	170	1738.16	60	1738.16	69
1739.16	169	1739.16	60	1739.16	69
1740.16	168	1740.16	59	1740.16	68
1741.16	167	1741.16	58	1741.16	68
1742.16	164	1742.16	57	1742.16	68
1743.16	160	1743.16	57	1743.16	67
1744.16	157	1744.16	57	1744.16	65
1745.16	155	1745.16	57	1745.16	64
1746.16	153	1746.16	56	1746.16	63
1747.16	151	1747.16	56	1747.16	63
1748.17	150	1748.17	55	1748.17	64
1749.17	148	1749.17	55	1749.17	65
1750.17	146	1750.17	54	1750.17	65
1751.17	145	1751.17	53	1751.17	65
1752.17	144	1752.17	52	1752.17	65
1753.17	144	1753.17	53	1753.17	64
1754.17	143	1754.17	54	1754.17	63
1755.17	140	1755.17	54	1755.17	62
1756.17	134	1756.17	54	1756.17	60
1757.17	131	1757.17	53	1757.17	60
1758.17	129	1758.17	52	1758.17	60
1759.17	127	1759.17	52	1759.17	61
1760.17	125	1760.17	52	1760.17	61
1761.17	123	1761.17	52	1761.17	60
1762.17	119	1762.17	51	1762.17	59
1763.18	116	1763.18	51	1763.18	58
1764.18	116	1764.18	51	1764.18	58
1765.18	116	1765.18	51	1765.18	57
1766.18	115	1766.18	51	1766.18	58
1767.18	112	1767.18	50	1767.18	59
1768.18	110	1768.18	49	1768.18	60
1769.18	107	1769.18	48	1769.18	61
1770.18	105	1770.18	49	1770.18	62
1771.18	104	1771.18	49	1771.18	62
1772.18	104	1772.18	49	1772.18	62
1773.18	103	1773.18	49	1773.18	63
1774.18	101	1774.18	48	1774.18	63
1775.18	98	1775.18	47	1775.18	64
1776.18	95	1776.18	47	1776.18	64
1777.18	94	1777.18	46	1777.18	62
1778.19	93	1778.19	46	1778.19	57
1779.19	92	1779.19	46	1779.19	55
1780.19	89	1780.19	46	1780.19	55
1781.19	86	1781.19	46	1781.19	55
1782.19	84	1782.19	45	1782.19	55
1783.19	82	1783.19	44	1783.19	54
1784.19	80	1784.19	44	1784.19	54
1785.19	79	1785.19	43	1785.19	54
1786.19	77	1786.19	42	1786.19	55
1787.19	74	1787.19	42	1787.19	56
1788.19	70	1788.19	42	1788.19	56
1789.19	68	1789.19	42	1789.19	56
1790.19	66	1790.19	42	1790.19	56
1791.19	64	1791.19	42	1791.19	56
1792.19	63	1792.19	42	1792.19	56
1793.2	62	1793.2	42	1793.2	55
1794.2	60	1794.2	42	1794.2	54
1795.2	59	1795.2	42	1795.2	54
1796.2	58	1796.2	42	1796.2	55
1797.2	57	1797.2	42	1797.2	55
1798.2	56	1798.2	41	1798.2	56
1799.2	57	1799.2	41	1799.2	57
1800.2	57	1800.2	40	1800.2	57
1801.2	56	1801.2	40	1801.2	56
1802.2	55	1802.2	40	1802.2	55
1803.2	55	1803.2	40	1803.2	53
1804.2	54	1804.2	40	1804.2	53
1805.2	52	1805.2	40	1805.2	53
1806.2	51	1806.2	39	1806.2	52
1807.2	49	1807.2	38	1807.2	52
1808.21	48	1808.21	37	1808.21	49
1809.21	47	1809.21	37	1809.21	48
1810.21	45	1810.21	37	1810.21	48
1811.21	44	1811.21	37	1811.21	49
1812.21	43	1812.21	37	1812.21	49
1813.21	43	1813.21	38	1813.21	50
1814.21	41	1814.21	38	1814.21	50
1815.21	40	1815.21	38	1815.21	49
1816.21	39	1816.21	38	1816.21	48
1817.21	38	1817.21	37	1817.21	48
1818.21	39	1818.21	36	1818.21	48
1819.21	40	1819.21	35	1819.21	48
1820.21	41	1820.21	35	1820.21	48
1821.21	41	1821.21	35	1821.21	47
1822.21	42	1822.21	35	1822.21	46
1823.22	43	1823.22	35	1823.22	45
1824.22	42	1824.22	35	1824.22	45
1825.22	40	1825.22	34	1825.22	43
1826.22	38	1826.22	34	1826.22	43
1827.22	38	1827.22	34	1827.22	43
1828.22	37	1828.22	34	1828.22	43
1829.22	36	1829.22	34	1829.22	43
1830.22	36	1830.22	34	1830.22	43
1831.22	37	1831.22	33	1831.22	43
1832.22	39	1832.22	33	1832.22	42
1833.22	40	1833.22	33	1833.22	41
1834.22	41	1834.22	33	1834.22	41
1835.22	40	1835.22	33	1835.22	41
1836.22	38	1836.22	32	1836.22	41
1837.22	37	1837.22	31	1837.22	40
1838.23	37	1838.23	31	1838.23	36
1839.23	38	1839.23	31	1839.23	34
1840.23	38	1840.23	31	1840.23	33
1841.23	39	1841.23	30	1841.23	32
1842.23	40	1842.23	29	1842.23	32
1843.23	41	1843.23	29	1843.23	32
1844.23	41	1844.23	28	1844.23	32
1845.23	41	1845.23	28	1845.23	32
1846.23	40	1846.23	28	1846.23	31
1847.23	39	1847.23	28	1847.23	30
1848.23	38	1848.23	28	1848.23	29
1849.23	39	1849.23	27	1849.23	29
1850.23	40	1850.23	27	1850.23	30
1851.23	39	1851.23	27	1851.23	31
1852.23	39	1852.23	27	1852.23	31
1853.24	37	1853.24	27	1853.24	31
1854.24	37	1854.24	27	1854.24	31
1855.24	37	1855.24	27	1855.24	32
1856.24	38	1856.24	28	1856.24	32
1857.24	39	1857.24	28	1857.24	32
1858.24	39	1858.24	27	1858.24	32
1859.24	38	1859.24	26	1859.24	30
1860.24	38	1860.24	26	1860.24	29
1861.24	39	1861.24	25	1861.24	28
1862.24	40	1862.24	25	1862.24	28
1863.24	41	1863.24	24	1863.24	27
1864.24	42	1864.24	24	1864.24	26
1865.24	42	1865.24	23	1865.24	25
1866.24	41	1866.24	24	1866.24	25
1867.24	38	1867.24	23	1867.24	24
1868.25	36	1868.25	23	1868.25	24
1869.25	36	1869.25	23	1869.25	24
1870.25	36	1870.25	23	1870.25	24
1871.25	38	1871.25	23	1871.25	24
1872.25	40	1872.25	23	1872.25	24
1873.25	40	1873.25	22	1873.25	24
1874.25	40	1874.25	22	1874.25	24
1875.25	38	1875.25	21	1875.25	24
1876.25	37	1876.25	21	1876.25	24
1877.25	37	1877.25	21	1877.25	24
1878.25	38	1878.25	21	1878.25	23
1879.25	38	1879.25	22	1879.25	22
1880.25	38	1880.25	22	1880.25	21
1881.25	38	1881.25	22	1881.25	22
1882.25	38	1882.25	22	1882.25	24
1883.26	38	1883.26	21	1883.26	24
1884.26	39	1884.26	21	1884.26	23
1885.26	39	1885.26	21	1885.26	22
1886.26	40	1886.26	20	1886.26	20
1887.26	42	1887.26	20	1887.26	19
1888.26	43	1888.26	19	1888.26	19
1889.26	44	1889.26	19	1889.26	19
1890.26	44	1890.26	18	1890.26	19
1891.26	44	1891.26	18	1891.26	19
1892.26	44	1892.26	18	1892.26	18
1893.26	43	1893.26	18	1893.26	17
1894.26	43	1894.26	18	1894.26	17
1895.26	42	1895.26	18	1895.26	17
1896.26	43	1896.26	18	1896.26	17
1897.26	44	1897.26	17	1897.26	18
1898.27	46	1898.27	17	1898.27	18
1899.27	46	1899.27	16	1899.27	17
1900.27	46	1900.27	16	1900.27	16
1901.27	46	1901.27	16	1901.27	16
1902.27	46	1902.27	16	1902.27	16
1903.27	47	1903.27	16	1903.27	16
1904.27	46	1904.27	17	1904.27	16
1905.27	46	1905.27	17	1905.27	15
1906.27	46	1906.27	17	1906.27	15
1907.27	47	1907.27	17	1907.27	16
1908.27	49	1908.27	17	1908.27	16
1909.27	50	1909.27	16	1909.27	16
1910.27	50	1910.27	15	1910.27	16
1911.27	49	1911.27	15	1911.27	16
1912.27	50	1912.27	15	1912.27	17
1913.28	50	1913.28	15	1913.28	18
1914.28	50	1914.28	15	1914.28	18
1915.28	49	1915.28	14	1915.28	18
1916.28	49	1916.28	14	1916.28	19
1917.28	50	1917.28	14	1917.28	19
1918.28	51	1918.28	15	1918.28	18
1919.28	52	1919.28	15	1919.28	17
1920.28	51	1920.28	15	1920.28	15
1921.28	51	1921.28	16	1921.28	14
1922.28	51	1922.28	16	1922.28	13
1923.28	51	1923.28	17	1923.28	13
1924.28	53	1924.28	17	1924.28	13
1925.28	53	1925.28	16	1925.28	13
1926.28	52	1926.28	15	1926.28	14
1927.28	52	1927.28	15	1927.28	14
1928.29	52	1928.29	16	1928.29	14
1929.29	54	1929.29	16	1929.29	15
1930.29	55	1930.29	16	1930.29	16
1931.29	56	1931.29	15	1931.29	16
1932.29	56	1932.29	15	1932.29	16
1933.29	57	1933.29	15	1933.29	18
1934.29	58	1934.29	15	1934.29	20
1935.29	58	1935.29	14	1935.29	22
1936.29	59	1936.29	14	1936.29	23
1937.29	60	1937.29	15	1937.29	23
1938.29	59	1938.29	16	1938.29	23
1939.29	58	1939.29	17	1939.29	23
1940.29	57	1940.29	16	1940.29	23
1941.29	56	1941.29	16	1941.29	24
1942.29	56	1942.29	15	1942.29	24
1943.3	56	1943.3	15	1943.3	24
1944.3	55	1944.3	15	1944.3	23
1945.3	55	1945.3	15	1945.3	22
1946.3	55	1946.3	15	1946.3	21
1947.3	55	1947.3	15	1947.3	20
1948.3	56	1948.3	15	1948.3	19
1949.3	56	1949.3	16	1949.3	17
1950.3	56	1950.3	16	1950.3	16
1951.3	56	1951.3	16	1951.3	15
1952.3	57	1952.3	16	1952.3	15
1953.3	58	1953.3	15	1953.3	14
1954.3	58	1954.3	16	1954.3	13
1955.3	56	1955.3	17	1955.3	12
1956.3	54	1956.3	17	1956.3	11
1957.3	52	1957.3	17	1957.3	10
1958.31	53	1958.31	16	1958.31	9
1959.31	54	1959.31	16	1959.31	9
1960.31	54	1960.31	15	1960.31	9
1961.31	53	1961.31	15	1961.31	8
1962.31	51	1962.31	15	1962.31	8
1963.31	48	1963.31	15	1963.31	9
1964.31	46	1964.31	15	1964.31	9
1965.31	45	1965.31	15	1965.31	9
1966.31	46	1966.31	15	1966.31	9
1967.31	48	1967.31	15	1967.31	9
1968.31	50	1968.31	15	1968.31	9
1969.31	51	1969.31	15	1969.31	9
1970.31	52	1970.31	16	1970.31	8
1971.31	52	1971.31	15	1971.31	8
1972.31	52	1972.31	15	1972.31	8
1973.32	50	1973.32	14	1973.32	9
1974.32	48	1974.32	14	1974.32	9
1975.32	47	1975.32	15	1975.32	9
1976.32	47	1976.32	15	1976.32	9
1977.32	47	1977.32	15	1977.32	9
1978.32	46	1978.32	15	1978.32	9
1979.32	46	1979.32	14	1979.32	8
1980.32	47	1980.32	14	1980.32	7
1981.32	48	1981.32	14	1981.32	7
1982.32	48	1982.32	13	1982.32	7
1983.32	46	1983.32	13	1983.32	8
1984.32	45	1984.32	14	1984.32	9
1985.32	43	1985.32	14	1985.32	9
1986.32	43	1986.32	14	1986.32	8
1987.32	41	1987.32	14	1987.32	7
1988.33	40	1988.33	13	1988.33	8
1989.33	40	1989.33	13	1989.33	8
1990.33	40	1990.33	13	1990.33	10
1991.33	40	1991.33	14	1991.33	13
1992.33	42	1992.33	14	1992.33	14
1993.33	43	1993.33	14	1993.33	15
1994.33	43	1994.33	14	1994.33	16
1995.33	42	1995.33	14	1995.33	17
1996.33	41	1996.33	14	1996.33	18
1997.33	40	1997.33	13	1997.33	21
1998.33	40	1998.33	13	1998.33	24
1999.33	40	1999.33	13	1999.33	27
2000.33	40	2000.33	14	2000.33	29
2001.33	40	2001.33	14	2001.33	32
2002.33	39	2002.33	14	2002.33	36
2003.34	40	2003.34	13	2003.34	39
2004.34	41	2004.34	13	2004.34	41
2005.34	41	2005.34	13	2005.34	42
2006.34	40	2006.34	14	2006.34	43
2007.34	39	2007.34	14	2007.34	43
2008.34	38	2008.34	14	2008.34	44
2009.34	37	2009.34	13	2009.34	43
2010.34	37	2010.34	13	2010.34	42
2011.34	39	2011.34	14	2011.34	40
2012.34	40	2012.34	14	2012.34	38
2013.34	41	2013.34	14	2013.34	36
2014.34	40	2014.34	14	2014.34	34
2015.34	39	2015.34	15	2015.34	32
2016.34	38	2016.34	15	2016.34	27
2017.34	37	2017.34	15	2017.34	24
2018.35	37	2018.35	15	2018.35	21
2019.35	36	2019.35	15	2019.35	19
2020.35	35	2020.35	16	2020.35	17
2021.35	34	2021.35	16	2021.35	16
2022.35	34	2022.35	16	2022.35	15
2023.35	33	2023.35	15	2023.35	15
2024.35	31	2024.35	15	2024.35	13
2025.35	30	2025.35	15	2025.35	12
2026.35	29	2026.35	15	2026.35	11
2027.35	30	2027.35	15	2027.35	10
2028.35	30	2028.35	15	2028.35	10
2029.35	29	2029.35	14	2029.35	9
2030.35	27	2030.35	14	2030.35	8
2031.35	25	2031.35	13	2031.35	6
2032.35	25	2032.35	13	2032.35	5
2033.36	27	2033.36	12	2033.36	4
2034.36	27	2034.36	12	2034.36	5
2035.36	26	2035.36	11	2035.36	6
2036.36	24	2036.36	11	2036.36	6
2037.36	23	2037.36	11	2037.36	5
2038.36	22	2038.36	11	2038.36	4
2039.36	23	2039.36	11	2039.36	4
2040.36	23	2040.36	10	2040.36	5
2041.36	22	2041.36	10	2041.36	5
2042.36	23	2042.36	10	2042.36	5
2043.36	23	2043.36	10	2043.36	4
2044.36	23	2044.36	9	2044.36	4
2045.36	23	2045.36	9	2045.36	1
2046.36	23	2046.36	10	2046.36	2
2047.36	22	2047.36	10	2047.36	3
2048.37	21	2048.37	11	2048.37	3
2049.37	21	2049.37	10	2049.37	3
2050.37	22	2050.37	10	2050.37	2
2051.37	23	2051.37	9	2051.37	1
2052.37	23	2052.37	9	2052.37	2
2053.37	21	2053.37	9	2053.37	2
2054.37	20	2054.37	9	2054.37	3
2055.37	20	2055.37	10	2055.37	4
2056.37	21	2056.37	9	2056.37	4
2057.37	21	2057.37	9	2057.37	4
2058.37	21	2058.37	9	2058.37	5
2059.37	21	2059.37	9	2059.37	6
2060.37	21	2060.37	9	2060.37	7
2061.37	21	2061.37	9	2061.37	7
2062.37	20	2062.37	10	2062.37	6
2063.38	19	2063.38	10	2063.38	5
2064.38	18	2064.38	9	2064.38	4
2065.38	19	2065.38	8	2065.38	3
2066.38	20	2066.38	8	2066.38	2
2067.38	21	2067.38	8	2067.38	2
2068.38	21	2068.38	8	2068.38	3
2069.38	20	2069.38	8	2069.38	4
2070.38	20	2070.38	8	2070.38	4
2071.38	19	2071.38	9	2071.38	3
2072.38	19	2072.38	9	2072.38	2
2073.38	18	2073.38	8	2073.38	2
2074.38	18	2074.38	8	2074.38	2
2075.38	17	2075.38	7	2075.38	2
2076.38	16	2076.38	8	2076.38	0
2077.38	16	2077.38	8	2077.38	-1
2078.39	17	2078.39	8	2078.39	-1
2079.39	17	2079.39	8	2079.39	-1
2080.39	17	2080.39	7	2080.39	-1
2081.39	17	2081.39	7	2081.39	-2
2082.39	17	2082.39	7	2082.39	-2
2083.39	18	2083.39	7	2083.39	-2
2084.39	18	2084.39	7	2084.39	-2
2085.39	20	2085.39	7	2085.39	-2
2086.39	21	2086.39	6	2086.39	-1
2087.39	21	2087.39	6	2087.39	-2
2088.39	21	2088.39	5	2088.39	-3
2089.39	21	2089.39	4	2089.39	-5
2090.39	22	2090.39	3	2090.39	-6
2091.39	23	2091.39	3	2091.39	-7
2092.39	24	2092.39	3	2092.39	-6
2093.4	24	2093.4	4	2093.4	-5
2094.4	23	2094.4	4	2094.4	-4
2095.4	22	2095.4	4	2095.4	-4
2096.4	20	2096.4	4	2096.4	-3
2097.4	19	2097.4	4	2097.4	-3
2098.4	19	2098.4	5	2098.4	-3
2099.4	20	2099.4	6	2099.4	-4
2100.4	20	2100.4	6	2100.4	-5
2101.4	19	2101.4	5	2101.4	-5
2102.4	18	2102.4	4	2102.4	-5
2103.4	18	2103.4	3	2103.4	-7
2104.4	19	2104.4	2	2104.4	-8
2105.4	19	2105.4	2	2105.4	-7
2106.4	18	2106.4	3	2106.4	-6
2107.4	18	2107.4	4	2107.4	-5
2108.41	17	2108.41	4	2108.41	-4
2109.41	17	2109.41	4	2109.41	-4
2110.41	17	2110.41	4	2110.41	-4
2111.41	18	2111.41	4	2111.41	-5
2112.41	18	2112.41	3	2112.41	-6
2113.41	18	2113.41	3	2113.41	-6
2114.41	18	2114.41	4	2114.41	-5
2115.41	18	2115.41	3	2115.41	-4
2116.41	19	2116.41	2	2116.41	-4
2117.41	19	2117.41	1	2117.41	-4
2118.41	20	2118.41	1	2118.41	-4
2119.41	20	2119.41	2	2119.41	-5
2120.41	21	2120.41	2	2120.41	-4
2121.41	20	2121.41	2	2121.41	-4
2122.41	19	2122.41	2	2122.41	-3
2123.42	18	2123.42	2	2123.42	-3
2124.42	18	2124.42	3	2124.42	-2
2125.42	18	2125.42	3	2125.42	-2
2126.42	19	2126.42	3	2126.42	-2
2127.42	20	2127.42	3	2127.42	-3
2128.42	19	2128.42	3	2128.42	-3
2129.42	19	2129.42	3	2129.42	-4
2130.42	18	2130.42	3	2130.42	-4
2131.42	18	2131.42	3	2131.42	-4
2132.42	18	2132.42	2	2132.42	-4
2133.42	19	2133.42	2	2133.42	-5
2134.42	18	2134.42	1	2134.42	-5
2135.42	17	2135.42	1	2135.42	-5
2136.42	17	2136.42	1	2136.42	-5
2137.42	18	2137.42	1	2137.42	-6
2138.43	20	2138.43	1	2138.43	-6
2139.43	20	2139.43	1	2139.43	-6
2140.43	20	2140.43	1	2140.43	-5
2141.43	19	2141.43	1	2141.43	-5
2142.43	19	2142.43	2	2142.43	-5
2143.43	18	2143.43	2	2143.43	-6
2144.43	17	2144.43	2	2144.43	-6
2145.43	16	2145.43	3	2145.43	-7
2146.43	15	2146.43	3	2146.43	-7
2147.43	14	2147.43	3	2147.43	-7
2148.43	13	2148.43	2	2148.43	-7
2149.43	12	2149.43	2	2149.43	-7
2150.43	12	2150.43	3	2150.43	-7
2151.43	12	2151.43	3	2151.43	-7
2152.43	12	2152.43	2	2152.43	-7
2153.44	14	2153.44	2	2153.44	-7
2154.44	15	2154.44	2	2154.44	-8
2155.44	16	2155.44	2	2155.44	-9
2156.44	15	2156.44	1	2156.44	-9
2157.44	13	2157.44	1	2157.44	-10
2158.44	11	2158.44	0	2158.44	-10
2159.44	10	2159.44	0	2159.44	-10
2160.44	11	2160.44	0	2160.44	-9
2161.44	12	2161.44	-1	2161.44	-9
2162.44	13	2162.44	0	2162.44	-9
2163.44	14	2163.44	0	2163.44	-9
2164.44	13	2164.44	1	2164.44	-11
2165.44	13	2165.44	0	2165.44	-11
2166.44	12	2166.44	0	2166.44	-11
2167.44	11	2167.44	-1	2167.44	-11
2168.45	11	2168.45	-1	2168.45	-12
2169.45	11	2169.45	-1	2169.45	-12
2170.45	10	2170.45	-1	2170.45	-13
2171.45	9	2171.45	-1	2171.45	-14
2172.45	8	2172.45	-1	2172.45	-15
2173.45	8	2173.45	-1	2173.45	-15
2174.45	9	2174.45	-1	2174.45	-14
2175.45	10	2175.45	-1	2175.45	-13
2176.45	11	2176.45	-1	2176.45	-13
2177.45	11	2177.45	-2	2177.45	-14
2178.45	10	2178.45	-1	2178.45	-14
2179.45	9	2179.45	-1	2179.45	-14
2180.45	8	2180.45	-1	2180.45	-14
2181.45	7	2181.45	-1	2181.45	-15
2182.45	8	2182.45	-1	2182.45	-16
2183.46	9	2183.46	-1	2183.46	-16
2184.46	9	2184.46	0	2184.46	-17
2185.46	9	2185.46	-1	2185.46	-17
2186.46	10	2186.46	-1	2186.46	-17
2187.46	11	2187.46	-2	2187.46	-16
2188.46	12	2188.46	-2	2188.46	-16
2189.46	12	2189.46	-3	2189.46	-16
2190.46	11	2190.46	-3	2190.46	-16
2191.46	10	2191.46	-3	2191.46	-16
2192.46	10	2192.46	-3	2192.46	-15
2193.46	9	2193.46	-2	2193.46	-15
2194.46	8	2194.46	-2	2194.46	-15
2195.46	8	2195.46	-2	2195.46	-16
2196.46	9	2196.46	-3	2196.46	-16
2197.46	9	2197.46	-3	2197.46	-15
2198.47	8	2198.47	-2	2198.47	-15
2199.47	8	2199.47	-2	2199.47	-16
2200.47	8	2200.47	-2	2200.47	-17
2201.47	9	2201.47	-2	2201.47	-16
2202.47	11	2202.47	-3	2202.47	-15
2203.47	11	2203.47	-3	2203.47	-15
2204.47	10	2204.47	-4	2204.47	-14
2205.47	7	2205.47	-4	2205.47	-13
2206.47	5	2206.47	-4	2206.47	-12
2207.47	4	2207.47	-3	2207.47	-12
2208.47	5	2208.47	-3	2208.47	-11
2209.47	5	2209.47	-3	2209.47	-12
2210.47	5	2210.47	-3	2210.47	-12
2211.47	6	2211.47	-4	2211.47	-12
2212.47	7	2212.47	-4	2212.47	-11
2213.48	8	2213.48	-4	2213.48	-10
2214.48	7	2214.48	-4	2214.48	-10
2215.48	5	2215.48	-3	2215.48	-11
2216.48	5	2216.48	-3	2216.48	-11
2217.48	5	2217.48	-2	2217.48	-11
2218.48	7	2218.48	-2	2218.48	-12
2219.48	7	2219.48	-2	2219.48	-13
2220.48	5	2220.48	-1	2220.48	-14
2221.48	4	2221.48	-1	2221.48	-15
2222.48	5	2222.48	-1	2222.48	-14
2223.48	6	2223.48	-1	2223.48	-13
2224.48	7	2224.48	-1	2224.48	-11
2225.48	7	2225.48	-2	2225.48	-11
2226.48	5	2226.48	-2	2226.48	-12
2227.48	5	2227.48	-2	2227.48	-13
2228.49	5	2228.49	-2	2228.49	-14
2229.49	6	2229.49	-2	2229.49	-14
2230.49	7	2230.49	-2	2230.49	-14
2231.49	7	2231.49	-2	2231.49	-14
2232.49	7	2232.49	-2	2232.49	-14
2233.49	6	2233.49	-2	2233.49	-14
2234.49	4	2234.49	-2	2234.49	-14
2235.49	3	2235.49	-3	2235.49	-14
2236.49	1	2236.49	-2	2236.49	-13
2237.49	1	2237.49	-2	2237.49	-13
2238.49	1	2238.49	-2	2238.49	-13
2239.49	2	2239.49	-2	2239.49	-13
2240.49	3	2240.49	-2	2240.49	-14
2241.49	3	2241.49	-2	2241.49	-14
2242.49	1	2242.49	-3	2242.49	-14
2243.5	1	2243.5	-3	2243.5	-14
2244.5	0	2244.5	-2	2244.5	-15
2245.5	0	2245.5	-1	2245.5	-16
2246.5	0	2246.5	-1	2246.5	-16
2247.5	1	2247.5	-2	2247.5	-15
2248.5	2	2248.5	-2	2248.5	-13
2249.5	3	2249.5	-3	2249.5	-13
2250.5	2	2250.5	-2	2250.5	-13
2251.5	2	2251.5	-2	2251.5	-14
2252.5	4	2252.5	-1	2252.5	-15
2253.5	5	2253.5	-1	2253.5	-15
2254.5	4	2254.5	-1	2254.5	-15
2255.5	4	2255.5	-2	2255.5	-14
2256.5	3	2256.5	-2	2256.5	-13
2257.51	3	2257.51	-2	2257.51	-12
2258.51	3	2258.51	-2	2258.51	-13
2259.51	3	2259.51	-1	2259.51	-13
2260.51	3	2260.51	-1	2260.51	-13
2261.51	4	2261.51	-2	2261.51	-13
2262.51	5	2262.51	-2	2262.51	-13
2263.51	5	2263.51	-1	2263.51	-13
2264.51	4	2264.51	-1	2264.51	-13
2265.51	3	2265.51	-2	2265.51	-14
2266.51	1	2266.51	-2	2266.51	-14
2267.51	2	2267.51	-2	2267.51	-15
2268.51	3	2268.51	-2	2268.51	-14
2269.51	3	2269.51	-2	2269.51	-14
2270.51	3	2270.51	-2	2270.51	-13
2271.51	2	2271.51	-2	2271.51	-13
2272.52	2	2272.52	-2	2272.52	-14
2273.52	3	2273.52	-1	2273.52	-15
2274.52	2	2274.52	0	2274.52	-16
2275.52	1	2275.52	0	2275.52	-16
2276.52	0	2276.52	0	2276.52	-16
2277.52	0	2277.52	-1	2277.52	-16
2278.52	0	2278.52	-1	2278.52	-15
2279.52	0	2279.52	-1	2279.52	-13
2280.52	-1	2280.52	-1	2280.52	-13
2281.52	-2	2281.52	-1	2281.52	-12
2282.52	-2	2282.52	0	2282.52	-13
2283.52	-2	2283.52	0	2283.52	-14
2284.52	-2	2284.52	0	2284.52	-14
2285.52	-1	2285.52	0	2285.52	-14
2286.52	0	2286.52	0	2286.52	-14
2287.53	1	2287.53	0	2287.53	-14
2288.53	1	2288.53	0	2288.53	-13
2289.53	1	2289.53	0	2289.53	-13
2290.53	1	2290.53	0	2290.53	-13
2291.53	-1	2291.53	0	2291.53	-12
2292.53	-1	2292.53	-1	2292.53	-12
2293.53	0	2293.53	-1	2293.53	-12
2294.53	1	2294.53	0	2294.53	-12
2295.53	1	2295.53	0	2295.53	-12
2296.53	0	2296.53	-1	2296.53	-12
2297.53	-1	2297.53	-1	2297.53	-12
2298.53	-2	2298.53	-2	2298.53	-12
2299.53	-1	2299.53	-2	2299.53	-13
2300.53	1	2300.53	-2	2300.53	-14
2301.53	2	2301.53	-2	2301.53	-13
2302.54	3	2302.54	-1	2302.54	-12
2303.54	3	2303.54	-2	2303.54	-10
2304.54	3	2304.54	-2	2304.54	-9
2305.54	2	2305.54	-2	2305.54	-9
2306.54	1	2306.54	-2	2306.54	-9
2307.54	1	2307.54	-1	2307.54	-8
2308.54	1	2308.54	-1	2308.54	-7
2309.54	2	2309.54	-1	2309.54	-6
2310.54	2	2310.54	-1	2310.54	-5
2311.54	1	2311.54	-1	2311.54	-5
2312.54	0	2312.54	-1	2312.54	-5
2313.54	0	2313.54	-1	2313.54	-6
2314.54	2	2314.54	-1	2314.54	-6
2315.54	2	2315.54	-1	2315.54	-7
2316.54	1	2316.54	-1	2316.54	-7
2317.55	0	2317.55	-1	2317.55	-8
2318.55	0	2318.55	-1	2318.55	-7
2319.55	2	2319.55	-1	2319.55	-6
2320.55	3	2320.55	-1	2320.55	-5
2321.55	2	2321.55	-1	2321.55	-4
2322.55	2	2322.55	-1	2322.55	-3
2323.55	1	2323.55	-2	2323.55	-2
2324.55	1	2324.55	-2	2324.55	0
2325.55	2	2325.55	-1	2325.55	1
2326.55	3	2326.55	-1	2326.55	2
2327.55	5	2327.55	-1	2327.55	3
2328.55	6	2328.55	-1	2328.55	4
2329.55	6	2329.55	-2	2329.55	6
2330.55	6	2330.55	-2	2330.55	8
2331.55	5	2331.55	-1	2331.55	9
2332.56	5	2332.56	0	2332.56	10
2333.56	6	2333.56	0	2333.56	10
2334.56	6	2334.56	1	2334.56	11
2335.56	6	2335.56	0	2335.56	12
2336.56	7	2336.56	0	2336.56	14
2337.56	9	2337.56	0	2337.56	17
2338.56	10	2338.56	0	2338.56	20
2339.56	11	2339.56	0	2339.56	23
2340.56	12	2340.56	0	2340.56	27
2341.56	13	2341.56	1	2341.56	29
2342.56	13	2342.56	1	2342.56	35
2343.56	12	2343.56	2	2343.56	40
2344.56	12	2344.56	2	2344.56	45
2345.56	13	2345.56	2	2345.56	49
2346.56	14	2346.56	3	2346.56	53
2347.57	14	2347.57	3	2347.57	56
2348.57	14	2348.57	3	2348.57	60
2349.57	14	2349.57	3	2349.57	64
2350.57	13	2350.57	4	2350.57	68
2351.57	13	2351.57	4	2351.57	73
2352.57	15	2352.57	5	2352.57	78
2353.57	17	2353.57	5	2353.57	84
2354.57	17	2354.57	5	2354.57	89
2355.57	17	2355.57	6	2355.57	94
2356.57	16	2356.57	7	2356.57	98
2357.57	15	2357.57	8	2357.57	103
2358.57	16	2358.57	9	2358.57	106
2359.57	16	2359.57	10	2359.57	108
2360.57	17	2360.57	11	2360.57	110
2361.57	18	2361.57	12	2361.57	112
2362.58	18	2362.58	12	2362.58	114
2363.58	17	2363.58	12	2363.58	116
2364.58	16	2364.58	12	2364.58	117
2365.58	14	2365.58	12	2365.58	118
2366.58	14	2366.58	12	2366.58	118
2367.58	14	2367.58	12	2367.58	118
2368.58	15	2368.58	11	2368.58	117
2369.58	15	2369.58	11	2369.58	115
2370.58	15	2370.58	12	2370.58	114
2371.58	13	2371.58	12	2371.58	114
2372.58	11	2372.58	12	2372.58	114
2373.58	10	2373.58	12	2373.58	112
2374.58	10	2374.58	13	2374.58	110
2375.58	14	2375.58	13	2375.58	107
2376.58	13	2376.58	13	2376.58	105
2377.59	12	2377.59	13	2377.59	103
2378.59	10	2378.59	13	2378.59	102
2379.59	8	2379.59	12	2379.59	100
2380.59	7	2380.59	12	2380.59	97
2381.59	7	2381.59	11	2381.59	93
2382.59	8	2382.59	11	2382.59	90
2383.59	8	2383.59	11	2383.59	87
2384.59	8	2384.59	11	2384.59	84
2385.59	7	2385.59	11	2385.59	81
2386.59	7	2386.59	11	2386.59	77
2387.59	7	2387.59	12	2387.59	73
2388.59	7	2388.59	12	2388.59	69
2389.59	5	2389.59	11	2389.59	65
2390.59	4	2390.59	11	2390.59	63
2391.59	3	2391.59	10	2391.59	61
2392.6	3	2392.6	9	2392.6	59
2393.6	3	2393.6	8	2393.6	55
2394.6	3	2394.6	6	2394.6	52
2395.6	3	2395.6	6	2395.6	48
2396.6	2	2396.6	6	2396.6	45
2397.6	0	2397.6	6	2397.6	42
2398.6	-1	2398.6	7	2398.6	39
2399.6	-1	2399.6	7	2399.6	38
2400.6	0	2400.6	8	2400.6	36
2401.6	1	2401.6	7	2401.6	34
2402.6	1	2402.6	5	2402.6	28
2403.6	1	2403.6	5	2403.6	27
2404.6	0	2404.6	5	2404.6	25
2405.6	-1	2405.6	5	2405.6	23
2406.6	-1	2406.6	5	2406.6	21
2407.61	-1	2407.61	5	2407.61	18
2408.61	-2	2408.61	4	2408.61	16
2409.61	-3	2409.61	4	2409.61	14
2410.61	-4	2410.61	5	2410.61	12
2411.61	-3	2411.61	5	2411.61	9
2412.61	-2	2412.61	4	2412.61	8
2413.61	-1	2413.61	4	2413.61	7
2414.61	-1	2414.61	4	2414.61	6
2415.61	-1	2415.61	4	2415.61	5
2416.61	-1	2416.61	4	2416.61	3
2417.61	0	2417.61	3	2417.61	2
2418.61	0	2418.61	2	2418.61	0
2419.61	-1	2419.61	1	2419.61	-1
2420.61	-2	2420.61	1	2420.61	-3
2421.61	-2	2421.61	1	2421.61	-3
2422.62	-2	2422.62	2	2422.62	-3
2423.62	-3	2423.62	3	2423.62	-3
2424.62	-3	2424.62	3	2424.62	-4
2425.62	-3	2425.62	3	2425.62	-5
2426.62	-2	2426.62	3	2426.62	-6
2427.62	-1	2427.62	2	2427.62	-7
2428.62	-1	2428.62	2	2428.62	-8
2429.62	-1	2429.62	1	2429.62	-8
2430.62	0	2430.62	1	2430.62	-9
2431.62	2	2431.62	1	2431.62	-9
2432.62	2	2432.62	0	2432.62	-10
2433.62	1	2433.62	1	2433.62	-10
2434.62	-1	2434.62	1	2434.62	-10
2435.62	-2	2435.62	1	2435.62	-10
2436.62	-3	2436.62	1	2436.62	-11
2437.63	-3	2437.63	1	2437.63	-11
2438.63	-3	2438.63	1	2438.63	-11
2439.63	-3	2439.63	0	2439.63	-11
2440.63	-2	2440.63	-1	2440.63	-11
2441.63	-1	2441.63	-1	2441.63	-11
2442.63	0	2442.63	-1	2442.63	-12
2443.63	2	2443.63	0	2443.63	-12
2444.63	1	2444.63	1	2444.63	-13
2445.63	0	2445.63	2	2445.63	-13
2446.63	0	2446.63	3	2446.63	-13
2447.63	1	2447.63	2	2447.63	-13
2448.63	3	2448.63	2	2448.63	-13
2449.63	4	2449.63	2	2449.63	-13
2450.63	4	2450.63	1	2450.63	-13
2451.63	3	2451.63	1	2451.63	-13
2452.64	3	2452.64	0	2452.64	-13
2453.64	5	2453.64	0	2453.64	-13
2454.64	8	2454.64	1	2454.64	-13
2455.64	9	2455.64	1	2455.64	-13
2456.64	9	2456.64	2	2456.64	-13
2457.64	8	2457.64	2	2457.64	-12
2458.64	6	2458.64	2	2458.64	-12
2459.64	5	2459.64	2	2459.64	-11
2460.64	5	2460.64	2	2460.64	-11
2461.64	7	2461.64	2	2461.64	-9
2462.64	10	2462.64	3	2462.64	-9
2463.64	14	2463.64	3	2463.64	-10
2464.64	17	2464.64	2	2464.64	-9
2465.64	18	2465.64	1	2465.64	-8
2466.64	17	2466.64	1	2466.64	-7
2467.65	16	2467.65	1	2467.65	-5
2468.65	16	2468.65	2	2468.65	-3
2469.65	16	2469.65	3	2469.65	-2
2470.65	18	2470.65	4	2470.65	-2
2471.65	19	2471.65	5	2471.65	-2
2472.65	21	2472.65	5	2472.65	-2
2473.65	21	2473.65	4	2473.65	-2
2474.65	21	2474.65	4	2474.65	-2
2475.65	20	2475.65	4	2475.65	-1
2476.65	19	2476.65	4	2476.65	0
2477.65	20	2477.65	4	2477.65	1
2478.65	21	2478.65	5	2478.65	2
2479.65	22	2479.65	6	2479.65	3
2480.65	23	2480.65	7	2480.65	3
2481.65	24	2481.65	8	2481.65	2
2482.66	25	2482.66	9	2482.66	2
2483.66	25	2483.66	9	2483.66	2
2484.66	25	2484.66	9	2484.66	3
2485.66	25	2485.66	9	2485.66	4
2486.66	26	2486.66	9	2486.66	6
2487.66	29	2487.66	9	2487.66	8
2488.66	31	2488.66	9	2488.66	9
2489.66	33	2489.66	9	2489.66	10
2490.66	34	2490.66	9	2490.66	10
2491.66	36	2491.66	10	2491.66	11
2492.66	37	2492.66	11	2492.66	12
2493.66	39	2493.66	11	2493.66	13
2494.66	40	2494.66	12	2494.66	14
2495.66	41	2495.66	12	2495.66	14
2496.66	42	2496.66	12	2496.66	15
2497.67	43	2497.67	13	2497.67	17
2498.67	46	2498.67	13	2498.67	18
2499.67	48	2499.67	13	2499.67	18
2500.67	51	2500.67	13	2500.67	18
2501.67	52	2501.67	13	2501.67	18
2502.67	53	2502.67	13	2502.67	19
2503.67	54	2503.67	14	2503.67	20
2504.67	54	2504.67	15	2504.67	22
2505.67	56	2505.67	17	2505.67	23
2506.67	58	2506.67	19	2506.67	25
2507.67	61	2507.67	20	2507.67	27
2508.67	62	2508.67	20	2508.67	28
2509.67	63	2509.67	21	2509.67	28
2510.67	65	2510.67	21	2510.67	28
2511.67	66	2511.67	22	2511.67	29
2512.68	67	2512.68	23	2512.68	30
2513.68	66	2513.68	23	2513.68	32
2514.68	67	2514.68	24	2514.68	33
2515.68	69	2515.68	24	2515.68	35
2516.68	72	2516.68	25	2516.68	36
2517.68	74	2517.68	25	2517.68	36
2518.68	74	2518.68	25	2518.68	36
2519.68	74	2519.68	26	2519.68	36
2520.68	75	2520.68	27	2520.68	36
2521.68	77	2521.68	27	2521.68	38
2522.68	79	2522.68	28	2522.68	39
2523.68	82	2523.68	29	2523.68	40
2524.68	83	2524.68	30	2524.68	41
2525.68	85	2525.68	32	2525.68	42
2526.68	85	2526.68	34	2526.68	44
2527.69	84	2527.69	36	2527.69	45
2528.69	83	2528.69	38	2528.69	45
2529.69	85	2529.69	39	2529.69	44
2530.69	87	2530.69	40	2530.69	45
2531.69	89	2531.69	41	2531.69	45
2532.69	91	2532.69	42	2532.69	46
2533.69	92	2533.69	43	2533.69	45
2534.69	92	2534.69	44	2534.69	46
2535.69	92	2535.69	44	2535.69	47
2536.69	93	2536.69	45	2536.69	48
2537.69	94	2537.69	44	2537.69	50
2538.69	96	2538.69	43	2538.69	52
2539.69	98	2539.69	43	2539.69	53
2540.69	99	2540.69	43	2540.69	55
2541.69	101	2541.69	45	2541.69	55
2542.7	102	2542.7	47	2542.7	55
2543.7	103	2543.7	48	2543.7	55
2544.7	102	2544.7	49	2544.7	55
2545.7	101	2545.7	50	2545.7	55
2546.7	102	2546.7	51	2546.7	55
2547.7	105	2547.7	51	2547.7	55
2548.7	108	2548.7	51	2548.7	55
2549.7	111	2549.7	52	2549.7	56
2550.7	113	2550.7	53	2550.7	56
2551.7	115	2551.7	55	2551.7	57
2552.7	116	2552.7	56	2552.7	58
2553.7	115	2553.7	57	2553.7	60
2554.7	114	2554.7	58	2554.7	61
2555.7	113	2555.7	59	2555.7	62
2556.7	113	2556.7	59	2556.7	61
2557.71	113	2557.71	60	2557.71	61
2558.71	114	2558.71	61	2558.71	61
2559.71	115	2559.71	62	2559.71	63
2560.71	116	2560.71	63	2560.71	65
2561.71	114	2561.71	63	2561.71	66
2562.71	111	2562.71	63	2562.71	66
2563.71	108	2563.71	63	2563.71	65
2564.71	107	2564.71	63	2564.71	65
2565.71	107	2565.71	62	2565.71	65
2566.71	108	2566.71	62	2566.71	63
2567.71	109	2567.71	62	2567.71	61
2568.71	111	2568.71	62	2568.71	60
2569.71	114	2569.71	63	2569.71	59
2570.71	115	2570.71	64	2570.71	58
2571.71	115	2571.71	65	2571.71	58
2572.72	115	2572.72	66	2572.72	58
2573.72	114	2573.72	67	2573.72	57
2574.72	115	2574.72	69	2574.72	56
2575.72	116	2575.72	70	2575.72	56
2576.72	116	2576.72	70	2576.72	56
2577.72	117	2577.72	71	2577.72	56
2578.72	116	2578.72	71	2578.72	56
2579.72	115	2579.72	71	2579.72	57
2580.72	115	2580.72	71	2580.72	58
2581.72	115	2581.72	71	2581.72	59
2582.72	116	2582.72	72	2582.72	58
2583.72	116	2583.72	73	2583.72	57
2584.72	116	2584.72	74	2584.72	56
2585.72	115	2585.72	75	2585.72	56
2586.72	114	2586.72	77	2586.72	56
2587.73	114	2587.73	80	2587.73	57
2588.73	115	2588.73	82	2588.73	57
2589.73	114	2589.73	84	2589.73	56
2590.73	113	2590.73	86	2590.73	56
2591.73	113	2591.73	88	2591.73	56
2592.73	112	2592.73	88	2592.73	58
2593.73	112	2593.73	86	2593.73	59
2594.73	111	2594.73	84	2594.73	59
2595.73	110	2595.73	83	2595.73	58
2596.73	109	2596.73	83	2596.73	59
2597.73	108	2597.73	82	2597.73	59
2598.73	109	2598.73	83	2598.73	60
2599.73	110	2599.73	84	2599.73	60
2600.73	110	2600.73	85	2600.73	60
2601.73	111	2601.73	86	2601.73	59
2602.74	113	2602.74	89	2602.74	60
2603.74	113	2603.74	92	2603.74	61
2604.74	112	2604.74	95	2604.74	62
2605.74	110	2605.74	95	2605.74	63
2606.74	109	2606.74	93	2606.74	62
2607.74	108	2607.74	91	2607.74	60
2608.74	107	2608.74	89	2608.74	59
2609.74	105	2609.74	87	2609.74	59
2610.74	103	2610.74	86	2610.74	57
2611.74	101	2611.74	85	2611.74	54
2612.74	98	2612.74	84	2612.74	51
2613.74	95	2613.74	84	2613.74	49
2614.74	93	2614.74	83	2614.74	47
2615.74	92	2615.74	83	2615.74	46
2616.74	92	2616.74	82	2616.74	46
2617.75	92	2617.75	81	2617.75	46
2618.75	92	2618.75	81	2618.75	47
2619.75	93	2619.75	81	2619.75	48
2620.75	93	2620.75	83	2620.75	48
2621.75	92	2621.75	84	2621.75	49
2622.75	91	2622.75	85	2622.75	50
2623.75	91	2623.75	84	2623.75	49
2624.75	91	2624.75	84	2624.75	49
2625.75	91	2625.75	84	2625.75	50
2626.75	91	2626.75	84	2626.75	52
2627.75	93	2627.75	85	2627.75	54
2628.75	95	2628.75	85	2628.75	55
2629.75	98	2629.75	85	2629.75	55
2630.75	99	2630.75	86	2630.75	55
2631.75	98	2631.75	88	2631.75	54
2632.76	97	2632.76	89	2632.76	55
2633.76	97	2633.76	89	2633.76	56
2634.76	96	2634.76	88	2634.76	56
2635.76	95	2635.76	87	2635.76	57
2636.76	91	2636.76	86	2636.76	57
2637.76	88	2637.76	85	2637.76	57
2638.76	85	2638.76	83	2638.76	56
2639.76	84	2639.76	82	2639.76	54
2640.76	84	2640.76	81	2640.76	53
2641.76	86	2641.76	80	2641.76	52
2642.76	87	2642.76	78	2642.76	51
2643.76	88	2643.76	77	2643.76	51
2644.76	85	2644.76	75	2644.76	53
2645.76	82	2645.76	73	2645.76	54
2646.76	79	2646.76	70	2646.76	54
2647.77	78	2647.77	68	2647.77	51
2648.77	77	2648.77	68	2648.77	48
2649.77	76	2649.77	68	2649.77	46
2650.77	75	2650.77	70	2650.77	46
2651.77	75	2651.77	72	2651.77	47
2652.77	76	2652.77	73	2652.77	48
2653.77	76	2653.77	74	2653.77	49
2654.77	77	2654.77	74	2654.77	49
2655.77	77	2655.77	75	2655.77	50
2656.77	77	2656.77	74	2656.77	50
2657.77	76	2657.77	73	2657.77	49
2658.77	75	2658.77	72	2658.77	48
2659.77	76	2659.77	70	2659.77	47
2660.77	79	2660.77	69	2660.77	47
2661.77	81	2661.77	69	2661.77	48
2662.78	81	2662.78	68	2662.78	48
2663.78	80	2663.78	67	2663.78	49
2664.78	77	2664.78	65	2664.78	49
2665.78	75	2665.78	63	2665.78	49
2666.78	73	2666.78	62	2666.78	50
2667.78	73	2667.78	62	2667.78	53
2668.78	72	2668.78	63	2668.78	62
2669.78	72	2669.78	63	2669.78	119
2670.78	75	2670.78	62	2670.78	177
2671.78	82	2671.78	61	2671.78	265
2672.78	100	2672.78	60	2672.78	392
2673.78	140	2673.78	63	2673.78	571
2674.78	228	2674.78	74	2674.78	820
2675.78	407	2675.78	85	2675.78	1152
2676.78	736	2676.78	160	2676.78	1574
2677.79	1279	2677.79	357	2677.79	2079
2678.79	2087	2678.79	791	2678.79	2643
2679.79	3161	2679.79	1596	2679.79	3225
2680.79	4426	2680.79	2842	2680.79	3777
2681.79	5712	2681.79	4433	2681.79	4261
2682.79	6786	2682.79	6056	2682.79	4640
2683.79	7419	2683.79	7266	2683.79	4874
2684.79	7466	2684.79	7679	2684.79	4934
2685.79	6925	2685.79	7179	2685.79	4817
2686.79	5943	2686.79	5973	2686.79	4546
2687.79	4743	2687.79	4460	2687.79	4154
2688.79	3544	2688.79	3027	2688.79	3672
2689.79	2504	2689.79	1902	2689.79	3136
2690.79	1702	2690.79	1135	2690.79	2593
2691.79	1144	2691.79	666	2691.79	2084
2692.8	783	2692.8	398	2692.8	1632
2693.8	559	2693.8	251	2693.8	1246
2694.8	421	2694.8	211	2694.8	930
2695.8	335	2695.8	172	2695.8	684
2696.8	280	2696.8	131	2696.8	494
2697.8	241	2697.8	108	2697.8	349
2698.8	212	2698.8	90	2698.8	243
2699.8	188	2699.8	74	2699.8	126
2700.8	168	2700.8	61	2700.8	100
2701.8	152	2701.8	53	2701.8	84
2702.8	139	2702.8	49	2702.8	72
2703.8	127	2703.8	47	2703.8	62
2704.8	118	2704.8	46	2704.8	54
2705.8	110	2705.8	44	2705.8	47
2706.8	102	2706.8	42	2706.8	42
2707.81	95	2707.81	40	2707.81	37
2708.81	90	2708.81	38	2708.81	33
2709.81	87	2709.81	36	2709.81	31
2710.81	85	2710.81	34	2710.81	32
2711.81	82	2711.81	32	2711.81	33
2712.81	78	2712.81	30	2712.81	33
2713.81	73	2713.81	30	2713.81	32
2714.81	68	2714.81	30	2714.81	30
2715.81	65	2715.81	30	2715.81	28
2716.81	63	2716.81	30	2716.81	27
2717.81	61	2717.81	30	2717.81	25
2718.81	58	2718.81	30	2718.81	24
2719.81	55	2719.81	29	2719.81	22
2720.81	52	2720.81	27	2720.81	22
2721.81	50	2721.81	26	2721.81	22
2722.82	49	2722.82	24	2722.82	22
2723.82	50	2723.82	23	2723.82	22
2724.82	50	2724.82	21	2724.82	22
2725.82	51	2725.82	18	2725.82	22
2726.82	51	2726.82	17	2726.82	22
2727.82	49	2727.82	15	2727.82	23
2728.82	45	2728.82	15	2728.82	23
2729.82	43	2729.82	15	2729.82	22
2730.82	43	2730.82	16	2730.82	21
2731.82	44	2731.82	16	2731.82	20
2732.82	44	2732.82	16	2732.82	20
2733.82	43	2733.82	16	2733.82	19
2734.82	42	2734.82	16	2734.82	18
2735.82	40	2735.82	16	2735.82	17
2736.82	38	2736.82	15	2736.82	16
2737.83	36	2737.83	14	2737.83	17
2738.83	36	2738.83	12	2738.83	17
2739.83	36	2739.83	10	2739.83	18
2740.83	36	2740.83	8	2740.83	18
2741.83	35	2741.83	7	2741.83	17
2742.83	34	2742.83	7	2742.83	17
2743.83	33	2743.83	7	2743.83	17
2744.83	33	2744.83	7	2744.83	18
2745.83	34	2745.83	7	2745.83	18
2746.83	37	2746.83	6	2746.83	18
2747.83	37	2747.83	5	2747.83	18
2748.83	36	2748.83	4	2748.83	18
2749.83	36	2749.83	4	2749.83	18
2750.83	35	2750.83	4	2750.83	17
2751.83	32	2751.83	4	2751.83	16
2752.84	29	2752.84	4	2752.84	16
2753.84	27	2753.84	4	2753.84	15
2754.84	28	2754.84	3	2754.84	13
2755.84	31	2755.84	3	2755.84	12
2756.84	32	2756.84	2	2756.84	12
2757.84	30	2757.84	1	2757.84	12
2758.84	27	2758.84	1	2758.84	12
2759.84	25	2759.84	2	2759.84	11
2760.84	24	2760.84	2	2760.84	10
2761.84	25	2761.84	2	2761.84	10
2762.84	26	2762.84	2	2762.84	10
2763.84	26	2763.84	2	2763.84	10
2764.84	25	2764.84	2	2764.84	12
2765.84	24	2765.84	2	2765.84	13
2766.84	23	2766.84	2	2766.84	14
2767.85	22	2767.85	2	2767.85	15
2768.85	21	2768.85	3	2768.85	15
2769.85	20	2769.85	4	2769.85	14
2770.85	18	2770.85	5	2770.85	14
2771.85	17	2771.85	5	2771.85	13
2772.85	15	2772.85	4	2772.85	12
2773.85	15	2773.85	4	2773.85	11
2774.85	17	2774.85	4	2774.85	11
2775.85	18	2775.85	3	2775.85	11
2776.85	18	2776.85	4	2776.85	12
2777.85	18	2777.85	4	2777.85	12
2778.85	17	2778.85	3	2778.85	13
2779.85	18	2779.85	2	2779.85	12
2780.85	19	2780.85	1	2780.85	12
2781.85	18	2781.85	0	2781.85	11
2782.86	15	2782.86	-1	2782.86	10
2783.86	15	2783.86	-1	2783.86	8
2784.86	18	2784.86	-1	2784.86	8
2785.86	23	2785.86	-1	2785.86	8
2786.86	27	2786.86	-2	2786.86	8
2787.86	29	2787.86	-2	2787.86	8
2788.86	30	2788.86	-2	2788.86	7
2789.86	27	2789.86	-2	2789.86	7
2790.86	24	2790.86	-1	2790.86	9
2791.86	21	2791.86	0	2791.86	12
2792.86	19	2792.86	0	2792.86	13
2793.86	19	2793.86	-1	2793.86	14
2794.86	19	2794.86	-1	2794.86	13
2795.86	18	2795.86	-2	2795.86	12
2796.86	17	2796.86	-2	2796.86	11
2797.87	16	2797.87	-2	2797.87	11
2798.87	16	2798.87	-2	2798.87	10
2799.87	16	2799.87	-2	2799.87	10
2800.87	16	2800.87	-2	2800.87	10
2801.87	15	2801.87	-3	2801.87	10
2802.87	15	2802.87	-3	2802.87	10
2803.87	16	2803.87	-2	2803.87	11
2804.87	17	2804.87	-1	2804.87	11
2805.87	16	2805.87	-1	2805.87	10
2806.87	15	2806.87	0	2806.87	11
2807.87	14	2807.87	0	2807.87	11
2808.87	13	2808.87	1	2808.87	11
2809.87	13	2809.87	1	2809.87	9
2810.87	15	2810.87	1	2810.87	7
2811.87	17	2811.87	1	2811.87	7
2812.88	17	2812.88	0	2812.88	8
2813.88	16	2813.88	0	2813.88	8
2814.88	13	2814.88	0	2814.88	7
2815.88	11	2815.88	-1	2815.88	7
2816.88	11	2816.88	-1	2816.88	7
2817.88	12	2817.88	-1	2817.88	7
2818.88	13	2818.88	-1	2818.88	6
2819.88	13	2819.88	-1	2819.88	6
2820.88	12	2820.88	0	2820.88	7
2821.88	10	2821.88	0	2821.88	8
2822.88	8	2822.88	-1	2822.88	8
2823.88	9	2823.88	-1	2823.88	8
2824.88	11	2824.88	-2	2824.88	7
2825.88	12	2825.88	-3	2825.88	6
2826.88	13	2826.88	-3	2826.88	6
2827.89	12	2827.89	-3	2827.89	5
2828.89	11	2828.89	-2	2828.89	4
2829.89	10	2829.89	-2	2829.89	4
2830.89	9	2830.89	-2	2830.89	3
2831.89	9	2831.89	-2	2831.89	3
2832.89	9	2832.89	-3	2832.89	3
2833.89	10	2833.89	-3	2833.89	4
2834.89	11	2834.89	-2	2834.89	4
2835.89	10	2835.89	-2	2835.89	4
2836.89	9	2836.89	-3	2836.89	4
2837.89	8	2837.89	-3	2837.89	5
2838.89	9	2838.89	-2	2838.89	5
2839.89	9	2839.89	-2	2839.89	6
2840.89	7	2840.89	-1	2840.89	6
2841.89	5	2841.89	-1	2841.89	7
2842.9	3	2842.9	-1	2842.9	7
2843.9	2	2843.9	-2	2843.9	7
2844.9	3	2844.9	-3	2844.9	7
2845.9	2	2845.9	-4	2845.9	6
2846.9	2	2846.9	-4	2846.9	5
2847.9	2	2847.9	-4	2847.9	5
2848.9	4	2848.9	-4	2848.9	5
2849.9	5	2849.9	-3	2849.9	5
2850.9	5	2850.9	-3	2850.9	6
2851.9	5	2851.9	-3	2851.9	5
2852.9	3	2852.9	-3	2852.9	4
2853.9	1	2853.9	-4	2853.9	2
2854.9	-1	2854.9	-4	2854.9	1
2855.9	-1	2855.9	-4	2855.9	0
2856.9	0	2856.9	-3	2856.9	-1
2857.91	-1	2857.91	-3	2857.91	0
2858.91	-1	2858.91	-3	2858.91	1
2859.91	1	2859.91	-3	2859.91	1
2860.91	3	2860.91	-2	2860.91	3
2861.91	4	2861.91	-1	2861.91	4
2862.91	4	2862.91	-1	2862.91	4
2863.91	3	2863.91	-1	2863.91	3
2864.91	2	2864.91	-2	2864.91	2
2865.91	1	2865.91	-3	2865.91	1
2866.91	1	2866.91	-3	2866.91	2
2867.91	1	2867.91	-4	2867.91	2
2868.91	1	2868.91	-3	2868.91	3
2869.91	0	2869.91	-3	2869.91	4
2870.91	-1	2870.91	-2	2870.91	4
2871.91	0	2871.91	-2	2871.91	3
2872.92	-1	2872.92	-2	2872.92	0
2873.92	-3	2873.92	-2	2873.92	-1
2874.92	-4	2874.92	-2	2874.92	-2
2875.92	-4	2875.92	-2	2875.92	-1
2876.92	-4	2876.92	-2	2876.92	0
2877.92	-4	2877.92	-3	2877.92	1
2878.92	-5	2878.92	-3	2878.92	0
2879.92	-6	2879.92	-3	2879.92	0
2880.92	-6	2880.92	-3	2880.92	0
2881.92	-7	2881.92	-3	2881.92	1
2882.92	-6	2882.92	-3	2882.92	2
2883.92	-5	2883.92	-3	2883.92	2
2884.92	-3	2884.92	-4	2884.92	3
2885.92	-2	2885.92	-4	2885.92	2
2886.92	-3	2886.92	-3	2886.92	0
2887.93	-5	2887.93	-3	2887.93	-1
2888.93	-5	2888.93	-3	2888.93	0
2889.93	-4	2889.93	-2	2889.93	1
2890.93	-2	2890.93	-2	2890.93	3
2891.93	-3	2891.93	-2	2891.93	5
2892.93	-5	2892.93	-2	2892.93	6
2893.93	-7	2893.93	-2	2893.93	5
2894.93	-7	2894.93	-2	2894.93	4
2895.93	-6	2895.93	-2	2895.93	3
2896.93	-5	2896.93	-1	2896.93	3
2897.93	-4	2897.93	-1	2897.93	3
2898.93	-2	2898.93	-2	2898.93	3
2899.93	-2	2899.93	-2	2899.93	3
2900.93	-3	2900.93	-3	2900.93	3
2901.93	-5	2901.93	-3	2901.93	4
2902.94	-7	2902.94	-3	2902.94	5
2903.94	-7	2903.94	-3	2903.94	5
2904.94	-7	2904.94	-2	2904.94	4
2905.94	-5	2905.94	-2	2905.94	2
2906.94	-5	2906.94	-2	2906.94	0
2907.94	-5	2907.94	-1	2907.94	-1
2908.94	-4	2908.94	-1	2908.94	-2
2909.94	-3	2909.94	-1	2909.94	-2
2910.94	-2	2910.94	-1	2910.94	-2
2911.94	-2	2911.94	-2	2911.94	-1
2912.94	-1	2912.94	-3	2912.94	0
2913.94	-1	2913.94	-3	2913.94	0
2914.94	-2	2914.94	-4	2914.94	1
2915.94	-2	2915.94	-4	2915.94	1
2916.94	-3	2916.94	-3	2916.94	1
2917.95	-4	2917.95	-2	2917.95	1
2918.95	-4	2918.95	-2	2918.95	2
2919.95	-2	2919.95	-2	2919.95	3
2920.95	-1	2920.95	-2	2920.95	3
2921.95	-1	2921.95	-3	2921.95	3
2922.95	-2	2922.95	-3	2922.95	3
2923.95	-2	2923.95	-4	2923.95	3
2924.95	-2	2924.95	-4	2924.95	3
2925.95	-2	2925.95	-4	2925.95	2
2926.95	-3	2926.95	-4	2926.95	2
2927.95	-5	2927.95	-3	2927.95	2
2928.95	-5	2928.95	-3	2928.95	3
2929.95	-5	2929.95	-3	2929.95	2
2930.95	-4	2930.95	-3	2930.95	2
2931.95	-3	2931.95	-4	2931.95	2
2932.96	-3	2932.96	-4	2932.96	2
2933.96	-3	2933.96	-4	2933.96	1
2934.96	-3	2934.96	-4	2934.96	1
2935.96	-4	2935.96	-4	2935.96	1
2936.96	-6	2936.96	-4	2936.96	3
2937.96	-7	2937.96	-4	2937.96	2
2938.96	-7	2938.96	-5	2938.96	1
2939.96	-7	2939.96	-5	2939.96	2
2940.96	-6	2940.96	-5	2940.96	2
2941.96	-6	2941.96	-5	2941.96	3
2942.96	-7	2942.96	-5	2942.96	2
2943.96	-8	2943.96	-5	2943.96	1
2944.96	-8	2944.96	-5	2944.96	2
2945.96	-6	2945.96	-5	2945.96	2
2946.96	-5	2946.96	-3	2946.96	1
2947.97	-4	2947.97	-2	2947.97	0
2948.97	-5	2948.97	-2	2948.97	0
2949.97	-5	2949.97	-3	2949.97	0
2950.97	-6	2950.97	-3	2950.97	0
2951.97	-6	2951.97	-4	2951.97	-1
2952.97	-6	2952.97	-4	2952.97	-2
2953.97	-6	2953.97	-5	2953.97	-2
2954.97	-6	2954.97	-5	2954.97	-2
2955.97	-6	2955.97	-4	2955.97	-1
2956.97	-6	2956.97	-4	2956.97	0
2957.97	-5	2957.97	-4	2957.97	1
2958.97	-5	2958.97	-3	2958.97	2
2959.97	-4	2959.97	-4	2959.97	3
2960.97	-4	2960.97	-4	2960.97	4
2961.97	-3	2961.97	-5	2961.97	4
2962.98	-3	2962.98	-5	2962.98	4
2963.98	-2	2963.98	-5	2963.98	3
2964.98	-2	2964.98	-4	2964.98	1
2965.98	-3	2965.98	-4	2965.98	1
2966.98	-4	2966.98	-3	2966.98	1
2967.98	-6	2967.98	-4	2967.98	2
2968.98	-7	2968.98	-4	2968.98	3
2969.98	-6	2969.98	-4	2969.98	3
2970.98	-4	2970.98	-4	2970.98	5
2971.98	-3	2971.98	-3	2971.98	6
2972.98	-3	2972.98	-3	2972.98	7
2973.98	-5	2973.98	-2	2973.98	5
2974.98	-5	2974.98	-1	2974.98	3
2975.98	-5	2975.98	-1	2975.98	1
2976.98	-4	2976.98	-1	2976.98	1
2977.99	-3	2977.99	-2	2977.99	1
2978.99	-3	2978.99	-2	2978.99	2
2979.99	-3	2979.99	-3	2979.99	3
2980.99	-3	2980.99	-4	2980.99	3
2981.99	-3	2981.99	-4	2981.99	3
2982.99	-3	2982.99	-4	2982.99	3
2983.99	-3	2983.99	-4	2983.99	2
2984.99	-4	2984.99	-4	2984.99	2
2985.99	-5	2985.99	-3	2985.99	2
2986.99	-6	2986.99	-3	2986.99	2
2987.99	-7	2987.99	-2	2987.99	2
2988.99	-6	2988.99	-3	2988.99	4
2989.99	-5	2989.99	-4	2989.99	6
2990.99	-3	2990.99	-4	2990.99	7
2991.99	-3	2991.99	-4	2991.99	6
2993	-4	2993	-4	2993	5
2994	-5	2994	-3	2994	4
2995	-4	2995	-3	2995	4
2996	-4	2996	-3	2996	3
2997	-4	2997	-4	2997	1
2998	-5	2998	-3	2998	1
2999	-6	2999	-3	2999	1
