Time (HH:MM:SS) - Plot 0	RFU - Plot 0	Time (HH:MM:SS) - Plot 1	RFU - Plot 1	Time (HH:MM:SS) - Plot 2	RFU - Plot 2
0	0	0	0	0	0
1.00067	0	1.00067	0	1.00067	0
2.00133	0	2.00133	0	2.00133	0
3.002	0	3.002	1	3.002	0
4.00267	0	4.00267	1	4.00267	0
5.00334	0	5.00334	1	5.00334	0
6.004	0	6.004	0	6.004	0
7.00467	0	7.00467	0	7.00467	0
8.00534	1	8.00534	0	8.00534	0
9.006	0	9.006	0	9.006	0
10.0067	0	10.0067	0	10.0067	0
11.0073	0	11.0073	1	11.0073	0
12.008	1	12.008	2	12.008	1
13.0087	2	13.0087	3	13.0087	3
14.0093	2	14.0093	4	14.0093	4
15.01	2	15.01	4	15.01	4
16.0107	3	16.0107	3	16.0107	4
17.0113	5	17.0113	2	17.0113	3
18.012	7	18.012	3	18.012	3
19.0127	8	19.0127	4	19.0127	2
20.0133	7	20.0133	4	20.0133	2
21.014	5	21.014	3	21.014	2
22.0147	5	22.0147	1	22.0147	3
23.0153	5	23.0153	0	23.0153	3
24.016	6	24.016	0	24.016	3
25.0167	5	25.0167	0	25.0167	2
26.0173	5	26.0173	2	26.0173	2
27.018	4	27.018	3	27.018	3
28.0187	3	28.0187	4	28.0187	4
29.0193	3	29.0193	5	29.0193	3
30.02	5	30.02	5	30.02	3
31.0207	7	31.0207	4	31.0207	3
32.0213	8	32.0213	4	32.0213	4
33.022	8	33.022	4	33.022	5
34.0227	8	34.0227	4	34.0227	5
35.0233	9	35.0233	5	35.0233	5
36.024	10	36.024	4	36.024	3
37.0247	10	37.0247	4	37.0247	1
38.0254	10	38.0254	3	38.0254	0
39.026	10	39.026	3	39.026	0
40.0267	10	40.0267	2	40.0267	1
41.0274	9	41.0274	2	41.0274	2
42.028	8	42.028	3	42.028	1
43.0287	6	43.0287	3	43.0287	0
44.0294	6	44.0294	3	44.0294	0
45.03	6	45.03	3	45.03	1
46.0307	6	46.0307	3	46.0307	3
47.0314	6	47.0314	3	47.0314	2
48.032	6	48.032	3	48.032	1
49.0327	7	49.0327	3	49.0327	0
50.0334	7	50.0334	3	50.0334	0
51.034	7	51.034	3	51.034	1
52.0347	8	52.0347	3	52.0347	1
53.0354	7	53.0354	4	53.0354	2
54.036	6	54.036	4	54.036	3
55.0367	5	55.0367	4	55.0367	3
56.0374	4	56.0374	4	56.0374	1
57.038	5	57.038	5	57.038	1
58.0387	5	58.0387	5	58.0387	3
59.0394	5	59.0394	5	59.0394	5
60.04	6	60.04	5	60.04	6
61.0407	6	61.0407	4	61.0407	7
62.0414	6	62.0414	4	62.0414	8
63.042	5	63.042	3	63.042	9
64.0427	4	64.0427	3	64.0427	8
65.0434	4	65.0434	4	65.0434	8
66.044	4	66.044	4	66.044	8
67.0447	3	67.0447	3	67.0447	8
68.0454	2	68.0454	2	68.0454	9
69.046	3	69.046	2	69.046	9
70.0467	3	70.0467	1	70.0467	9
71.0474	3	71.0474	1	71.0474	8
72.048	4	72.048	0	72.048	8
73.0487	4	73.0487	0	73.0487	8
74.0494	5	74.0494	0	74.0494	8
75.05	5	75.05	1	75.05	8
76.0507	4	76.0507	1	76.0507	6
77.0514	4	77.0514	1	77.0514	5
78.052	4	78.052	0	78.052	5
79.0527	4	79.0527	0	79.0527	5
80.0534	4	80.0534	0	80.0534	5
81.054	3	81.054	1	81.054	5
82.0547	2	82.0547	2	82.0547	5
83.0554	2	83.0554	2	83.0554	5
84.056	2	84.056	2	84.056	4
85.0567	3	85.0567	2	85.0567	4
86.0574	4	86.0574	2	86.0574	4
87.058	5	87.058	2	87.058	4
88.0587	5	88.0587	2	88.0587	4
89.0594	5	89.0594	2	89.0594	4
90.06	5	90.06	2	90.06	5
91.0607	5	91.0607	3	91.0607	7
92.0614	5	92.0614	3	92.0614	8
93.062	5	93.062	3	93.062	7
94.0627	5	94.0627	2	94.0627	5
95.0634	4	95.0634	1	95.0634	3
96.064	3	96.064	1	96.064	2
97.0647	2	97.0647	1	97.0647	3
98.0654	1	98.0654	1	98.0654	4
99.066	0	99.066	1	99.066	5
100.067	0	100.067	2	100.067	5
101.067	1	101.067	2	101.067	4
102.068	2	102.068	3	102.068	4
103.069	2	103.069	2	103.069	3
104.069	3	104.069	2	104.069	2
105.07	3	105.07	3	105.07	2
106.071	3	106.071	3	106.071	3
107.071	3	107.071	4	107.071	3
108.072	3	108.072	4	108.072	3
109.073	3	109.073	4	109.073	1
110.073	4	110.073	3	110.073	0
111.074	4	111.074	3	111.074	0
112.075	3	112.075	2	112.075	1
113.075	3	113.075	2	113.075	0
114.076	2	114.076	3	114.076	0
115.077	2	115.077	3	115.077	0
116.077	3	116.077	3	116.077	0
117.078	4	117.078	3	117.078	1
118.079	3	118.079	3	118.079	3
119.079	2	119.079	2	119.079	4
120.08	1	120.08	2	120.08	5
121.081	1	121.081	1	121.081	5
122.081	2	122.081	1	122.081	5
123.082	2	123.082	1	123.082	5
124.083	2	124.083	2	124.083	5
125.083	1	125.083	3	125.083	5
126.084	0	126.084	3	126.084	3
127.085	0	127.085	3	127.085	2
128.085	0	128.085	3	128.085	1
129.086	1	129.086	3	129.086	2
130.087	2	130.087	3	130.087	3
131.087	2	131.087	4	131.087	4
132.088	1	132.088	4	132.088	3
133.089	0	133.089	4	133.089	2
134.089	0	134.089	4	134.089	1
135.09	0	135.09	4	135.09	0
136.091	0	136.091	4	136.091	0
137.091	0	137.091	4	137.091	0
138.092	0	138.092	4	138.092	1
139.093	0	139.093	4	139.093	1
140.093	0	140.093	3	140.093	2
141.094	0	141.094	2	141.094	3
142.095	0	142.095	1	142.095	4
143.095	0	143.095	1	143.095	5
144.096	0	144.096	1	144.096	6
145.097	0	145.097	1	145.097	5
146.097	1	146.097	2	146.097	4
147.098	1	147.098	3	147.098	3
148.099	2	148.099	3	148.099	2
149.099	3	149.099	2	149.099	1
150.1	3	150.1	1	150.1	0
151.101	2	151.101	0	151.101	0
152.101	1	152.101	0	152.101	1
153.102	0	153.102	0	153.102	3
154.103	0	154.103	0	154.103	5
155.103	0	155.103	1	155.103	4
156.104	0	156.104	2	156.104	3
157.105	0	157.105	3	157.105	2
158.105	0	158.105	4	158.105	2
159.106	1	159.106	4	159.106	2
160.107	3	160.107	3	160.107	3
161.107	3	161.107	2	161.107	4
162.108	3	162.108	2	162.108	5
163.109	3	163.109	2	163.109	5
164.109	4	164.109	3	164.109	6
165.11	4	165.11	4	165.11	6
166.111	4	166.111	4	166.111	5
167.111	4	167.111	3	167.111	4
168.112	4	168.112	2	168.112	3
169.113	4	169.113	1	169.113	2
170.113	4	170.113	1	170.113	1
171.114	3	171.114	0	171.114	2
172.115	3	172.115	0	172.115	3
173.115	2	173.115	1	173.115	3
174.116	1	174.116	1	174.116	4
175.117	0	175.117	2	175.117	3
176.117	0	176.117	2	176.117	3
177.118	0	177.118	2	177.118	3
178.119	1	178.119	2	178.119	3
179.119	3	179.119	2	179.119	3
180.12	3	180.12	2	180.12	4
181.121	4	181.121	1	181.121	5
182.121	4	182.121	1	182.121	5
183.122	4	183.122	2	183.122	6
184.123	4	184.123	2	184.123	6
185.123	4	185.123	3	185.123	5
186.124	5	186.124	3	186.124	4
187.125	5	187.125	3	187.125	2
188.125	4	188.125	3	188.125	2
189.126	3	189.126	2	189.126	2
190.127	3	190.127	2	190.127	2
191.127	3	191.127	2	191.127	1
192.128	2	192.128	2	192.128	1
193.129	1	193.129	2	193.129	1
194.129	1	194.129	2	194.129	2
195.13	2	195.13	2	195.13	3
196.131	3	196.131	2	196.131	3
197.131	3	197.131	2	197.131	3
198.132	3	198.132	2	198.132	3
199.133	3	199.133	1	199.133	3
200.133	3	200.133	1	200.133	3
201.134	3	201.134	1	201.134	4
202.135	3	202.135	1	202.135	5
203.135	2	203.135	1	203.135	5
204.136	0	204.136	1	204.136	5
205.137	0	205.137	1	205.137	4
206.137	1	206.137	0	206.137	2
207.138	1	207.138	1	207.138	2
208.139	1	208.139	1	208.139	2
209.139	1	209.139	2	209.139	3
210.14	1	210.14	2	210.14	2
211.141	1	211.141	2	211.141	2
212.141	1	212.141	2	212.141	1
213.142	0	213.142	2	213.142	2
214.143	1	214.143	2	214.143	2
215.143	1	215.143	2	215.143	2
216.144	1	216.144	1	216.144	1
217.145	1	217.145	1	217.145	1
218.145	1	218.145	2	218.145	2
219.146	1	219.146	2	219.146	3
220.147	1	220.147	2	220.147	3
221.147	1	221.147	3	221.147	2
222.148	0	222.148	3	222.148	2
223.149	0	223.149	3	223.149	1
224.149	0	224.149	3	224.149	0
225.15	0	225.15	3	225.15	0
226.151	0	226.151	3	226.151	0
227.151	2	227.151	2	227.151	0
228.152	3	228.152	2	228.152	0
229.153	3	229.153	2	229.153	0
230.153	2	230.153	2	230.153	-1
231.154	1	231.154	1	231.154	-3
232.155	0	232.155	0	232.155	-5
233.155	0	233.155	0	233.155	-5
234.156	0	234.156	0	234.156	-4
235.157	0	235.157	0	235.157	-3
236.157	0	236.157	0	236.157	-4
237.158	1	237.158	1	237.158	-5
238.159	1	238.159	1	238.159	-6
239.159	0	239.159	1	239.159	-7
240.16	0	240.16	1	240.16	-9
241.161	0	241.161	1	241.161	-11
242.161	0	242.161	1	242.161	-11
243.162	0	243.162	1	243.162	-10
244.163	0	244.163	1	244.163	-8
245.163	0	245.163	1	245.163	-8
246.164	0	246.164	2	246.164	-7
247.165	0	247.165	2	247.165	-6
248.165	0	248.165	3	248.165	-5
249.166	0	249.166	3	249.166	-4
250.167	0	250.167	3	250.167	-3
251.167	1	251.167	3	251.167	-2
252.168	2	252.168	3	252.168	-3
253.169	3	253.169	3	253.169	-4
254.169	3	254.169	3	254.169	-4
255.17	4	255.17	3	255.17	-4
256.171	5	256.171	3	256.171	-3
257.171	6	257.171	3	257.171	-2
258.172	6	258.172	3	258.172	-1
259.173	6	259.173	3	259.173	-1
260.173	5	260.173	3	260.173	-1
261.174	4	261.174	3	261.174	0
262.175	3	262.175	3	262.175	0
263.175	3	263.175	3	263.175	-2
264.176	4	264.176	3	264.176	-3
265.177	5	265.177	3	265.177	-2
266.177	5	266.177	3	266.177	-2
267.178	5	267.178	2	267.178	-1
268.179	4	268.179	1	268.179	-1
269.179	4	269.179	1	269.179	0
270.18	3	270.18	1	270.18	0
271.181	3	271.181	1	271.181	-1
272.181	3	272.181	1	272.181	-2
273.182	2	273.182	1	273.182	-2
274.183	2	274.183	0	274.183	-3
275.183	2	275.183	0	275.183	-3
276.184	2	276.184	0	276.184	-3
277.185	2	277.185	0	277.185	-3
278.185	1	278.185	1	278.185	-3
279.186	1	279.186	2	279.186	-2
280.187	1	280.187	2	280.187	-1
281.187	1	281.187	1	281.187	-1
282.188	2	282.188	1	282.188	-2
283.189	2	283.189	1	283.189	-2
284.189	2	284.189	1	284.189	-3
285.19	1	285.19	1	285.19	-3
286.191	0	286.191	1	286.191	-2
287.191	0	287.191	1	287.191	-2
288.192	0	288.192	1	288.192	-2
289.193	0	289.193	1	289.193	-2
290.193	1	290.193	2	290.193	-1
291.194	1	291.194	2	291.194	0
292.195	1	292.195	2	292.195	0
293.195	1	293.195	2	293.195	0
294.196	1	294.196	2	294.196	0
295.197	0	295.197	2	295.197	0
296.197	0	296.197	3	296.197	0
297.198	0	297.198	4	297.198	0
298.199	0	298.199	4	298.199	0
299.199	0	299.199	4	299.199	2
300.2	0	300.2	3	300.2	3
301.201	0	301.201	2	301.201	4
302.201	0	302.201	1	302.201	4
303.202	0	303.202	0	303.202	3
304.203	0	304.203	0	304.203	2
305.203	0	305.203	1	305.203	3
306.204	0	306.204	1	306.204	3
307.205	0	307.205	2	307.205	2
308.205	1	308.205	1	308.205	1
309.206	2	309.206	1	309.206	0
310.207	3	310.207	1	310.207	1
311.207	3	311.207	1	311.207	2
312.208	2	312.208	1	312.208	4
313.209	1	313.209	1	313.209	5
314.209	0	314.209	1	314.209	5
315.21	0	315.21	1	315.21	4
316.211	1	316.211	1	316.211	3
317.211	1	317.211	1	317.211	3
318.212	1	318.212	1	318.212	3
319.213	1	319.213	1	319.213	2
320.213	1	320.213	1	320.213	2
321.214	1	321.214	1	321.214	2
322.215	1	322.215	1	322.215	2
323.215	1	323.215	1	323.215	1
324.216	1	324.216	1	324.216	2
325.217	1	325.217	1	325.217	2
326.217	1	326.217	2	326.217	2
327.218	2	327.218	2	327.218	1
328.219	2	328.219	2	328.219	0
329.219	2	329.219	2	329.219	1
330.22	2	330.22	2	330.22	1
331.221	1	331.221	2	331.221	1
332.221	1	332.221	2	332.221	0
333.222	2	333.222	3	333.222	0
334.223	2	334.223	2	334.223	0
335.223	2	335.223	2	335.223	0
336.224	2	336.224	1	336.224	0
337.225	2	337.225	1	337.225	0
338.225	2	338.225	1	338.225	0
339.226	2	339.226	1	339.226	0
340.227	2	340.227	1	340.227	0
341.227	2	341.227	1	341.227	0
342.228	1	342.228	1	342.228	0
343.229	1	343.229	2	343.229	0
344.229	0	344.229	2	344.229	0
345.23	0	345.23	1	345.23	0
346.231	0	346.231	1	346.231	0
347.231	1	347.231	1	347.231	0
348.232	1	348.232	1	348.232	0
349.233	2	349.233	1	349.233	0
350.233	2	350.233	2	350.233	1
351.234	2	351.234	1	351.234	0
352.235	2	352.235	1	352.235	0
353.235	3	353.235	1	353.235	0
354.236	3	354.236	1	354.236	1
355.237	3	355.237	1	355.237	2
356.237	3	356.237	1	356.237	3
357.238	3	357.238	1	357.238	3
358.239	3	358.239	1	358.239	2
359.239	2	359.239	1	359.239	1
360.24	2	360.24	0	360.24	0
361.241	2	361.241	0	361.241	0
362.241	2	362.241	0	362.241	1
363.242	1	363.242	1	363.242	2
364.243	0	364.243	1	364.243	3
365.243	0	365.243	2	365.243	3
366.244	0	366.244	2	366.244	3
367.245	1	367.245	2	367.245	3
368.245	1	368.245	2	368.245	4
369.246	2	369.246	1	369.246	3
370.247	2	370.247	0	370.247	1
371.247	2	371.247	0	371.247	0
372.248	2	372.248	0	372.248	0
373.249	2	373.249	1	373.249	0
374.249	2	374.249	1	374.249	1
375.25	2	375.25	1	375.25	1
376.251	1	376.251	1	376.251	2
377.252	1	377.252	1	377.252	3
378.252	0	378.252	1	378.252	4
379.253	0	379.253	1	379.253	5
380.254	1	380.254	0	380.254	5
381.254	1	381.254	0	381.254	4
382.255	0	382.255	0	382.255	5
383.256	0	383.256	0	383.256	5
384.256	0	384.256	0	384.256	5
385.257	1	385.257	0	385.257	4
386.258	2	386.258	0	386.258	3
387.258	3	387.258	0	387.258	3
388.259	3	388.259	0	388.259	4
389.26	3	389.26	0	389.26	5
390.26	2	390.26	0	390.26	5
391.261	1	391.261	0	391.261	4
392.262	0	392.262	0	392.262	3
393.262	0	393.262	0	393.262	4
394.263	0	394.263	0	394.263	4
395.264	0	395.264	0	395.264	4
396.264	0	396.264	0	396.264	3
397.265	0	397.265	0	397.265	3
398.266	1	398.266	0	398.266	3
399.266	2	399.266	0	399.266	4
400.267	2	400.267	0	400.267	4
401.268	3	401.268	1	401.268	3
402.268	3	402.268	1	402.268	3
403.269	2	403.269	1	403.269	4
404.27	1	404.27	1	404.27	5
405.27	1	405.27	1	405.27	5
406.271	1	406.271	1	406.271	6
407.272	2	407.272	1	407.272	5
408.272	1	408.272	1	408.272	5
409.273	1	409.273	1	409.273	5
410.274	1	410.274	1	410.274	5
411.274	1	411.274	1	411.274	5
412.275	2	412.275	1	412.275	5
413.276	3	413.276	1	413.276	5
414.276	3	414.276	1	414.276	5
415.277	3	415.277	1	415.277	4
416.278	2	416.278	1	416.278	4
417.278	1	417.278	1	417.278	3
418.279	1	418.279	1	418.279	2
419.28	1	419.28	0	419.28	1
420.28	0	420.28	0	420.28	0
421.281	0	421.281	1	421.281	0
422.282	0	422.282	1	422.282	0
423.282	1	423.282	1	423.282	1
424.283	1	424.283	1	424.283	2
425.284	1	425.284	1	425.284	2
426.284	2	426.284	1	426.284	2
427.285	3	427.285	1	427.285	1
428.286	3	428.286	1	428.286	1
429.286	2	429.286	2	429.286	0
430.287	2	430.287	2	430.287	0
431.288	2	431.288	2	431.288	0
432.288	2	432.288	1	432.288	0
433.289	1	433.289	1	433.289	1
434.29	1	434.29	0	434.29	2
435.29	0	435.29	0	435.29	3
436.291	0	436.291	0	436.291	4
437.292	0	437.292	0	437.292	4
438.292	0	438.292	0	438.292	5
439.293	0	439.293	0	439.293	6
440.294	0	440.294	0	440.294	7
441.294	0	441.294	1	441.294	5
442.295	0	442.295	1	442.295	4
443.296	0	443.296	2	443.296	2
444.296	1	444.296	2	444.296	2
445.297	3	445.297	2	445.297	2
446.298	3	446.298	2	446.298	3
447.298	2	447.298	2	447.298	3
448.299	2	448.299	2	448.299	3
449.3	1	449.3	1	449.3	2
450.3	1	450.3	1	450.3	2
451.301	1	451.301	2	451.301	1
452.302	2	452.302	2	452.302	2
453.302	3	453.302	2	453.302	2
454.303	3	454.303	2	454.303	3
455.304	2	455.304	2	455.304	3
456.304	1	456.304	2	456.304	4
457.305	1	457.305	2	457.305	4
458.306	1	458.306	3	458.306	4
459.306	1	459.306	3	459.306	3
460.307	2	460.307	3	460.307	3
461.308	3	461.308	2	461.308	2
462.308	3	462.308	2	462.308	3
463.309	3	463.309	1	463.309	2
464.31	3	464.31	2	464.31	1
465.31	3	465.31	2	465.31	0
466.311	3	466.311	3	466.311	1
467.312	3	467.312	2	467.312	1
468.312	3	468.312	2	468.312	2
469.313	3	469.313	2	469.313	2
470.314	2	470.314	2	470.314	2
471.314	2	471.314	1	471.314	2
472.315	1	472.315	1	472.315	2
473.316	1	473.316	0	473.316	1
474.316	1	474.316	0	474.316	1
475.317	1	475.317	1	475.317	0
476.318	1	476.318	1	476.318	0
477.318	1	477.318	2	477.318	0
478.319	0	478.319	2	478.319	1
479.32	0	479.32	2	479.32	1
480.32	0	480.32	1	480.32	1
481.321	1	481.321	1	481.321	2
482.322	2	482.322	0	482.322	3
483.322	2	483.322	0	483.322	4
484.323	2	484.323	0	484.323	3
485.324	1	485.324	0	485.324	3
486.324	1	486.324	1	486.324	2
487.325	1	487.325	1	487.325	2
488.326	1	488.326	1	488.326	1
489.326	1	489.326	1	489.326	0
490.327	1	490.327	1	490.327	0
491.328	0	491.328	1	491.328	1
492.328	0	492.328	1	492.328	1
493.329	0	493.329	1	493.329	1
494.33	0	494.33	1	494.33	1
495.33	0	495.33	0	495.33	0
496.331	0	496.331	1	496.331	0
497.332	0	497.332	0	497.332	0
498.332	0	498.332	0	498.332	0
499.333	0	499.333	0	499.333	0
500.334	0	500.334	1	500.334	0
501.334	0	501.334	1	501.334	0
502.335	0	502.335	2	502.335	0
503.336	0	503.336	2	503.336	0
504.336	0	504.336	2	504.336	0
505.337	1	505.337	3	505.337	0
506.338	1	506.338	3	506.338	0
507.338	2	507.338	3	507.338	0
508.339	3	508.339	3	508.339	0
509.34	4	509.34	3	509.34	0
510.34	3	510.34	3	510.34	0
511.341	3	511.341	3	511.341	0
512.342	3	512.342	3	512.342	0
513.342	4	513.342	3	513.342	2
514.343	4	514.343	3	514.343	3
515.344	4	515.344	2	515.344	2
516.344	4	516.344	2	516.344	1
517.345	4	517.345	1	517.345	1
518.346	4	518.346	1	518.346	2
519.346	4	519.346	1	519.346	3
520.347	4	520.347	1	520.347	4
521.348	4	521.348	1	521.348	4
522.348	4	522.348	1	522.348	4
523.349	4	523.349	2	523.349	4
524.35	3	524.35	1	524.35	4
525.35	2	525.35	1	525.35	4
526.351	2	526.351	1	526.351	4
527.352	2	527.352	1	527.352	4
528.352	2	528.352	1	528.352	3
529.353	2	529.353	1	529.353	3
530.354	2	530.354	1	530.354	3
531.354	2	531.354	1	531.354	3
532.355	1	532.355	1	532.355	2
533.356	0	533.356	2	533.356	1
534.356	0	534.356	2	534.356	1
535.357	1	535.357	2	535.357	2
536.358	2	536.358	2	536.358	2
537.358	2	537.358	2	537.358	3
538.359	3	538.359	2	538.359	3
539.36	4	539.36	1	539.36	3
540.36	4	540.36	1	540.36	4
541.361	4	541.361	1	541.361	3
542.362	3	542.362	2	542.362	3
543.362	3	543.362	2	543.362	3
544.363	3	544.363	2	544.363	3
545.364	3	545.364	2	545.364	3
546.364	3	546.364	2	546.364	3
547.365	3	547.365	3	547.365	3
548.366	4	548.366	2	548.366	2
549.366	4	549.366	2	549.366	1
550.367	3	550.367	2	550.367	1
551.368	3	551.368	2	551.368	2
552.368	3	552.368	2	552.368	2
553.369	3	553.369	3	553.369	1
554.37	3	554.37	2	554.37	0
555.37	2	555.37	2	555.37	0
556.371	2	556.371	2	556.371	0
557.372	2	557.372	2	557.372	0
558.372	2	558.372	2	558.372	0
559.373	2	559.373	2	559.373	0
560.374	1	560.374	2	560.374	0
561.374	0	561.374	2	561.374	-1
562.375	1	562.375	2	562.375	-2
563.376	1	563.376	1	563.376	-2
564.376	1	564.376	1	564.376	-3
565.377	1	565.377	1	565.377	-2
566.378	2	566.378	1	566.378	-3
567.378	2	567.378	1	567.378	-4
568.379	1	568.379	2	568.379	-5
569.38	2	569.38	2	569.38	-5
570.38	2	570.38	2	570.38	-4
571.381	2	571.381	2	571.381	-4
572.382	2	572.382	2	572.382	-3
573.382	2	573.382	2	573.382	-3
574.383	2	574.383	2	574.383	-2
575.384	2	575.384	2	575.384	-1
576.384	2	576.384	2	576.384	0
577.385	2	577.385	2	577.385	0
578.386	1	578.386	2	578.386	0
579.386	1	579.386	2	579.386	0
580.387	2	580.387	2	580.387	-1
581.388	3	581.388	2	581.388	-2
582.388	3	582.388	1	582.388	-3
583.389	3	583.389	1	583.389	-3
584.39	4	584.39	1	584.39	-3
585.39	4	585.39	1	585.39	-2
586.391	4	586.391	2	586.391	-2
587.392	4	587.392	3	587.392	-1
588.392	4	588.392	3	588.392	0
589.393	3	589.393	3	589.393	0
590.394	3	590.394	3	590.394	-1
591.394	4	591.394	3	591.394	-2
592.395	4	592.395	3	592.395	-2
593.396	2	593.396	4	593.396	-2
594.396	1	594.396	3	594.396	-2
595.397	2	595.397	2	595.397	-1
596.398	2	596.398	1	596.398	0
597.398	2	597.398	0	597.398	0
598.399	2	598.399	0	598.399	0
599.4	2	599.4	1	599.4	-1
600.4	3	600.4	2	600.4	-1
601.401	3	601.401	2	601.401	-1
602.402	4	602.402	2	602.402	-1
603.402	3	603.402	2	603.402	0
604.403	2	604.403	2	604.403	0
605.404	1	605.404	2	605.404	0
606.404	0	606.404	2	606.404	-1
607.405	0	607.405	2	607.405	-1
608.406	0	608.406	2	608.406	0
609.406	1	609.406	2	609.406	0
610.407	1	610.407	2	610.407	0
611.408	1	611.408	2	611.408	0
612.408	1	612.408	2	612.408	0
613.409	1	613.409	2	613.409	0
614.41	2	614.41	3	614.41	0
615.41	3	615.41	3	615.41	0
616.411	3	616.411	2	616.411	0
617.412	3	617.412	2	617.412	0
618.412	2	618.412	2	618.412	0
619.413	2	619.413	1	619.413	0
620.414	2	620.414	1	620.414	0
621.414	2	621.414	0	621.414	0
622.415	2	622.415	0	622.415	0
623.416	2	623.416	0	623.416	1
624.416	1	624.416	1	624.416	1
625.417	1	625.417	2	625.417	2
626.418	1	626.418	2	626.418	3
627.418	2	627.418	1	627.418	2
628.419	1	628.419	1	628.419	2
629.42	1	629.42	0	629.42	2
630.42	1	630.42	1	630.42	1
631.421	1	631.421	1	631.421	0
632.422	2	632.422	1	632.422	0
633.422	1	633.422	1	633.422	0
634.423	1	634.423	1	634.423	0
635.424	2	635.424	1	635.424	1
636.424	2	636.424	1	636.424	2
637.425	2	637.425	1	637.425	4
638.426	2	638.426	1	638.426	5
639.426	2	639.426	2	639.426	5
640.427	2	640.427	2	640.427	5
641.428	3	641.428	2	641.428	4
642.428	2	642.428	2	642.428	3
643.429	2	643.429	1	643.429	2
644.43	2	644.43	1	644.43	2
645.43	2	645.43	1	645.43	3
646.431	2	646.431	1	646.431	3
647.432	2	647.432	2	647.432	4
648.432	2	648.432	2	648.432	4
649.433	1	649.433	3	649.433	4
650.434	1	650.434	2	650.434	3
651.434	0	651.434	2	651.434	3
652.435	1	652.435	2	652.435	3
653.436	1	653.436	1	653.436	4
654.436	1	654.436	1	654.436	5
655.437	1	655.437	2	655.437	5
656.438	0	656.438	2	656.438	4
657.438	0	657.438	2	657.438	3
658.439	0	658.439	2	658.439	2
659.44	0	659.44	1	659.44	2
660.44	0	660.44	1	660.44	2
661.441	0	661.441	1	661.441	3
662.442	1	662.442	1	662.442	3
663.442	1	663.442	1	663.442	3
664.443	2	664.443	2	664.443	3
665.444	2	665.444	1	665.444	3
666.444	2	666.444	0	666.444	3
667.445	3	667.445	0	667.445	3
668.446	3	668.446	0	668.446	2
669.446	2	669.446	0	669.446	2
670.447	2	670.447	0	670.447	2
671.448	2	671.448	0	671.448	2
672.448	2	672.448	0	672.448	2
673.449	2	673.449	0	673.449	2
674.45	2	674.45	1	674.45	3
675.45	2	675.45	1	675.45	3
676.451	2	676.451	1	676.451	2
677.452	1	677.452	1	677.452	1
678.452	1	678.452	1	678.452	1
679.453	1	679.453	1	679.453	1
680.454	1	680.454	2	680.454	1
681.454	1	681.454	2	681.454	0
682.455	2	682.455	2	682.455	0
683.456	2	683.456	2	683.456	0
684.456	2	684.456	1	684.456	1
685.457	2	685.457	2	685.457	1
686.458	1	686.458	2	686.458	2
687.458	1	687.458	2	687.458	2
688.459	1	688.459	2	688.459	2
689.46	1	689.46	1	689.46	3
690.46	1	690.46	1	690.46	4
691.461	1	691.461	2	691.461	4
692.462	1	692.462	3	692.462	4
693.462	1	693.462	3	693.462	3
694.463	1	694.463	2	694.463	2
695.464	1	695.464	1	695.464	1
696.464	0	696.464	1	696.464	1
697.465	1	697.465	1	697.465	2
698.466	2	698.466	2	698.466	2
699.466	3	699.466	1	699.466	3
700.467	3	700.467	2	700.467	2
701.468	3	701.468	2	701.468	2
702.468	3	702.468	2	702.468	2
703.469	3	703.469	2	703.469	2
704.47	4	704.47	2	704.47	3
705.47	5	705.47	1	705.47	3
706.471	4	706.471	1	706.471	3
707.472	3	707.472	1	707.472	2
708.472	2	708.472	1	708.472	2
709.473	2	709.473	1	709.473	3
710.474	2	710.474	2	710.474	3
711.474	2	711.474	2	711.474	2
712.475	1	712.475	2	712.475	1
713.476	0	713.476	2	713.476	1
714.476	1	714.476	3	714.476	1
715.477	1	715.477	3	715.477	1
716.478	1	716.478	3	716.478	1
717.478	2	717.478	2	717.478	1
718.479	3	718.479	2	718.479	0
719.48	3	719.48	2	719.48	0
720.48	3	720.48	2	720.48	0
721.481	3	721.481	3	721.481	1
722.482	3	722.482	2	722.482	1
723.482	4	723.482	2	723.482	1
724.483	3	724.483	2	724.483	1
725.484	3	725.484	2	725.484	0
726.484	2	726.484	2	726.484	0
727.485	2	727.485	1	727.485	0
728.486	2	728.486	1	728.486	0
729.486	2	729.486	1	729.486	0
730.487	2	730.487	1	730.487	0
731.488	2	731.488	0	731.488	0
732.488	2	732.488	0	732.488	0
733.489	2	733.489	0	733.489	0
734.49	1	734.49	0	734.49	1
735.49	1	735.49	0	735.49	0
736.491	1	736.491	0	736.491	0
737.492	2	737.492	0	737.492	0
738.492	2	738.492	0	738.492	0
739.493	2	739.493	0	739.493	0
740.494	1	740.494	0	740.494	0
741.494	2	741.494	0	741.494	0
742.495	2	742.495	0	742.495	0
743.496	3	743.496	0	743.496	0
744.496	4	744.496	0	744.496	0
745.497	4	745.497	1	745.497	0
746.498	4	746.498	1	746.498	0
747.498	3	747.498	1	747.498	0
748.499	3	748.499	2	748.499	1
749.5	2	749.5	1	749.5	2
750.5	0	750.5	1	750.5	2
751.501	0	751.501	1	751.501	1
752.502	0	752.502	1	752.502	0
753.502	1	753.502	1	753.502	0
754.503	1	754.503	1	754.503	1
755.504	1	755.504	1	755.504	1
756.504	2	756.504	1	756.504	1
757.505	2	757.505	1	757.505	1
758.506	2	758.506	1	758.506	1
759.506	2	759.506	0	759.506	1
760.507	2	760.507	0	760.507	1
761.508	2	761.508	0	761.508	0
762.508	2	762.508	1	762.508	0
763.509	3	763.509	1	763.509	1
764.51	4	764.51	1	764.51	2
765.51	4	765.51	1	765.51	2
766.511	3	766.511	1	766.511	2
767.512	2	767.512	1	767.512	1
768.512	2	768.512	1	768.512	2
769.513	2	769.513	1	769.513	2
770.514	2	770.514	1	770.514	3
771.514	2	771.514	2	771.514	3
772.515	3	772.515	2	772.515	3
773.516	4	773.516	2	773.516	3
774.516	4	774.516	2	774.516	3
775.517	4	775.517	2	775.517	3
776.518	3	776.518	2	776.518	4
777.518	3	777.518	2	777.518	4
778.519	2	778.519	2	778.519	5
779.52	2	779.52	2	779.52	5
780.52	2	780.52	2	780.52	6
781.521	2	781.521	1	781.521	5
782.522	2	782.522	1	782.522	5
783.522	2	783.522	1	783.522	5
784.523	3	784.523	1	784.523	5
785.524	3	785.524	1	785.524	5
786.524	3	786.524	1	786.524	4
787.525	3	787.525	1	787.525	3
788.526	3	788.526	1	788.526	3
789.526	3	789.526	2	789.526	3
790.527	4	790.527	2	790.527	2
791.528	4	791.528	1	791.528	2
792.528	4	792.528	1	792.528	1
793.529	3	793.529	1	793.529	2
794.53	3	794.53	1	794.53	2
795.53	3	795.53	1	795.53	3
796.531	3	796.531	1	796.531	2
797.532	3	797.532	1	797.532	1
798.532	3	798.532	1	798.532	0
799.533	3	799.533	1	799.533	0
800.534	2	800.534	1	800.534	0
801.534	2	801.534	1	801.534	0
802.535	1	802.535	1	802.535	0
803.536	1	803.536	0	803.536	0
804.536	0	804.536	0	804.536	2
805.537	0	805.537	0	805.537	3
806.538	0	806.538	0	806.538	3
807.538	0	807.538	0	807.538	3
808.539	1	808.539	0	808.539	2
809.54	2	809.54	0	809.54	2
810.54	2	810.54	1	810.54	1
811.541	3	811.541	1	811.541	0
812.542	2	812.542	1	812.542	0
813.542	2	813.542	1	813.542	1
814.543	3	814.543	1	814.543	2
815.544	2	815.544	1	815.544	1
816.544	2	816.544	1	816.544	1
817.545	1	817.545	1	817.545	1
818.546	1	818.546	1	818.546	2
819.546	1	819.546	1	819.546	3
820.547	1	820.547	1	820.547	3
821.548	1	821.548	1	821.548	3
822.548	1	822.548	1	822.548	3
823.549	2	823.549	0	823.549	2
824.55	2	824.55	0	824.55	2
825.55	3	825.55	0	825.55	1
826.551	2	826.551	1	826.551	0
827.552	2	827.552	2	827.552	0
828.552	1	828.552	3	828.552	0
829.553	2	829.553	2	829.553	0
830.554	2	830.554	2	830.554	1
831.554	3	831.554	1	831.554	2
832.555	2	832.555	1	832.555	3
833.556	2	833.556	2	833.556	3
834.556	3	834.556	2	834.556	2
835.557	3	835.557	2	835.557	1
836.558	3	836.558	2	836.558	0
837.558	2	837.558	1	837.558	1
838.559	2	838.559	1	838.559	1
839.56	3	839.56	1	839.56	1
840.56	4	840.56	2	840.56	1
841.561	4	841.561	2	841.561	0
842.562	4	842.562	2	842.562	0
843.562	4	843.562	2	843.562	1
844.563	5	844.563	2	844.563	3
845.564	5	845.564	2	845.564	3
846.564	5	846.564	1	846.564	3
847.565	5	847.565	1	847.565	3
848.566	4	848.566	1	848.566	3
849.566	3	849.566	1	849.566	1
850.567	2	850.567	1	850.567	0
851.568	1	851.568	1	851.568	0
852.568	1	852.568	2	852.568	1
853.569	0	853.569	2	853.569	1
854.57	0	854.57	1	854.57	1
855.57	0	855.57	1	855.57	2
856.571	1	856.571	1	856.571	3
857.572	1	857.572	1	857.572	3
858.572	2	858.572	1	858.572	2
859.573	2	859.573	1	859.573	2
860.574	2	860.574	1	860.574	1
861.574	2	861.574	1	861.574	1
862.575	2	862.575	1	862.575	1
863.576	1	863.576	1	863.576	0
864.576	0	864.576	1	864.576	0
865.577	0	865.577	1	865.577	0
866.578	1	866.578	1	866.578	1
867.578	2	867.578	1	867.578	2
868.579	2	868.579	1	868.579	2
869.58	1	869.58	1	869.58	3
870.58	1	870.58	1	870.58	3
871.581	1	871.581	1	871.581	3
872.582	1	872.582	2	872.582	3
873.582	1	873.582	2	873.582	3
874.583	1	874.583	2	874.583	4
875.584	2	875.584	1	875.584	4
876.584	2	876.584	0	876.584	5
877.585	2	877.585	0	877.585	5
878.586	2	878.586	1	878.586	5
879.586	2	879.586	2	879.586	3
880.587	2	880.587	2	880.587	2
881.588	2	881.588	2	881.588	1
882.588	1	882.588	2	882.588	1
883.589	1	883.589	2	883.589	1
884.59	1	884.59	1	884.59	1
885.59	1	885.59	1	885.59	2
886.591	1	886.591	1	886.591	2
887.592	0	887.592	1	887.592	3
888.592	0	888.592	1	888.592	3
889.593	1	889.593	1	889.593	2
890.594	1	890.594	1	890.594	1
891.594	1	891.594	1	891.594	0
892.595	2	892.595	1	892.595	0
893.596	2	893.596	1	893.596	1
894.596	1	894.596	1	894.596	2
895.597	1	895.597	2	895.597	2
896.598	1	896.598	2	896.598	2
897.598	0	897.598	2	897.598	2
898.599	0	898.599	1	898.599	1
899.6	1	899.6	1	899.6	0
900.6	1	900.6	1	900.6	0
901.601	1	901.601	1	901.601	0
902.602	1	902.602	1	902.602	1
903.602	0	903.602	1	903.602	1
904.603	0	904.603	1	904.603	1
905.604	0	905.604	1	905.604	1
906.604	0	906.604	1	906.604	0
907.605	0	907.605	1	907.605	0
908.606	0	908.606	0	908.606	0
909.606	1	909.606	0	909.606	0
910.607	1	910.607	0	910.607	0
911.608	0	911.608	1	911.608	1
912.608	0	912.608	1	912.608	1
913.609	0	913.609	1	913.609	2
914.61	1	914.61	1	914.61	2
915.61	1	915.61	0	915.61	1
916.611	1	916.611	1	916.611	0
917.612	1	917.612	2	917.612	0
918.612	1	918.612	3	918.612	0
919.613	0	919.613	3	919.613	1
920.614	1	920.614	3	920.614	1
921.614	1	921.614	2	921.614	2
922.615	2	922.615	2	922.615	2
923.616	2	923.616	2	923.616	2
924.616	2	924.616	2	924.616	1
925.617	2	925.617	3	925.617	1
926.618	2	926.618	4	926.618	1
927.618	1	927.618	4	927.618	2
928.619	2	928.619	5	928.619	3
929.62	3	929.62	6	929.62	4
930.62	6	930.62	7	930.62	5
931.621	9	931.621	8	931.621	6
932.622	11	932.622	8	932.622	8
933.622	13	933.622	9	933.622	10
934.623	15	934.623	12	934.623	12
935.624	20	935.624	16	935.624	15
936.624	25	936.624	20	936.624	19
937.625	29	937.625	26	937.625	26
938.626	34	938.626	35	938.626	35
939.626	41	939.626	50	939.626	49
940.627	62	940.627	92	940.627	81
941.628	125	941.628	211	941.628	171
942.628	293	942.628	494	942.628	397
943.629	653	943.629	999	943.629	838
944.63	1228	944.63	1645	944.63	1462
945.63	1873	945.63	2171	945.63	2049
946.631	2292	946.631	2292	946.631	2292
947.632	2253	947.632	1946	947.632	2056
948.632	1795	948.632	1353	948.632	1504
949.633	1190	949.633	808	949.633	935
950.634	698	950.634	463	950.634	543
951.634	414	951.634	307	951.634	348
952.635	296	952.635	263	952.635	282
953.636	268	953.636	266	953.636	277
954.636	277	954.636	278	954.636	291
955.637	291	955.637	284	955.637	307
956.638	295	956.638	280	956.638	321
957.638	293	957.638	278	957.638	336
958.639	295	958.639	284	958.639	353
959.64	306	959.64	296	959.64	361
960.64	318	960.64	303	960.64	351
961.641	319	961.641	295	961.641	325
962.642	305	962.642	275	962.642	291
963.642	279	963.642	248	963.642	257
964.643	248	964.643	218	964.643	224
965.644	217	965.644	189	965.644	193
966.644	189	966.644	161	966.644	164
967.645	163	967.645	134	967.645	136
968.646	138	968.646	110	968.646	111
969.646	115	969.646	89	969.646	89
970.647	94	970.647	72	970.647	72
971.648	78	971.648	59	971.648	60
972.648	66	972.648	51	972.648	56
973.649	58	973.649	46	973.649	52
974.65	53	974.65	43	974.65	48
975.65	49	975.65	42	975.65	46
976.651	47	976.651	41	976.651	45
977.652	47	977.652	40	977.652	44
978.652	46	978.652	38	978.652	44
979.653	44	979.653	35	979.653	42
980.654	41	980.654	31	980.654	38
981.654	37	981.654	26	981.654	32
982.655	32	982.655	22	982.655	28
983.656	29	983.656	19	983.656	24
984.656	26	984.656	17	984.656	22
985.657	25	985.657	17	985.657	21
986.658	23	986.658	16	986.658	20
987.658	22	987.658	16	987.658	21
988.659	21	988.659	14	988.659	20
989.66	20	989.66	13	989.66	19
990.66	19	990.66	12	990.66	16
991.661	18	991.661	12	991.661	14
992.662	16	992.662	11	992.662	12
993.662	15	993.662	10	993.662	10
994.663	14	994.663	9	994.663	9
995.664	13	995.664	7	995.664	9
996.664	12	996.664	5	996.664	9
997.665	11	997.665	4	997.665	10
998.666	9	998.666	3	998.666	9
999.666	8	999.666	3	999.666	7
1000.67	8	1000.67	2	1000.67	6
1001.67	8	1001.67	1	1001.67	5
1002.67	7	1002.67	0	1002.67	4
1003.67	6	1003.67	0	1003.67	2
1004.67	6	1004.67	0	1004.67	0
1005.67	6	1005.67	0	1005.67	0
1006.67	6	1006.67	0	1006.67	0
1007.67	6	1007.67	0	1007.67	0
1008.67	6	1008.67	0	1008.67	1
1009.67	6	1009.67	0	1009.67	2
1010.67	7	1010.67	0	1010.67	2
1011.67	7	1011.67	0	1011.67	1
1012.68	7	1012.68	0	1012.68	0
1013.68	6	1013.68	0	1013.68	0
1014.68	6	1014.68	-1	1014.68	1
1015.68	5	1015.68	0	1015.68	2
1016.68	4	1016.68	0	1016.68	2
1017.68	0	1017.68	-1	1017.68	1
1018.68	-1	1018.68	-1	1018.68	0
1019.68	-2	1019.68	-1	1019.68	0
1020.68	-2	1020.68	-2	1020.68	0
1021.68	-2	1021.68	-2	1021.68	0
1022.68	-1	1022.68	-2	1022.68	1
1023.68	0	1023.68	-2	1023.68	1
1024.68	-1	1024.68	-2	1024.68	1
1025.68	-2	1025.68	-2	1025.68	2
1026.68	-2	1026.68	-2	1026.68	2
1027.69	-2	1027.69	-1	1027.69	3
1028.69	-2	1028.69	0	1028.69	4
1029.69	-2	1029.69	0	1029.69	3
1030.69	-2	1030.69	0	1030.69	3
1031.69	-2	1031.69	0	1031.69	3
1032.69	-1	1032.69	1	1032.69	3
1033.69	0	1033.69	1	1033.69	4
1034.69	1	1034.69	0	1034.69	4
1035.69	2	1035.69	1	1035.69	4
1036.69	3	1036.69	1	1036.69	4
1037.69	3	1037.69	2	1037.69	5
1038.69	4	1038.69	2	1038.69	6
1039.69	6	1039.69	3	1039.69	7
1040.69	7	1040.69	3	1040.69	8
1041.69	7	1041.69	3	1041.69	9
1042.7	7	1042.7	3	1042.7	0
1043.7	6	1043.7	4	1043.7	1
1044.7	5	1044.7	4	1044.7	2
1045.7	6	1045.7	4	1045.7	2
1046.7	6	1046.7	4	1046.7	2
1047.7	6	1047.7	4	1047.7	3
1048.7	5	1048.7	3	1048.7	5
1049.7	5	1049.7	3	1049.7	7
1050.7	6	1050.7	3	1050.7	7
1051.7	6	1051.7	4	1051.7	6
1052.7	6	1052.7	4	1052.7	6
1053.7	6	1053.7	5	1053.7	7
1054.7	6	1054.7	5	1054.7	8
1055.7	6	1055.7	5	1055.7	8
1056.7	6	1056.7	4	1056.7	8
1057.71	7	1057.71	4	1057.71	8
1058.71	8	1058.71	4	1058.71	8
1059.71	8	1059.71	3	1059.71	7
1060.71	9	1060.71	3	1060.71	7
1061.71	8	1061.71	3	1061.71	6
1062.71	7	1062.71	3	1062.71	5
1063.71	6	1063.71	3	1063.71	4
1064.71	6	1064.71	3	1064.71	3
1065.71	6	1065.71	2	1065.71	2
1066.71	6	1066.71	2	1066.71	1
1067.71	6	1067.71	2	1067.71	1
1068.71	5	1068.71	2	1068.71	2
1069.71	5	1069.71	3	1069.71	2
1070.71	6	1070.71	3	1070.71	2
1071.71	6	1071.71	3	1071.71	2
1072.72	6	1072.72	2	1072.72	2
1073.72	5	1073.72	1	1073.72	2
1074.72	5	1074.72	1	1074.72	1
1075.72	4	1075.72	1	1075.72	1
1076.72	4	1076.72	1	1076.72	0
1077.72	5	1077.72	1	1077.72	0
1078.72	5	1078.72	2	1078.72	0
1079.72	5	1079.72	2	1079.72	0
1080.72	5	1080.72	2	1080.72	0
1081.72	5	1081.72	1	1081.72	0
1082.72	4	1082.72	0	1082.72	0
1083.72	4	1083.72	0	1083.72	1
1084.72	4	1084.72	1	1084.72	1
1085.72	5	1085.72	1	1085.72	2
1086.72	5	1086.72	2	1086.72	1
1087.73	5	1087.73	2	1087.73	0
1088.73	5	1088.73	2	1088.73	-1
1089.73	6	1089.73	2	1089.73	-2
1090.73	6	1090.73	3	1090.73	-3
1091.73	7	1091.73	3	1091.73	-4
1092.73	8	1092.73	4	1092.73	-4
1093.73	8	1093.73	4	1093.73	-4
1094.73	9	1094.73	3	1094.73	-3
1095.73	9	1095.73	4	1095.73	-3
1096.73	10	1096.73	4	1096.73	-3
1097.73	11	1097.73	5	1097.73	-2
1098.73	11	1098.73	6	1098.73	-1
1099.73	12	1099.73	6	1099.73	1
1100.73	13	1100.73	7	1100.73	2
1101.73	13	1101.73	7	1101.73	3
1102.74	15	1102.74	7	1102.74	4
1103.74	16	1103.74	8	1103.74	5
1104.74	17	1104.74	8	1104.74	6
1105.74	18	1105.74	9	1105.74	5
1106.74	18	1106.74	10	1106.74	4
1107.74	18	1107.74	11	1107.74	5
1108.74	19	1108.74	11	1108.74	7
1109.74	21	1109.74	12	1109.74	9
1110.74	22	1110.74	13	1110.74	9
1111.74	24	1111.74	14	1111.74	9
1112.74	25	1112.74	14	1112.74	9
1113.74	26	1113.74	15	1113.74	9
1114.74	27	1114.74	16	1114.74	8
1115.74	28	1115.74	18	1115.74	9
1116.74	30	1116.74	19	1116.74	10
1117.75	32	1117.75	20	1117.75	11
1118.75	33	1118.75	21	1118.75	13
1119.75	36	1119.75	22	1119.75	15
1120.75	38	1120.75	24	1120.75	16
1121.75	40	1121.75	25	1121.75	17
1122.75	42	1122.75	27	1122.75	18
1123.75	45	1123.75	29	1123.75	19
1124.75	47	1124.75	31	1124.75	21
1125.75	49	1125.75	33	1125.75	23
1126.75	52	1126.75	35	1126.75	25
1127.75	55	1127.75	38	1127.75	26
1128.75	59	1128.75	41	1128.75	29
1129.75	64	1129.75	44	1129.75	31
1130.75	69	1130.75	48	1130.75	35
1131.75	73	1131.75	52	1131.75	38
1132.76	78	1132.76	56	1132.76	41
1133.76	82	1133.76	60	1133.76	50
1134.76	88	1134.76	63	1134.76	61
1135.76	94	1135.76	66	1135.76	73
1136.76	101	1136.76	69	1136.76	80
1137.76	107	1137.76	72	1137.76	81
1138.76	113	1138.76	77	1138.76	78
1139.76	121	1139.76	81	1139.76	74
1140.76	129	1140.76	85	1140.76	72
1141.76	137	1141.76	90	1141.76	72
1142.76	144	1142.76	94	1142.76	74
1143.76	152	1143.76	99	1143.76	75
1144.76	160	1144.76	103	1144.76	77
1145.76	167	1145.76	106	1145.76	79
1146.76	174	1146.76	111	1146.76	81
1147.77	181	1147.77	117	1147.77	84
1148.77	188	1148.77	122	1148.77	87
1149.77	194	1149.77	127	1149.77	90
1150.77	202	1150.77	132	1150.77	93
1151.77	210	1151.77	137	1151.77	97
1152.77	219	1152.77	143	1152.77	101
1153.77	228	1153.77	150	1153.77	105
1154.77	237	1154.77	157	1154.77	108
1155.77	247	1155.77	165	1155.77	112
1156.77	257	1156.77	174	1156.77	116
1157.77	269	1157.77	185	1157.77	122
1158.77	283	1158.77	195	1158.77	129
1159.77	299	1159.77	207	1159.77	138
1160.77	315	1160.77	220	1160.77	145
1161.77	334	1161.77	235	1161.77	151
1162.78	354	1162.78	250	1162.78	158
1163.78	376	1163.78	268	1163.78	166
1164.78	400	1164.78	286	1164.78	176
1165.78	425	1165.78	306	1165.78	187
1166.78	453	1166.78	326	1166.78	199
1167.78	481	1167.78	345	1167.78	213
1168.78	511	1168.78	366	1168.78	227
1169.78	543	1169.78	386	1169.78	242
1170.78	576	1170.78	406	1170.78	258
1171.78	610	1171.78	426	1171.78	274
1172.78	644	1172.78	444	1172.78	290
1173.78	679	1173.78	462	1173.78	306
1174.78	712	1174.78	477	1174.78	323
1175.78	744	1175.78	490	1175.78	340
1176.78	772	1176.78	501	1176.78	355
1177.79	798	1177.79	509	1177.79	368
1178.79	821	1178.79	515	1178.79	380
1179.79	841	1179.79	519	1179.79	388
1180.79	856	1180.79	521	1180.79	394
1181.79	868	1181.79	520	1181.79	397
1182.79	877	1182.79	516	1182.79	402
1183.79	882	1183.79	511	1183.79	403
1184.79	883	1184.79	505	1184.79	402
1185.79	880	1185.79	498	1185.79	400
1186.79	872	1186.79	488	1186.79	396
1187.79	860	1187.79	475	1187.79	389
1188.79	845	1188.79	463	1188.79	380
1189.79	828	1189.79	451	1189.79	369
1190.79	809	1190.79	439	1190.79	358
1191.79	789	1191.79	423	1191.79	347
1192.8	767	1192.8	406	1192.8	334
1193.8	744	1193.8	390	1193.8	321
1194.8	717	1194.8	374	1194.8	306
1195.8	689	1195.8	358	1195.8	291
1196.8	660	1196.8	343	1196.8	279
1197.8	632	1197.8	327	1197.8	273
1198.8	604	1198.8	311	1198.8	267
1199.8	577	1199.8	297	1199.8	256
1200.8	551	1200.8	283	1200.8	244
1201.8	524	1201.8	269	1201.8	231
1202.8	497	1202.8	255	1202.8	217
1203.8	472	1203.8	243	1203.8	204
1204.8	448	1204.8	232	1204.8	193
1205.8	424	1205.8	222	1205.8	183
1206.8	403	1206.8	211	1206.8	173
1207.81	383	1207.81	199	1207.81	163
1208.81	365	1208.81	188	1208.81	154
1209.81	346	1209.81	179	1209.81	145
1210.81	328	1210.81	170	1210.81	137
1211.81	309	1211.81	160	1211.81	129
1212.81	291	1212.81	151	1212.81	122
1213.81	275	1213.81	143	1213.81	115
1214.81	261	1214.81	136	1214.81	108
1215.81	248	1215.81	131	1215.81	101
1216.81	235	1216.81	125	1216.81	94
1217.81	223	1217.81	119	1217.81	88
1218.81	211	1218.81	112	1218.81	83
1219.81	198	1219.81	106	1219.81	78
1220.81	187	1220.81	99	1220.81	72
1221.81	177	1221.81	93	1221.81	67
1222.82	168	1222.82	88	1222.82	63
1223.82	159	1223.82	83	1223.82	60
1224.82	150	1224.82	79	1224.82	58
1225.82	143	1225.82	75	1225.82	56
1226.82	136	1226.82	72	1226.82	52
1227.82	129	1227.82	68	1227.82	48
1228.82	123	1228.82	65	1228.82	46
1229.82	116	1229.82	61	1229.82	45
1230.82	108	1230.82	58	1230.82	47
1231.82	101	1231.82	55	1231.82	47
1232.82	94	1232.82	52	1232.82	46
1233.82	88	1233.82	49	1233.82	43
1234.82	84	1234.82	46	1234.82	39
1235.82	80	1235.82	43	1235.82	37
1236.82	76	1236.82	41	1236.82	35
1237.83	72	1237.83	39	1237.83	32
1238.83	67	1238.83	38	1238.83	29
1239.83	63	1239.83	36	1239.83	27
1240.83	60	1240.83	33	1240.83	27
1241.83	58	1241.83	32	1241.83	29
1242.83	55	1242.83	31	1242.83	30
1243.83	53	1243.83	30	1243.83	32
1244.83	51	1244.83	29	1244.83	33
1245.83	49	1245.83	28	1245.83	34
1246.83	47	1246.83	27	1246.83	33
1247.83	44	1247.83	25	1247.83	30
1248.83	42	1248.83	24	1248.83	27
1249.83	39	1249.83	23	1249.83	25
1250.83	37	1250.83	23	1250.83	23
1251.83	35	1251.83	22	1251.83	21
1252.84	32	1252.84	21	1252.84	20
1253.84	31	1253.84	20	1253.84	19
1254.84	29	1254.84	19	1254.84	19
1255.84	27	1255.84	19	1255.84	19
1256.84	26	1256.84	19	1256.84	18
1257.84	25	1257.84	18	1257.84	18
1258.84	25	1258.84	18	1258.84	18
1259.84	24	1259.84	17	1259.84	17
1260.84	23	1260.84	16	1260.84	17
1261.84	23	1261.84	15	1261.84	17
1262.84	22	1262.84	15	1262.84	17
1263.84	21	1263.84	15	1263.84	16
1264.84	20	1264.84	15	1264.84	15
1265.84	18	1265.84	15	1265.84	14
1266.84	17	1266.84	16	1266.84	14
1267.85	15	1267.85	16	1267.85	12
1268.85	14	1268.85	15	1268.85	11
1269.85	14	1269.85	14	1269.85	10
1270.85	14	1270.85	13	1270.85	10
1271.85	14	1271.85	13	1271.85	10
1272.85	13	1272.85	13	1272.85	10
1273.85	13	1273.85	13	1273.85	10
1274.85	13	1274.85	13	1274.85	10
1275.85	12	1275.85	13	1275.85	10
1276.85	11	1276.85	13	1276.85	11
1277.85	10	1277.85	13	1277.85	12
1278.85	9	1278.85	12	1278.85	13
1279.85	9	1279.85	12	1279.85	14
1280.85	9	1280.85	12	1280.85	14
1281.85	9	1281.85	11	1281.85	13
1282.86	9	1282.86	11	1282.86	13
1283.86	9	1283.86	10	1283.86	13
1284.86	9	1284.86	10	1284.86	15
1285.86	9	1285.86	10	1285.86	16
1286.86	9	1286.86	11	1286.86	17
1287.86	9	1287.86	11	1287.86	17
1288.86	9	1288.86	10	1288.86	17
1289.86	9	1289.86	10	1289.86	17
1290.86	8	1290.86	10	1290.86	17
1291.86	7	1291.86	10	1291.86	17
1292.86	6	1292.86	10	1292.86	18
1293.86	7	1293.86	10	1293.86	18
1294.86	7	1294.86	10	1294.86	18
1295.86	8	1295.86	10	1295.86	17
1296.86	7	1296.86	10	1296.86	16
1297.87	7	1297.87	9	1297.87	16
1298.87	6	1298.87	9	1298.87	16
1299.87	7	1299.87	9	1299.87	17
1300.87	7	1300.87	9	1300.87	18
1301.87	6	1301.87	9	1301.87	19
1302.87	6	1302.87	8	1302.87	19
1303.87	6	1303.87	8	1303.87	18
1304.87	6	1304.87	8	1304.87	18
1305.87	6	1305.87	8	1305.87	18
1306.87	6	1306.87	8	1306.87	20
1307.87	6	1307.87	7	1307.87	20
1308.87	6	1308.87	8	1308.87	20
1309.87	6	1309.87	8	1309.87	19
1310.87	6	1310.87	7	1310.87	18
1311.87	6	1311.87	7	1311.87	17
1312.88	6	1312.88	7	1312.88	16
1313.88	7	1313.88	6	1313.88	16
1314.88	7	1314.88	5	1314.88	16
1315.88	8	1315.88	5	1315.88	17
1316.88	8	1316.88	5	1316.88	17
1317.88	8	1317.88	5	1317.88	16
1318.88	8	1318.88	5	1318.88	15
1319.88	9	1319.88	5	1319.88	16
1320.88	9	1320.88	5	1320.88	16
1321.88	9	1321.88	6	1321.88	16
1322.88	9	1322.88	6	1322.88	16
1323.88	8	1323.88	6	1323.88	16
1324.88	8	1324.88	5	1324.88	16
1325.88	7	1325.88	5	1325.88	17
1326.88	7	1326.88	5	1326.88	17
1327.89	8	1327.89	5	1327.89	17
1328.89	8	1328.89	5	1328.89	15
1329.89	9	1329.89	4	1329.89	13
1330.89	10	1330.89	4	1330.89	12
1331.89	10	1331.89	5	1331.89	13
1332.89	11	1332.89	6	1332.89	13
1333.89	10	1333.89	6	1333.89	13
1334.89	10	1334.89	7	1334.89	12
1335.89	10	1335.89	7	1335.89	12
1336.89	11	1336.89	7	1336.89	13
1337.89	12	1337.89	7	1337.89	13
1338.89	13	1338.89	7	1338.89	13
1339.89	14	1339.89	7	1339.89	12
1340.89	14	1340.89	7	1340.89	12
1341.89	14	1341.89	8	1341.89	12
1342.9	16	1342.9	8	1342.9	12
1343.9	17	1343.9	8	1343.9	13
1344.9	19	1344.9	9	1344.9	14
1345.9	19	1345.9	10	1345.9	14
1346.9	20	1346.9	10	1346.9	13
1347.9	20	1347.9	9	1347.9	12
1348.9	21	1348.9	10	1348.9	11
1349.9	23	1349.9	10	1349.9	10
1350.9	26	1350.9	11	1350.9	9
1351.9	28	1351.9	12	1351.9	10
1352.9	29	1352.9	12	1352.9	10
1353.9	31	1353.9	11	1353.9	9
1354.9	33	1354.9	12	1354.9	9
1355.9	34	1355.9	13	1355.9	10
1356.9	34	1356.9	14	1356.9	10
1357.91	35	1357.91	15	1357.91	11
1358.91	37	1358.91	16	1358.91	13
1359.91	41	1359.91	17	1359.91	13
1360.91	44	1360.91	18	1360.91	13
1361.91	46	1361.91	18	1361.91	13
1362.91	46	1362.91	19	1362.91	13
1363.91	48	1363.91	20	1363.91	13
1364.91	50	1364.91	20	1364.91	13
1365.91	53	1365.91	20	1365.91	15
1366.91	56	1366.91	21	1366.91	17
1367.91	58	1367.91	22	1367.91	19
1368.91	61	1368.91	23	1368.91	21
1369.91	63	1369.91	23	1369.91	23
1370.91	64	1370.91	23	1370.91	24
1371.91	64	1371.91	23	1371.91	24
1372.92	65	1372.92	24	1372.92	22
1373.92	65	1373.92	24	1373.92	20
1374.92	65	1374.92	25	1374.92	19
1375.92	67	1375.92	24	1375.92	18
1376.92	70	1376.92	24	1376.92	17
1377.92	72	1377.92	24	1377.92	16
1378.92	73	1378.92	25	1378.92	14
1379.92	74	1379.92	25	1379.92	12
1380.92	74	1380.92	25	1380.92	11
1381.92	75	1381.92	25	1381.92	10
1382.92	75	1382.92	25	1382.92	9
1383.92	76	1383.92	25	1383.92	8
1384.92	75	1384.92	25	1384.92	8
1385.92	73	1385.92	25	1385.92	8
1386.92	72	1386.92	26	1386.92	10
1387.93	71	1387.93	26	1387.93	10
1388.93	71	1388.93	26	1388.93	10
1389.93	72	1389.93	26	1389.93	10
1390.93	73	1390.93	25	1390.93	10
1391.93	73	1391.93	25	1391.93	10
1392.93	73	1392.93	23	1392.93	11
1393.93	73	1393.93	22	1393.93	12
1394.93	72	1394.93	22	1394.93	12
1395.93	71	1395.93	22	1395.93	12
1396.93	70	1396.93	22	1396.93	11
1397.93	69	1397.93	23	1397.93	11
1398.93	69	1398.93	23	1398.93	11
1399.93	69	1399.93	23	1399.93	12
1400.93	68	1400.93	23	1400.93	12
1401.93	67	1401.93	24	1401.93	12
1402.94	66	1402.94	24	1402.94	13
1403.94	66	1403.94	24	1403.94	14
1404.94	66	1404.94	24	1404.94	15
1405.94	66	1405.94	23	1405.94	16
1406.94	66	1406.94	24	1406.94	18
1407.94	65	1407.94	24	1407.94	20
1408.94	64	1408.94	24	1408.94	22
1409.94	64	1409.94	24	1409.94	24
1410.94	64	1410.94	24	1410.94	25
1411.94	65	1411.94	24	1411.94	26
1412.94	67	1412.94	25	1412.94	27
1413.94	67	1413.94	25	1413.94	28
1414.94	67	1414.94	26	1414.94	28
1415.94	67	1415.94	26	1415.94	28
1416.94	67	1416.94	26	1416.94	28
1417.95	67	1417.95	26	1417.95	27
1418.95	68	1418.95	26	1418.95	27
1419.95	68	1419.95	26	1419.95	26
1420.95	68	1420.95	27	1420.95	25
1421.95	68	1421.95	28	1421.95	25
1422.95	68	1422.95	28	1422.95	24
1423.95	69	1423.95	27	1423.95	24
1424.95	70	1424.95	26	1424.95	23
1425.95	71	1425.95	26	1425.95	23
1426.95	72	1426.95	25	1426.95	22
1427.95	71	1427.95	26	1427.95	20
1428.95	71	1428.95	27	1428.95	18
1429.95	72	1429.95	28	1429.95	16
1430.95	72	1430.95	27	1430.95	15
1431.95	72	1431.95	27	1431.95	15
1432.96	72	1432.96	26	1432.96	16
1433.96	72	1433.96	26	1433.96	17
1434.96	72	1434.96	26	1434.96	17
1435.96	73	1435.96	26	1435.96	17
1436.96	73	1436.96	26	1436.96	17
1437.96	73	1437.96	26	1437.96	17
1438.96	73	1438.96	27	1438.96	17
1439.96	72	1439.96	27	1439.96	16
1440.96	71	1440.96	27	1440.96	16
1441.96	70	1441.96	27	1441.96	16
1442.96	69	1442.96	27	1442.96	16
1443.96	70	1443.96	27	1443.96	15
1444.96	70	1444.96	26	1444.96	14
1445.96	70	1445.96	26	1445.96	13
1446.96	70	1446.96	26	1446.96	13
1447.97	69	1447.97	25	1447.97	12
1448.97	68	1448.97	25	1448.97	11
1449.97	68	1449.97	25	1449.97	10
1450.97	68	1450.97	25	1450.97	11
1451.97	67	1451.97	25	1451.97	11
1452.97	67	1452.97	24	1452.97	11
1453.97	67	1453.97	24	1453.97	11
1454.97	67	1454.97	23	1454.97	12
1455.97	66	1455.97	22	1455.97	13
1456.97	64	1456.97	22	1456.97	13
1457.97	63	1457.97	22	1457.97	13
1458.97	62	1458.97	22	1458.97	11
1459.97	61	1459.97	22	1459.97	10
1460.97	60	1460.97	22	1460.97	10
1461.97	60	1461.97	21	1461.97	10
1462.98	59	1462.98	20	1462.98	10
1463.98	58	1463.98	20	1463.98	10
1464.98	58	1464.98	20	1464.98	9
1465.98	58	1465.98	20	1465.98	9
1466.98	57	1466.98	20	1466.98	11
1467.98	57	1467.98	20	1467.98	12
1468.98	56	1468.98	21	1468.98	12
1469.98	56	1469.98	20	1469.98	12
1470.98	54	1470.98	20	1470.98	13
1471.98	53	1471.98	20	1471.98	15
1472.98	52	1472.98	19	1472.98	16
1473.98	52	1473.98	18	1473.98	16
1474.98	51	1474.98	18	1474.98	16
1475.98	50	1475.98	17	1475.98	16
1476.98	49	1476.98	17	1476.98	15
1477.99	48	1477.99	17	1477.99	15
1478.99	47	1478.99	16	1478.99	16
1479.99	46	1479.99	15	1479.99	15
1480.99	44	1480.99	15	1480.99	14
1481.99	44	1481.99	14	1481.99	13
1482.99	42	1482.99	14	1482.99	13
1483.99	41	1483.99	13	1483.99	12
1484.99	40	1484.99	12	1484.99	12
1485.99	39	1485.99	12	1485.99	13
1486.99	39	1486.99	12	1486.99	13
1487.99	39	1487.99	12	1487.99	12
1488.99	38	1488.99	12	1488.99	10
1489.99	37	1489.99	12	1489.99	8
1490.99	37	1490.99	13	1490.99	6
1491.99	36	1491.99	13	1491.99	5
1493	35	1493	12	1493	4
1494	34	1494	10	1494	5
1495	32	1495	10	1495	5
1496	31	1496	9	1496	6
1497	30	1497	9	1497	6
1498	30	1498	9	1498	6
1499	29	1499	9	1499	6
1500	29	1500	9	1500	6
1501	30	1501	9	1501	6
1502	30	1502	9	1502	5
1503	28	1503	8	1503	4
1504	27	1504	7	1504	5
1505	25	1505	6	1505	5
1506	25	1506	6	1506	5
1507	24	1507	6	1507	5
1508.01	23	1508.01	6	1508.01	6
1509.01	23	1509.01	7	1509.01	7
1510.01	23	1510.01	7	1510.01	9
1511.01	23	1511.01	7	1511.01	10
1512.01	22	1512.01	6	1512.01	11
1513.01	21	1513.01	6	1513.01	11
1514.01	20	1514.01	5	1514.01	10
1515.01	20	1515.01	5	1515.01	8
1516.01	19	1516.01	4	1516.01	7
1517.01	18	1517.01	4	1517.01	6
1518.01	17	1518.01	4	1518.01	6
1519.01	17	1519.01	4	1519.01	6
1520.01	17	1520.01	4	1520.01	6
1521.01	17	1521.01	3	1521.01	5
1522.01	17	1522.01	2	1522.01	4
1523.02	16	1523.02	2	1523.02	2
1524.02	16	1524.02	2	1524.02	-1
1525.02	16	1525.02	2	1525.02	-2
1526.02	17	1526.02	2	1526.02	-3
1527.02	17	1527.02	2	1527.02	-2
1528.02	16	1528.02	3	1528.02	0
1529.02	16	1529.02	3	1529.02	1
1530.02	15	1530.02	2	1530.02	1
1531.02	15	1531.02	1	1531.02	1
1532.02	14	1532.02	0	1532.02	0
1533.02	13	1533.02	1	1533.02	1
1534.02	12	1534.02	1	1534.02	2
1535.02	12	1535.02	1	1535.02	4
1536.02	13	1536.02	1	1536.02	4
1537.02	14	1537.02	1	1537.02	4
1538.03	14	1538.03	1	1538.03	2
1539.03	13	1539.03	1	1539.03	2
1540.03	13	1540.03	1	1540.03	1
1541.03	12	1541.03	1	1541.03	0
1542.03	12	1542.03	1	1542.03	-1
1543.03	12	1543.03	1	1543.03	-1
1544.03	12	1544.03	1	1544.03	-1
1545.03	12	1545.03	0	1545.03	-1
1546.03	12	1546.03	0	1546.03	-1
1547.03	12	1547.03	0	1547.03	-1
1548.03	12	1548.03	0	1548.03	-1
1549.03	13	1549.03	0	1549.03	0
1550.03	13	1550.03	-1	1550.03	1
1551.03	13	1551.03	-1	1551.03	1
1552.03	13	1552.03	-2	1552.03	-1
1553.04	12	1553.04	-1	1553.04	-2
1554.04	13	1554.04	-1	1554.04	-2
1555.04	13	1555.04	0	1555.04	-3
1556.04	14	1556.04	0	1556.04	-2
1557.04	14	1557.04	-1	1557.04	-1
1558.04	14	1558.04	-2	1558.04	0
1559.04	14	1559.04	-3	1559.04	-1
1560.04	13	1560.04	-3	1560.04	-2
1561.04	13	1561.04	-2	1561.04	-3
1562.04	13	1562.04	-1	1562.04	-4
1563.04	13	1563.04	0	1563.04	-4
1564.04	13	1564.04	0	1564.04	-4
1565.04	13	1565.04	0	1565.04	-3
1566.04	14	1566.04	0	1566.04	-3
1567.04	15	1567.04	0	1567.04	-3
1568.05	15	1568.05	0	1568.05	-3
1569.05	15	1569.05	0	1569.05	-3
1570.05	14	1570.05	-1	1570.05	-3
1571.05	14	1571.05	-1	1571.05	-3
1572.05	15	1572.05	-1	1572.05	-3
1573.05	15	1573.05	-1	1573.05	-3
1574.05	15	1574.05	0	1574.05	-3
1575.05	16	1575.05	0	1575.05	-4
1576.05	16	1576.05	0	1576.05	-4
1577.05	16	1577.05	0	1577.05	-3
1578.05	16	1578.05	0	1578.05	-2
1579.05	15	1579.05	-1	1579.05	-1
1580.05	14	1580.05	-1	1580.05	0
1581.05	14	1581.05	-1	1581.05	0
1582.05	14	1582.05	-2	1582.05	-1
1583.06	14	1583.06	-2	1583.06	-1
1584.06	14	1584.06	-2	1584.06	-2
1585.06	15	1585.06	-2	1585.06	-3
1586.06	15	1586.06	-2	1586.06	-3
1587.06	15	1587.06	-2	1587.06	-2
1588.06	15	1588.06	-1	1588.06	-1
1589.06	15	1589.06	0	1589.06	-1
1590.06	16	1590.06	-1	1590.06	-1
1591.06	16	1591.06	-1	1591.06	0
1592.06	16	1592.06	-1	1592.06	1
1593.06	15	1593.06	-1	1593.06	2
1594.06	15	1594.06	-1	1594.06	1
1595.06	15	1595.06	-1	1595.06	0
1596.06	15	1596.06	-1	1596.06	0
1597.06	15	1597.06	-1	1597.06	1
1598.07	16	1598.07	0	1598.07	1
1599.07	16	1599.07	0	1599.07	0
1600.07	16	1600.07	-1	1600.07	-1
1601.07	16	1601.07	-1	1601.07	-2
1602.07	15	1602.07	-1	1602.07	-2
1603.07	15	1603.07	-1	1603.07	-2
1604.07	15	1604.07	-1	1604.07	-1
1605.07	15	1605.07	-1	1605.07	-1
1606.07	15	1606.07	-1	1606.07	-1
1607.07	15	1607.07	-2	1607.07	-2
1608.07	15	1608.07	-1	1608.07	-2
1609.07	15	1609.07	-1	1609.07	-1
1610.07	14	1610.07	-1	1610.07	-1
1611.07	15	1611.07	-1	1611.07	-1
1612.07	16	1612.07	-1	1612.07	-2
1613.08	16	1613.08	-1	1613.08	-2
1614.08	16	1614.08	-2	1614.08	-3
1615.08	15	1615.08	-2	1615.08	-4
1616.08	15	1616.08	-2	1616.08	-4
1617.08	16	1617.08	-1	1617.08	-5
1618.08	16	1618.08	-1	1618.08	-5
1619.08	17	1619.08	-1	1619.08	-5
1620.08	18	1620.08	-1	1620.08	-5
1621.08	18	1621.08	-2	1621.08	-5
1622.08	16	1622.08	-2	1622.08	-5
1623.08	14	1623.08	-2	1623.08	-6
1624.08	13	1624.08	-2	1624.08	-7
1625.08	13	1625.08	-2	1625.08	-7
1626.08	14	1626.08	-2	1626.08	-8
1627.08	15	1627.08	-2	1627.08	-8
1628.09	16	1628.09	-2	1628.09	-7
1629.09	17	1629.09	-1	1629.09	-7
1630.09	17	1630.09	-1	1630.09	-8
1631.09	17	1631.09	-2	1631.09	-8
1632.09	17	1632.09	-2	1632.09	-8
1633.09	16	1633.09	-2	1633.09	-7
1634.09	15	1634.09	-2	1634.09	-6
1635.09	15	1635.09	-1	1635.09	-5
1636.09	15	1636.09	-1	1636.09	-5
1637.09	15	1637.09	-2	1637.09	-5
1638.09	16	1638.09	-2	1638.09	-6
1639.09	17	1639.09	-2	1639.09	-7
1640.09	17	1640.09	-2	1640.09	-7
1641.09	16	1641.09	-2	1641.09	-6
1642.09	15	1642.09	-2	1642.09	-5
1643.1	16	1643.1	-1	1643.1	-6
1644.1	16	1644.1	-1	1644.1	-7
1645.1	17	1645.1	-1	1645.1	-7
1646.1	17	1646.1	-2	1646.1	-7
1647.1	16	1647.1	-2	1647.1	-7
1648.1	17	1648.1	-2	1648.1	-6
1649.1	17	1649.1	-2	1649.1	-4
1650.1	17	1650.1	-2	1650.1	-3
1651.1	17	1651.1	-2	1651.1	-2
1652.1	16	1652.1	-2	1652.1	-2
1653.1	15	1653.1	-2	1653.1	-3
1654.1	15	1654.1	-2	1654.1	-3
1655.1	16	1655.1	-2	1655.1	-4
1656.1	16	1656.1	-2	1656.1	-4
1657.1	17	1657.1	-3	1657.1	-4
1658.11	17	1658.11	-3	1658.11	-4
1659.11	17	1659.11	-2	1659.11	-4
1660.11	17	1660.11	-2	1660.11	-4
1661.11	17	1661.11	-2	1661.11	-4
1662.11	17	1662.11	-3	1662.11	-3
1663.11	17	1663.11	-2	1663.11	-3
1664.11	18	1664.11	-2	1664.11	-3
1665.11	18	1665.11	-2	1665.11	-2
1666.11	17	1666.11	-1	1666.11	-1
1667.11	17	1667.11	-1	1667.11	1
1668.11	17	1668.11	0	1668.11	3
1669.11	16	1669.11	0	1669.11	5
1670.11	16	1670.11	-1	1670.11	6
1671.11	15	1671.11	-1	1671.11	7
1672.11	15	1672.11	-2	1672.11	7
1673.12	15	1673.12	-3	1673.12	6
1674.12	16	1674.12	-3	1674.12	4
1675.12	16	1675.12	-3	1675.12	1
1676.12	16	1676.12	-3	1676.12	-1
1677.12	16	1677.12	-3	1677.12	-2
1678.12	16	1678.12	-3	1678.12	-2
1679.12	16	1679.12	-3	1679.12	-3
1680.12	16	1680.12	-3	1680.12	-4
1681.12	14	1681.12	-3	1681.12	-5
1682.12	13	1682.12	-3	1682.12	-7
1683.12	12	1683.12	-4	1683.12	-8
1684.12	13	1684.12	-4	1684.12	-9
1685.12	13	1685.12	-4	1685.12	-9
1686.12	14	1686.12	-3	1686.12	-9
1687.12	14	1687.12	-3	1687.12	-10
1688.13	15	1688.13	-3	1688.13	-10
1689.13	14	1689.13	-4	1689.13	-10
1690.13	14	1690.13	-4	1690.13	-11
1691.13	12	1691.13	-5	1691.13	-11
1692.13	11	1692.13	-6	1692.13	-12
1693.13	10	1693.13	-6	1693.13	-11
1694.13	10	1694.13	-5	1694.13	-10
1695.13	10	1695.13	-5	1695.13	-9
1696.13	10	1696.13	-5	1696.13	-10
1697.13	10	1697.13	-5	1697.13	-11
1698.13	10	1698.13	-5	1698.13	-12
1699.13	10	1699.13	-5	1699.13	-13
1700.13	9	1700.13	-5	1700.13	-13
1701.13	8	1701.13	-5	1701.13	-13
1702.13	9	1702.13	-6	1702.13	-14
1703.14	10	1703.14	-6	1703.14	-15
1704.14	10	1704.14	-6	1704.14	-15
1705.14	9	1705.14	-6	1705.14	-14
1706.14	8	1706.14	-5	1706.14	-14
1707.14	7	1707.14	-5	1707.14	-14
1708.14	7	1708.14	-4	1708.14	-14
1709.14	8	1709.14	-5	1709.14	-14
1710.14	8	1710.14	-5	1710.14	-15
1711.14	8	1711.14	-6	1711.14	-15
1712.14	9	1712.14	-6	1712.14	-15
1713.14	8	1713.14	-6	1713.14	-15
1714.14	8	1714.14	-6	1714.14	-16
1715.14	7	1715.14	-6	1715.14	-16
1716.14	7	1716.14	-6	1716.14	-16
1717.14	7	1717.14	-6	1717.14	-15
1718.15	7	1718.15	-6	1718.15	-14
1719.15	8	1719.15	-6	1719.15	-14
1720.15	8	1720.15	-6	1720.15	-15
1721.15	8	1721.15	-7	1721.15	-16
1722.15	7	1722.15	-7	1722.15	-15
1723.15	7	1723.15	-7	1723.15	-13
1724.15	6	1724.15	-7	1724.15	-12
1725.15	6	1725.15	-6	1725.15	-11
1726.15	6	1726.15	-6	1726.15	-11
1727.15	6	1727.15	-6	1727.15	-9
1728.15	7	1728.15	-5	1728.15	-7
1729.15	8	1729.15	-4	1729.15	-5
1730.15	8	1730.15	-4	1730.15	-4
1731.15	8	1731.15	-4	1731.15	-2
1732.15	8	1732.15	-4	1732.15	1
1733.16	8	1733.16	-3	1733.16	5
1734.16	8	1734.16	-2	1734.16	9
1735.16	7	1735.16	-2	1735.16	12
1736.16	8	1736.16	-3	1736.16	13
1737.16	8	1737.16	-3	1737.16	15
1738.16	8	1738.16	-4	1738.16	17
1739.16	8	1739.16	-4	1739.16	19
1740.16	8	1740.16	-4	1740.16	22
1741.16	8	1741.16	-5	1741.16	24
1742.16	7	1742.16	-6	1742.16	24
1743.16	6	1743.16	-6	1743.16	22
1744.16	5	1744.16	-7	1744.16	19
1745.16	5	1745.16	-7	1745.16	17
1746.16	5	1746.16	-7	1746.16	16
1747.16	5	1747.16	-7	1747.16	14
1748.17	4	1748.17	-7	1748.17	12
1749.17	4	1749.17	-7	1749.17	9
1750.17	4	1750.17	-8	1750.17	6
1751.17	3	1751.17	-9	1751.17	4
1752.17	2	1752.17	-9	1752.17	1
1753.17	1	1753.17	-8	1753.17	-2
1754.17	1	1754.17	-8	1754.17	-4
1755.17	2	1755.17	-8	1755.17	-6
1756.17	3	1756.17	-9	1756.17	-7
1757.17	3	1757.17	-9	1757.17	-8
1758.17	2	1758.17	-9	1758.17	-10
1759.17	1	1759.17	-9	1759.17	-11
1760.17	1	1760.17	-9	1760.17	-12
1761.17	1	1761.17	-9	1761.17	-13
1762.17	2	1762.17	-9	1762.17	-14
1763.18	3	1763.18	-9	1763.18	-15
1764.18	3	1764.18	-8	1764.18	-15
1765.18	3	1765.18	-8	1765.18	-14
1766.18	2	1766.18	-8	1766.18	-14
1767.18	1	1767.18	-8	1767.18	-14
1768.18	0	1768.18	-9	1768.18	-14
1769.18	-1	1769.18	-10	1769.18	-14
1770.18	-1	1770.18	-10	1770.18	-14
1771.18	-1	1771.18	-10	1771.18	-13
1772.18	-1	1772.18	-11	1772.18	-13
1773.18	0	1773.18	-11	1773.18	-13
1774.18	0	1774.18	-11	1774.18	-13
1775.18	-1	1775.18	-11	1775.18	-11
1776.18	-1	1776.18	-11	1776.18	-10
1777.18	-1	1777.18	-11	1777.18	-9
1778.19	-1	1778.19	-11	1778.19	-10
1779.19	0	1779.19	-10	1779.19	-11
1780.19	0	1780.19	-11	1780.19	-11
1781.19	-1	1781.19	-11	1781.19	-11
1782.19	-2	1782.19	-11	1782.19	-12
1783.19	-1	1783.19	-10	1783.19	-11
1784.19	0	1784.19	-10	1784.19	-10
1785.19	0	1785.19	-10	1785.19	-9
1786.19	0	1786.19	-11	1786.19	-9
1787.19	-1	1787.19	-12	1787.19	-9
1788.19	-1	1788.19	-12	1788.19	-9
1789.19	0	1789.19	-12	1789.19	-9
1790.19	-1	1790.19	-12	1790.19	-9
1791.19	-1	1791.19	-11	1791.19	-10
1792.19	-1	1792.19	-11	1792.19	-9
1793.2	0	1793.2	-10	1793.2	-8
1794.2	1	1794.2	-10	1794.2	-7
1795.2	1	1795.2	-11	1795.2	-7
1796.2	1	1796.2	-11	1796.2	-8
1797.2	1	1797.2	-12	1797.2	-10
1798.2	1	1798.2	-12	1798.2	-12
1799.2	0	1799.2	-12	1799.2	-12
1800.2	0	1800.2	-12	1800.2	-12
1801.2	-1	1801.2	-12	1801.2	-11
1802.2	-1	1802.2	-12	1802.2	-11
1803.2	-1	1803.2	-13	1803.2	-11
1804.2	1	1804.2	-13	1804.2	-12
1805.2	2	1805.2	-13	1805.2	-13
1806.2	2	1806.2	-13	1806.2	-13
1807.2	2	1807.2	-12	1807.2	-13
1808.21	2	1808.21	-12	1808.21	-14
1809.21	2	1809.21	-12	1809.21	-14
1810.21	2	1810.21	-12	1810.21	-14
1811.21	2	1811.21	-13	1811.21	-14
1812.21	2	1812.21	-12	1812.21	-16
1813.21	1	1813.21	-12	1813.21	-17
1814.21	0	1814.21	-11	1814.21	-18
1815.21	0	1815.21	-12	1815.21	-18
1816.21	0	1816.21	-12	1816.21	-17
1817.21	0	1817.21	-12	1817.21	-17
1818.21	0	1818.21	-12	1818.21	-16
1819.21	1	1819.21	-12	1819.21	-17
1820.21	1	1820.21	-13	1820.21	-18
1821.21	0	1821.21	-13	1821.21	-19
1822.21	-1	1822.21	-12	1822.21	-19
1823.22	-1	1823.22	-12	1823.22	-19
1824.22	0	1824.22	-12	1824.22	-17
1825.22	0	1825.22	-12	1825.22	-15
1826.22	0	1826.22	-12	1826.22	-13
1827.22	-1	1827.22	-12	1827.22	-13
1828.22	-1	1828.22	-12	1828.22	-15
1829.22	0	1829.22	-12	1829.22	-17
1830.22	0	1830.22	-13	1830.22	-17
1831.22	0	1831.22	-13	1831.22	-15
1832.22	-1	1832.22	-12	1832.22	-15
1833.22	-2	1833.22	-12	1833.22	-15
1834.22	-2	1834.22	-12	1834.22	-15
1835.22	-1	1835.22	-13	1835.22	-14
1836.22	0	1836.22	-13	1836.22	-13
1837.22	-1	1837.22	-13	1837.22	-11
1838.23	-1	1838.23	-12	1838.23	-10
1839.23	-1	1839.23	-12	1839.23	-9
1840.23	-1	1840.23	-11	1840.23	-8
1841.23	-1	1841.23	-10	1841.23	-9
1842.23	-1	1842.23	-10	1842.23	-10
1843.23	-2	1843.23	-10	1843.23	-10
1844.23	-2	1844.23	-10	1844.23	-9
1845.23	-2	1845.23	-10	1845.23	-9
1846.23	-3	1846.23	-11	1846.23	-9
1847.23	-4	1847.23	-11	1847.23	-8
1848.23	-4	1848.23	-10	1848.23	-9
1849.23	-2	1849.23	-9	1849.23	-9
1850.23	-1	1850.23	-9	1850.23	-8
1851.23	1	1851.23	-9	1851.23	-7
1852.23	1	1852.23	-10	1852.23	-5
1853.24	1	1853.24	-10	1853.24	-5
1854.24	1	1854.24	-11	1854.24	-5
1855.24	0	1855.24	-11	1855.24	-6
1856.24	-1	1856.24	-10	1856.24	-7
1857.24	-2	1857.24	-10	1857.24	-8
1858.24	-2	1858.24	-10	1858.24	-8
1859.24	-2	1859.24	-11	1859.24	-8
1860.24	-3	1860.24	-13	1860.24	-9
1861.24	-4	1861.24	-13	1861.24	-11
1862.24	-4	1862.24	-12	1862.24	-12
1863.24	-5	1863.24	-12	1863.24	-12
1864.24	-5	1864.24	-12	1864.24	-12
1865.24	-4	1865.24	-13	1865.24	-12
1866.24	-4	1866.24	-13	1866.24	-12
1867.24	-4	1867.24	-13	1867.24	-13
1868.25	-4	1868.25	-13	1868.25	-13
1869.25	-4	1869.25	-13	1869.25	-14
1870.25	-4	1870.25	-13	1870.25	-15
1871.25	-4	1871.25	-13	1871.25	-16
1872.25	-5	1872.25	-13	1872.25	-18
1873.25	-6	1873.25	-13	1873.25	-20
1874.25	-6	1874.25	-13	1874.25	-21
1875.25	-7	1875.25	-13	1875.25	-22
1876.25	-7	1876.25	-13	1876.25	-22
1877.25	-7	1877.25	-12	1877.25	-23
1878.25	-7	1878.25	-13	1878.25	-23
1879.25	-8	1879.25	-14	1879.25	-23
1880.25	-8	1880.25	-14	1880.25	-22
1881.25	-8	1881.25	-14	1881.25	-21
1882.25	-7	1882.25	-13	1882.25	-21
1883.26	-7	1883.26	-13	1883.26	-22
1884.26	-6	1884.26	-13	1884.26	-22
1885.26	-6	1885.26	-14	1885.26	-23
1886.26	-6	1886.26	-14	1886.26	-23
1887.26	-6	1887.26	-14	1887.26	-24
1888.26	-6	1888.26	-13	1888.26	-24
1889.26	-6	1889.26	-13	1889.26	-24
1890.26	-6	1890.26	-13	1890.26	-24
1891.26	-7	1891.26	-13	1891.26	-24
1892.26	-8	1892.26	-13	1892.26	-24
1893.26	-8	1893.26	-13	1893.26	-24
1894.26	-8	1894.26	-14	1894.26	-24
1895.26	-8	1895.26	-14	1895.26	-24
1896.26	-8	1896.26	-14	1896.26	-25
1897.26	-8	1897.26	-14	1897.26	-26
1898.27	-9	1898.27	-14	1898.27	-26
1899.27	-9	1899.27	-14	1899.27	-26
1900.27	-9	1900.27	-14	1900.27	-26
1901.27	-9	1901.27	-14	1901.27	-26
1902.27	-9	1902.27	-15	1902.27	-26
1903.27	-10	1903.27	-15	1903.27	-25
1904.27	-10	1904.27	-15	1904.27	-26
1905.27	-10	1905.27	-15	1905.27	-26
1906.27	-9	1906.27	-15	1906.27	-25
1907.27	-9	1907.27	-15	1907.27	-24
1908.27	-9	1908.27	-15	1908.27	-23
1909.27	-10	1909.27	-15	1909.27	-24
1910.27	-10	1910.27	-15	1910.27	-26
1911.27	-10	1911.27	-15	1911.27	-26
1912.27	-10	1912.27	-14	1912.27	-25
1913.28	-10	1913.28	-14	1913.28	-25
1914.28	-10	1914.28	-14	1914.28	-23
1915.28	-10	1915.28	-14	1915.28	-21
1916.28	-9	1916.28	-15	1916.28	-20
1917.28	-9	1917.28	-15	1917.28	-20
1918.28	-10	1918.28	-16	1918.28	-19
1919.28	-10	1919.28	-16	1919.28	-20
1920.28	-11	1920.28	-15	1920.28	-20
1921.28	-11	1921.28	-14	1921.28	-20
1922.28	-11	1922.28	-14	1922.28	-20
1923.28	-11	1923.28	-14	1923.28	-20
1924.28	-10	1924.28	-14	1924.28	-19
1925.28	-10	1925.28	-15	1925.28	-19
1926.28	-10	1926.28	-15	1926.28	-20
1927.28	-10	1927.28	-15	1927.28	-20
1928.29	-9	1928.29	-15	1928.29	-19
1929.29	-9	1929.29	-15	1929.29	-18
1930.29	-10	1930.29	-14	1930.29	-17
1931.29	-11	1931.29	-14	1931.29	-16
1932.29	-11	1932.29	-14	1932.29	-16
1933.29	-10	1933.29	-15	1933.29	-16
1934.29	-10	1934.29	-15	1934.29	-16
1935.29	-10	1935.29	-15	1935.29	-16
1936.29	-11	1936.29	-15	1936.29	-16
1937.29	-11	1937.29	-14	1937.29	-17
1938.29	-10	1938.29	-14	1938.29	-17
1939.29	-10	1939.29	-14	1939.29	-18
1940.29	-10	1940.29	-14	1940.29	-18
1941.29	-11	1941.29	-14	1941.29	-19
1942.29	-12	1942.29	-14	1942.29	-20
1943.3	-12	1943.3	-14	1943.3	-20
1944.3	-12	1944.3	-14	1944.3	-21
1945.3	-12	1945.3	-14	1945.3	-21
1946.3	-11	1946.3	-15	1946.3	-22
1947.3	-11	1947.3	-16	1947.3	-21
1948.3	-11	1948.3	-16	1948.3	-20
1949.3	-11	1949.3	-16	1949.3	-19
1950.3	-11	1950.3	-15	1950.3	-19
1951.3	-11	1951.3	-15	1951.3	-20
1952.3	-12	1952.3	-15	1952.3	-19
1953.3	-12	1953.3	-16	1953.3	-18
1954.3	-11	1954.3	-16	1954.3	-18
1955.3	-11	1955.3	-15	1955.3	-18
1956.3	-11	1956.3	-15	1956.3	-18
1957.3	-10	1957.3	-14	1957.3	-17
1958.31	-10	1958.31	-15	1958.31	-17
1959.31	-10	1959.31	-15	1959.31	-17
1960.31	-9	1960.31	-14	1960.31	-17
1961.31	-9	1961.31	-14	1961.31	-17
1962.31	-10	1962.31	-13	1962.31	-18
1963.31	-11	1963.31	-13	1963.31	-18
1964.31	-11	1964.31	-13	1964.31	-17
1965.31	-12	1965.31	-14	1965.31	-17
1966.31	-12	1966.31	-15	1966.31	-17
1967.31	-13	1967.31	-14	1967.31	-17
1968.31	-13	1968.31	-14	1968.31	-17
1969.31	-13	1969.31	-14	1969.31	-17
1970.31	-12	1970.31	-14	1970.31	-16
1971.31	-12	1971.31	-15	1971.31	-16
1972.31	-12	1972.31	-15	1972.31	-16
1973.32	-13	1973.32	-16	1973.32	-16
1974.32	-13	1974.32	-16	1974.32	-16
1975.32	-13	1975.32	-17	1975.32	-16
1976.32	-13	1976.32	-17	1976.32	-18
1977.32	-12	1977.32	-16	1977.32	-19
1978.32	-12	1978.32	-16	1978.32	-19
1979.32	-12	1979.32	-15	1979.32	-19
1980.32	-12	1980.32	-15	1980.32	-19
1981.32	-12	1981.32	-16	1981.32	-20
1982.32	-13	1982.32	-16	1982.32	-21
1983.32	-14	1983.32	-16	1983.32	-20
1984.32	-14	1984.32	-16	1984.32	-20
1985.32	-14	1985.32	-15	1985.32	-19
1986.32	-14	1986.32	-15	1986.32	-19
1987.32	-14	1987.32	-15	1987.32	-18
1988.33	-14	1988.33	-16	1988.33	-18
1989.33	-14	1989.33	-16	1989.33	-17
1990.33	-15	1990.33	-16	1990.33	-17
1991.33	-16	1991.33	-17	1991.33	-17
1992.33	-16	1992.33	-17	1992.33	-18
1993.33	-15	1993.33	-16	1993.33	-19
1994.33	-14	1994.33	-16	1994.33	-19
1995.33	-13	1995.33	-16	1995.33	-18
1996.33	-13	1996.33	-16	1996.33	-17
1997.33	-12	1997.33	-16	1997.33	-17
1998.33	-13	1998.33	-16	1998.33	-17
1999.33	-13	1999.33	-16	1999.33	-18
2000.33	-13	2000.33	-16	2000.33	-19
2001.33	-13	2001.33	-16	2001.33	-20
2002.33	-12	2002.33	-16	2002.33	-19
2003.34	-12	2003.34	-15	2003.34	-18
2004.34	-12	2004.34	-15	2004.34	-17
2005.34	-12	2005.34	-15	2005.34	-18
2006.34	-13	2006.34	-16	2006.34	-18
2007.34	-13	2007.34	-16	2007.34	-17
2008.34	-14	2008.34	-16	2008.34	-17
2009.34	-14	2009.34	-16	2009.34	-17
2010.34	-14	2010.34	-16	2010.34	-17
2011.34	-13	2011.34	-16	2011.34	-17
2012.34	-13	2012.34	-16	2012.34	-16
2013.34	-13	2013.34	-17	2013.34	-16
2014.34	-13	2014.34	-17	2014.34	-15
2015.34	-12	2015.34	-17	2015.34	-15
2016.34	-12	2016.34	-17	2016.34	-15
2017.34	-12	2017.34	-17	2017.34	-15
2018.35	-12	2018.35	-17	2018.35	-15
2019.35	-12	2019.35	-16	2019.35	-16
2020.35	-13	2020.35	-15	2020.35	-17
2021.35	-14	2021.35	-15	2021.35	-18
2022.35	-15	2022.35	-16	2022.35	-18
2023.35	-15	2023.35	-16	2023.35	-17
2024.35	-15	2024.35	-16	2024.35	-16
2025.35	-14	2025.35	-16	2025.35	-16
2026.35	-14	2026.35	-17	2026.35	-15
2027.35	-14	2027.35	-17	2027.35	-14
2028.35	-13	2028.35	-18	2028.35	-14
2029.35	-12	2029.35	-17	2029.35	-13
2030.35	-11	2030.35	-17	2030.35	-12
2031.35	-12	2031.35	-17	2031.35	-12
2032.35	-12	2032.35	-17	2032.35	-13
2033.36	-12	2033.36	-17	2033.36	-13
2034.36	-12	2034.36	-17	2034.36	-13
2035.36	-12	2035.36	-17	2035.36	-12
2036.36	-12	2036.36	-17	2036.36	-11
2037.36	-13	2037.36	-17	2037.36	-9
2038.36	-13	2038.36	-17	2038.36	-9
2039.36	-13	2039.36	-16	2039.36	-8
2040.36	-12	2040.36	-17	2040.36	-6
2041.36	-11	2041.36	-17	2041.36	-4
2042.36	-11	2042.36	-18	2042.36	-4
2043.36	-10	2043.36	-18	2043.36	-3
2044.36	-10	2044.36	-17	2044.36	-4
2045.36	-10	2045.36	-17	2045.36	-5
2046.36	-11	2046.36	-17	2046.36	-4
2047.36	-10	2047.36	-17	2047.36	-3
2048.37	-10	2048.37	-16	2048.37	-1
2049.37	-9	2049.37	-15	2049.37	1
2050.37	-9	2050.37	-15	2050.37	2
2051.37	-8	2051.37	-15	2051.37	3
2052.37	-7	2052.37	-15	2052.37	5
2053.37	-7	2053.37	-15	2053.37	7
2054.37	-7	2054.37	-15	2054.37	9
2055.37	-7	2055.37	-15	2055.37	10
2056.37	-6	2056.37	-15	2056.37	12
2057.37	-5	2057.37	-15	2057.37	14
2058.37	-4	2058.37	-15	2058.37	18
2059.37	-4	2059.37	-15	2059.37	21
2060.37	-4	2060.37	-15	2060.37	23
2061.37	-4	2061.37	-15	2061.37	26
2062.37	-5	2062.37	-15	2062.37	29
2063.38	-5	2063.38	-14	2063.38	32
2064.38	-4	2064.38	-14	2064.38	34
2065.38	-4	2065.38	-14	2065.38	35
2066.38	-4	2066.38	-13	2066.38	37
2067.38	-4	2067.38	-13	2067.38	40
2068.38	-4	2068.38	-13	2068.38	43
2069.38	-4	2069.38	-13	2069.38	45
2070.38	-4	2070.38	-14	2070.38	46
2071.38	-4	2071.38	-14	2071.38	46
2072.38	-5	2072.38	-15	2072.38	48
2073.38	-6	2073.38	-15	2073.38	49
2074.38	-7	2074.38	-15	2074.38	51
2075.38	-7	2075.38	-15	2075.38	51
2076.38	-8	2076.38	-15	2076.38	50
2077.38	-8	2077.38	-16	2077.38	49
2078.39	-8	2078.39	-16	2078.39	47
2079.39	-8	2079.39	-16	2079.39	45
2080.39	-8	2080.39	-16	2080.39	44
2081.39	-8	2081.39	-16	2081.39	45
2082.39	-7	2082.39	-17	2082.39	44
2083.39	-7	2083.39	-16	2083.39	43
2084.39	-6	2084.39	-16	2084.39	41
2085.39	-6	2085.39	-17	2085.39	37
2086.39	-7	2086.39	-17	2086.39	34
2087.39	-7	2087.39	-17	2087.39	31
2088.39	-8	2088.39	-17	2088.39	29
2089.39	-9	2089.39	-18	2089.39	28
2090.39	-10	2090.39	-18	2090.39	26
2091.39	-10	2091.39	-19	2091.39	24
2092.39	-10	2092.39	-19	2092.39	21
2093.4	-10	2093.4	-19	2093.4	19
2094.4	-10	2094.4	-19	2094.4	16
2095.4	-10	2095.4	-19	2095.4	13
2096.4	-9	2096.4	-19	2096.4	11
2097.4	-9	2097.4	-19	2097.4	9
2098.4	-10	2098.4	-20	2098.4	7
2099.4	-11	2099.4	-21	2099.4	4
2100.4	-10	2100.4	-21	2100.4	2
2101.4	-9	2101.4	-21	2101.4	1
2102.4	-8	2102.4	-21	2102.4	-3
2103.4	-8	2103.4	-20	2103.4	-5
2104.4	-8	2104.4	-19	2104.4	-7
2105.4	-7	2105.4	-19	2105.4	-8
2106.4	-6	2106.4	-19	2106.4	-9
2107.4	-6	2107.4	-20	2107.4	-11
2108.41	-6	2108.41	-20	2108.41	-13
2109.41	-6	2109.41	-20	2109.41	-15
2110.41	-7	2110.41	-20	2110.41	-17
2111.41	-7	2111.41	-20	2111.41	-19
2112.41	-7	2112.41	-20	2112.41	-20
2113.41	-7	2113.41	-20	2113.41	-21
2114.41	-6	2114.41	-20	2114.41	-22
2115.41	-5	2115.41	-20	2115.41	-23
2116.41	-3	2116.41	-19	2116.41	-24
2117.41	-2	2117.41	-19	2117.41	-24
2118.41	-1	2118.41	-19	2118.41	-24
2119.41	-1	2119.41	-19	2119.41	-23
2120.41	0	2120.41	-19	2120.41	-23
2121.41	0	2121.41	-20	2121.41	-24
2122.41	0	2122.41	-20	2122.41	-24
2123.42	0	2123.42	-20	2123.42	-25
2124.42	1	2124.42	-20	2124.42	-26
2125.42	3	2125.42	-20	2125.42	-27
2126.42	4	2126.42	-19	2126.42	-30
2127.42	4	2127.42	-19	2127.42	-32
2128.42	4	2128.42	-19	2128.42	-33
2129.42	4	2129.42	-19	2129.42	-34
2130.42	6	2130.42	-18	2130.42	-34
2131.42	7	2131.42	-18	2131.42	-34
2132.42	9	2132.42	-18	2132.42	-34
2133.42	10	2133.42	-17	2133.42	-33
2134.42	10	2134.42	-17	2134.42	-32
2135.42	10	2135.42	-16	2135.42	-32
2136.42	11	2136.42	-15	2136.42	-32
2137.42	12	2137.42	-15	2137.42	-33
2138.43	14	2138.43	-15	2138.43	-33
2139.43	16	2139.43	-15	2139.43	-32
2140.43	17	2140.43	-14	2140.43	-32
2141.43	18	2141.43	-14	2141.43	-31
2142.43	20	2142.43	-14	2142.43	-30
2143.43	21	2143.43	-13	2143.43	-31
2144.43	23	2144.43	-12	2144.43	-32
2145.43	24	2145.43	-11	2145.43	-32
2146.43	25	2146.43	-11	2146.43	-33
2147.43	26	2147.43	-12	2147.43	-33
2148.43	28	2148.43	-12	2148.43	-33
2149.43	29	2149.43	-11	2149.43	-33
2150.43	31	2150.43	-10	2150.43	-33
2151.43	33	2151.43	-9	2151.43	-34
2152.43	35	2152.43	-9	2152.43	-33
2153.44	36	2153.44	-8	2153.44	-32
2154.44	38	2154.44	-7	2154.44	-31
2155.44	39	2155.44	-7	2155.44	-30
2156.44	40	2156.44	-6	2156.44	-31
2157.44	42	2157.44	-5	2157.44	-32
2158.44	43	2158.44	-5	2158.44	-33
2159.44	44	2159.44	-5	2159.44	-32
2160.44	44	2160.44	-4	2160.44	-31
2161.44	45	2161.44	-3	2161.44	-30
2162.44	46	2162.44	-2	2162.44	-30
2163.44	48	2163.44	-1	2163.44	-30
2164.44	49	2164.44	0	2164.44	-30
2165.44	52	2165.44	1	2165.44	-29
2166.44	55	2166.44	2	2166.44	-29
2167.44	58	2167.44	3	2167.44	-28
2168.45	60	2168.45	4	2168.45	-26
2169.45	62	2169.45	6	2169.45	-25
2170.45	63	2170.45	7	2170.45	-25
2171.45	64	2171.45	7	2171.45	-26
2172.45	65	2172.45	7	2172.45	-26
2173.45	66	2173.45	8	2173.45	-25
2174.45	67	2174.45	10	2174.45	-24
2175.45	69	2175.45	11	2175.45	-24
2176.45	70	2176.45	11	2176.45	-23
2177.45	72	2177.45	12	2177.45	-21
2178.45	74	2178.45	14	2178.45	-19
2179.45	76	2179.45	16	2179.45	-17
2180.45	78	2180.45	17	2180.45	-16
2181.45	80	2181.45	18	2181.45	-16
2182.45	81	2182.45	19	2182.45	-16
2183.46	82	2183.46	20	2183.46	-16
2184.46	82	2184.46	20	2184.46	-15
2185.46	83	2185.46	21	2185.46	-14
2186.46	85	2186.46	22	2186.46	-12
2187.46	87	2187.46	23	2187.46	-11
2188.46	89	2188.46	24	2188.46	-10
2189.46	90	2189.46	26	2189.46	-9
2190.46	92	2190.46	27	2190.46	-8
2191.46	94	2191.46	28	2191.46	-7
2192.46	97	2192.46	30	2192.46	-7
2193.46	99	2193.46	31	2193.46	-7
2194.46	100	2194.46	32	2194.46	-6
2195.46	101	2195.46	32	2195.46	-5
2196.46	102	2196.46	33	2196.46	-4
2197.46	103	2197.46	34	2197.46	-2
2198.47	104	2198.47	36	2198.47	0
2199.47	105	2199.47	38	2199.47	3
2200.47	105	2200.47	39	2200.47	4
2201.47	106	2201.47	40	2201.47	5
2202.47	108	2202.47	41	2202.47	4
2203.47	111	2203.47	43	2203.47	4
2204.47	114	2204.47	45	2204.47	6
2205.47	116	2205.47	47	2205.47	8
2206.47	117	2206.47	48	2206.47	11
2207.47	118	2207.47	48	2207.47	13
2208.47	121	2208.47	49	2208.47	15
2209.47	123	2209.47	49	2209.47	17
2210.47	125	2210.47	49	2210.47	18
2211.47	126	2211.47	50	2211.47	19
2212.47	127	2212.47	52	2212.47	21
2213.48	127	2213.48	55	2213.48	23
2214.48	128	2214.48	57	2214.48	25
2215.48	128	2215.48	58	2215.48	27
2216.48	129	2216.48	59	2216.48	29
2217.48	130	2217.48	59	2217.48	31
2218.48	131	2218.48	60	2218.48	32
2219.48	131	2219.48	61	2219.48	34
2220.48	131	2220.48	62	2220.48	35
2221.48	130	2221.48	62	2221.48	36
2222.48	131	2222.48	62	2222.48	37
2223.48	131	2223.48	63	2223.48	38
2224.48	131	2224.48	64	2224.48	38
2225.48	131	2225.48	66	2225.48	38
2226.48	130	2226.48	67	2226.48	39
2227.48	129	2227.48	68	2227.48	41
2228.49	130	2228.49	70	2228.49	43
2229.49	131	2229.49	71	2229.49	43
2230.49	132	2230.49	72	2230.49	44
2231.49	133	2231.49	73	2231.49	45
2232.49	134	2232.49	74	2232.49	48
2233.49	135	2233.49	75	2233.49	50
2234.49	136	2234.49	76	2234.49	52
2235.49	137	2235.49	77	2235.49	53
2236.49	137	2236.49	77	2236.49	54
2237.49	138	2237.49	77	2237.49	55
2238.49	139	2238.49	77	2238.49	57
2239.49	138	2239.49	78	2239.49	59
2240.49	137	2240.49	78	2240.49	62
2241.49	135	2241.49	80	2241.49	63
2242.49	134	2242.49	81	2242.49	64
2243.5	133	2243.5	82	2243.5	64
2244.5	132	2244.5	83	2244.5	63
2245.5	131	2245.5	83	2245.5	63
2246.5	130	2246.5	82	2246.5	63
2247.5	129	2247.5	82	2247.5	63
2248.5	128	2248.5	82	2248.5	64
2249.5	127	2249.5	82	2249.5	65
2250.5	128	2250.5	83	2250.5	66
2251.5	128	2251.5	83	2251.5	66
2252.5	127	2252.5	83	2252.5	65
2253.5	124	2253.5	83	2253.5	64
2254.5	122	2254.5	82	2254.5	64
2255.5	120	2255.5	82	2255.5	65
2256.5	120	2256.5	82	2256.5	68
2257.51	121	2257.51	82	2257.51	71
2258.51	121	2258.51	82	2258.51	74
2259.51	121	2259.51	83	2259.51	76
2260.51	120	2260.51	84	2260.51	78
2261.51	118	2261.51	84	2261.51	79
2262.51	116	2262.51	84	2262.51	80
2263.51	115	2263.51	85	2263.51	81
2264.51	114	2264.51	85	2264.51	81
2265.51	113	2265.51	85	2265.51	82
2266.51	113	2266.51	84	2266.51	82
2267.51	113	2267.51	84	2267.51	82
2268.51	114	2268.51	84	2268.51	82
2269.51	115	2269.51	84	2269.51	82
2270.51	115	2270.51	85	2270.51	82
2271.51	115	2271.51	86	2271.51	83
2272.52	115	2272.52	87	2272.52	86
2273.52	114	2273.52	88	2273.52	88
2274.52	113	2274.52	89	2274.52	90
2275.52	112	2275.52	89	2275.52	93
2276.52	111	2276.52	89	2276.52	97
2277.52	109	2277.52	88	2277.52	99
2278.52	108	2278.52	87	2278.52	98
2279.52	108	2279.52	86	2279.52	98
2280.52	108	2280.52	87	2280.52	99
2281.52	108	2281.52	88	2281.52	101
2282.52	108	2282.52	88	2282.52	101
2283.52	107	2283.52	88	2283.52	99
2284.52	107	2284.52	88	2284.52	98
2285.52	108	2285.52	88	2285.52	97
2286.52	108	2286.52	89	2286.52	99
2287.53	108	2287.53	88	2287.53	100
2288.53	105	2288.53	87	2288.53	99
2289.53	102	2289.53	86	2289.53	98
2290.53	99	2290.53	86	2290.53	96
2291.53	95	2291.53	85	2291.53	96
2292.53	92	2292.53	83	2292.53	94
2293.53	89	2293.53	81	2293.53	90
2294.53	86	2294.53	80	2294.53	86
2295.53	85	2295.53	79	2295.53	84
2296.53	83	2296.53	77	2296.53	84
2297.53	81	2297.53	75	2297.53	84
2298.53	79	2298.53	73	2298.53	84
2299.53	78	2299.53	71	2299.53	83
2300.53	76	2300.53	70	2300.53	83
2301.53	75	2301.53	69	2301.53	82
2302.54	73	2302.54	69	2302.54	81
2303.54	72	2303.54	70	2303.54	80
2304.54	71	2304.54	71	2304.54	81
2305.54	71	2305.54	71	2305.54	83
2306.54	71	2306.54	71	2306.54	85
2307.54	71	2307.54	70	2307.54	85
2308.54	71	2308.54	70	2308.54	84
2309.54	72	2309.54	70	2309.54	82
2310.54	74	2310.54	72	2310.54	81
2311.54	77	2311.54	73	2311.54	81
2312.54	79	2312.54	74	2312.54	82
2313.54	80	2313.54	73	2313.54	86
2314.54	80	2314.54	73	2314.54	89
2315.54	79	2315.54	73	2315.54	91
2316.54	77	2316.54	72	2316.54	91
2317.55	74	2317.55	70	2317.55	88
2318.55	70	2318.55	69	2318.55	84
2319.55	67	2319.55	68	2319.55	81
2320.55	64	2320.55	66	2320.55	78
2321.55	63	2321.55	64	2321.55	75
2322.55	62	2322.55	61	2322.55	73
2323.55	60	2323.55	59	2323.55	71
2324.55	57	2324.55	57	2324.55	69
2325.55	54	2325.55	55	2325.55	68
2326.55	51	2326.55	54	2326.55	69
2327.55	49	2327.55	53	2327.55	70
2328.55	47	2328.55	52	2328.55	71
2329.55	47	2329.55	52	2329.55	70
2330.55	47	2330.55	52	2330.55	69
2331.55	47	2331.55	53	2331.55	67
2332.56	47	2332.56	54	2332.56	66
2333.56	48	2333.56	55	2333.56	66
2334.56	49	2334.56	55	2334.56	66
2335.56	51	2335.56	55	2335.56	66
2336.56	51	2336.56	54	2336.56	67
2337.56	49	2337.56	53	2337.56	69
2338.56	47	2338.56	51	2338.56	71
2339.56	45	2339.56	49	2339.56	72
2340.56	45	2340.56	47	2340.56	71
2341.56	46	2341.56	46	2341.56	70
2342.56	47	2342.56	45	2342.56	69
2343.56	48	2343.56	44	2343.56	68
2344.56	48	2344.56	43	2344.56	68
2345.56	47	2345.56	43	2345.56	68
2346.56	45	2346.56	43	2346.56	67
2347.57	43	2347.57	43	2347.57	65
2348.57	41	2348.57	43	2348.57	64
2349.57	42	2349.57	43	2349.57	64
2350.57	50	2350.57	46	2350.57	71
2351.57	74	2351.57	58	2351.57	94
2352.57	139	2352.57	92	2352.57	159
2353.57	297	2353.57	179	2353.57	315
2354.57	630	2354.57	373	2354.57	646
2355.57	1238	2355.57	754	2355.57	1265
2356.57	2195	2356.57	1404	2356.57	2271
2357.57	3481	2357.57	2351	2357.57	3679
2358.57	4918	2358.57	3501	2358.57	5344
2359.57	6187	2359.57	4629	2359.57	6950
2360.57	6939	2360.57	5452	2360.57	8103
2361.57	6963	2361.57	5741	2361.57	8500
2362.58	6290	2362.58	5422	2362.58	8063
2363.58	5163	2363.58	4617	2363.58	6957
2364.58	3899	2364.58	3572	2364.58	5498
2365.58	2751	2365.58	2537	2365.58	4018
2366.58	1852	2366.58	1678	2366.58	2759
2367.58	1224	2367.58	1054	2367.58	1821
2368.58	818	2368.58	645	2368.58	1187
2369.58	564	2369.58	397	2369.58	781
2370.58	404	2370.58	253	2370.58	527
2371.58	298	2371.58	172	2371.58	367
2372.58	225	2372.58	123	2372.58	264
2373.58	173	2373.58	91	2373.58	195
2374.58	135	2374.58	70	2374.58	147
2375.58	109	2375.58	57	2375.58	115
2376.58	91	2376.58	48	2376.58	94
2377.59	81	2377.59	41	2377.59	78
2378.59	73	2378.59	35	2378.59	65
2379.59	66	2379.59	30	2379.59	54
2380.59	59	2380.59	26	2380.59	46
2381.59	53	2381.59	23	2381.59	39
2382.59	47	2382.59	19	2382.59	32
2383.59	41	2383.59	16	2383.59	27
2384.59	35	2384.59	14	2384.59	25
2385.59	29	2385.59	11	2385.59	24
2386.59	23	2386.59	9	2386.59	23
2387.59	19	2387.59	7	2387.59	22
2388.59	15	2388.59	6	2388.59	21
2389.59	12	2389.59	4	2389.59	19
2390.59	10	2390.59	3	2390.59	18
2391.59	8	2391.59	1	2391.59	16
2392.6	6	2392.6	0	2392.6	15
2393.6	5	2393.6	0	2393.6	13
2394.6	3	2394.6	0	2394.6	11
2395.6	1	2395.6	0	2395.6	10
2396.6	0	2396.6	0	2396.6	11
2397.6	-2	2397.6	-1	2397.6	12
2398.6	-3	2398.6	-2	2398.6	13
2399.6	-4	2399.6	-4	2399.6	13
2400.6	-5	2400.6	-5	2400.6	12
2401.6	-5	2401.6	-5	2401.6	10
2402.6	-5	2402.6	-5	2402.6	8
2403.6	-5	2403.6	-5	2403.6	6
2404.6	-5	2404.6	-5	2404.6	5
2405.6	-6	2405.6	-4	2405.6	4
2406.6	-7	2406.6	-3	2406.6	3
2407.61	-8	2407.61	-1	2407.61	3
2408.61	-9	2408.61	0	2408.61	4
2409.61	-10	2409.61	0	2409.61	4
2410.61	-10	2410.61	-1	2410.61	4
2411.61	-10	2411.61	-3	2411.61	4
2412.61	-11	2412.61	-6	2412.61	4
2413.61	-11	2413.61	-8	2413.61	3
2414.61	-10	2414.61	-10	2414.61	3
2415.61	-10	2415.61	-11	2415.61	2
2416.61	-10	2416.61	-12	2416.61	2
2417.61	-11	2417.61	-12	2417.61	0
2418.61	-13	2418.61	-11	2418.61	-1
2419.61	-13	2419.61	-12	2419.61	-1
2420.61	-13	2420.61	-13	2420.61	0
2421.61	-14	2421.61	-14	2421.61	-1
2422.62	-14	2422.62	-14	2422.62	-2
2423.62	-15	2423.62	-15	2423.62	-2
2424.62	-15	2424.62	-15	2424.62	-3
2425.62	-16	2425.62	-16	2425.62	-3
2426.62	-16	2426.62	-17	2426.62	-3
2427.62	-17	2427.62	-18	2427.62	-4
2428.62	-16	2428.62	-18	2428.62	-4
2429.62	-15	2429.62	-18	2429.62	-5
2430.62	-15	2430.62	-18	2430.62	-5
2431.62	-15	2431.62	-18	2431.62	-5
2432.62	-15	2432.62	-18	2432.62	-5
2433.62	-15	2433.62	-18	2433.62	-4
2434.62	-15	2434.62	-18	2434.62	-3
2435.62	-15	2435.62	-18	2435.62	-3
2436.62	-15	2436.62	-18	2436.62	-3
2437.63	-15	2437.63	-18	2437.63	-3
2438.63	-14	2438.63	-18	2438.63	-3
2439.63	-14	2439.63	-18	2439.63	-3
2440.63	-14	2440.63	-18	2440.63	-3
2441.63	-15	2441.63	-18	2441.63	-3
2442.63	-16	2442.63	-19	2442.63	-4
2443.63	-16	2443.63	-19	2443.63	-4
2444.63	-15	2444.63	-19	2444.63	-4
2445.63	-14	2445.63	-19	2445.63	-4
2446.63	-14	2446.63	-19	2446.63	-5
2447.63	-15	2447.63	-19	2447.63	-5
2448.63	-15	2448.63	-19	2448.63	-5
2449.63	-15	2449.63	-19	2449.63	-6
2450.63	-16	2450.63	-18	2450.63	-6
2451.63	-17	2451.63	-18	2451.63	-6
2452.64	-17	2452.64	-18	2452.64	-7
2453.64	-17	2453.64	-18	2453.64	-7
2454.64	-17	2454.64	-19	2454.64	-7
2455.64	-17	2455.64	-19	2455.64	-6
2456.64	-16	2456.64	-19	2456.64	-7
2457.64	-16	2457.64	-19	2457.64	-9
2458.64	-17	2458.64	-19	2458.64	-10
2459.64	-17	2459.64	-19	2459.64	-10
2460.64	-17	2460.64	-18	2460.64	-10
2461.64	-17	2461.64	-18	2461.64	-10
2462.64	-17	2462.64	-18	2462.64	-9
2463.64	-17	2463.64	-18	2463.64	-8
2464.64	-17	2464.64	-18	2464.64	-7
2465.64	-18	2465.64	-18	2465.64	-7
2466.64	-18	2466.64	-18	2466.64	-7
2467.65	-17	2467.65	-18	2467.65	-7
2468.65	-17	2468.65	-18	2468.65	-7
2469.65	-18	2469.65	-18	2469.65	-5
2470.65	-18	2470.65	-18	2470.65	-4
2471.65	-18	2471.65	-18	2471.65	-4
2472.65	-18	2472.65	-18	2472.65	-4
2473.65	-18	2473.65	-19	2473.65	-5
2474.65	-17	2474.65	-19	2474.65	-6
2475.65	-16	2475.65	-19	2475.65	-6
2476.65	-15	2476.65	-19	2476.65	-5
2477.65	-16	2477.65	-20	2477.65	-6
2478.65	-16	2478.65	-20	2478.65	-6
2479.65	-17	2479.65	-19	2479.65	-6
2480.65	-17	2480.65	-19	2480.65	-7
2481.65	-16	2481.65	-18	2481.65	-7
2482.66	-16	2482.66	-18	2482.66	-7
2483.66	-15	2483.66	-19	2483.66	-6
2484.66	-15	2484.66	-20	2484.66	-5
2485.66	-15	2485.66	-20	2485.66	-5
2486.66	-16	2486.66	-19	2486.66	-6
2487.66	-16	2487.66	-18	2487.66	-7
2488.66	-15	2488.66	-18	2488.66	-7
2489.66	-15	2489.66	-18	2489.66	-6
2490.66	-15	2490.66	-19	2490.66	-6
2491.66	-16	2491.66	-19	2491.66	-7
2492.66	-17	2492.66	-19	2492.66	-8
2493.66	-18	2493.66	-19	2493.66	-9
2494.66	-18	2494.66	-19	2494.66	-10
2495.66	-18	2495.66	-19	2495.66	-10
2496.66	-17	2496.66	-19	2496.66	-10
2497.67	-15	2497.67	-20	2497.67	-9
2498.67	-15	2498.67	-20	2498.67	-8
2499.67	-15	2499.67	-20	2499.67	-8
2500.67	-16	2500.67	-19	2500.67	-7
2501.67	-16	2501.67	-19	2501.67	-7
2502.67	-17	2502.67	-19	2502.67	-6
2503.67	-17	2503.67	-19	2503.67	-6
2504.67	-16	2504.67	-19	2504.67	-6
2505.67	-16	2505.67	-19	2505.67	-7
2506.67	-16	2506.67	-19	2506.67	-8
2507.67	-17	2507.67	-18	2507.67	-7
2508.67	-16	2508.67	-18	2508.67	-6
2509.67	-16	2509.67	-18	2509.67	-6
2510.67	-16	2510.67	-18	2510.67	-6
2511.67	-15	2511.67	-18	2511.67	-7
2512.68	-15	2512.68	-18	2512.68	-7
2513.68	-15	2513.68	-18	2513.68	-7
2514.68	-15	2514.68	-18	2514.68	-8
2515.68	-15	2515.68	-18	2515.68	-8
2516.68	-16	2516.68	-18	2516.68	-8
2517.68	-16	2517.68	-18	2517.68	-7
2518.68	-15	2518.68	-18	2518.68	-8
2519.68	-14	2519.68	-17	2519.68	-9
2520.68	-14	2520.68	-17	2520.68	-9
2521.68	-15	2521.68	-17	2521.68	-9
2522.68	-15	2522.68	-18	2522.68	-8
2523.68	-16	2523.68	-19	2523.68	-7
2524.68	-16	2524.68	-19	2524.68	-8
2525.68	-15	2525.68	-19	2525.68	-8
2526.68	-15	2526.68	-18	2526.68	-7
2527.69	-15	2527.69	-18	2527.69	-6
2528.69	-15	2528.69	-18	2528.69	-6
2529.69	-15	2529.69	-18	2529.69	-5
2530.69	-14	2530.69	-18	2530.69	-5
2531.69	-14	2531.69	-18	2531.69	-5
2532.69	-14	2532.69	-18	2532.69	-6
2533.69	-13	2533.69	-18	2533.69	-7
2534.69	-13	2534.69	-18	2534.69	-7
2535.69	-13	2535.69	-18	2535.69	-8
2536.69	-13	2536.69	-17	2536.69	-8
2537.69	-14	2537.69	-17	2537.69	-8
2538.69	-14	2538.69	-17	2538.69	-8
2539.69	-15	2539.69	-17	2539.69	-8
2540.69	-15	2540.69	-17	2540.69	-8
2541.69	-16	2541.69	-18	2541.69	-8
2542.7	-16	2542.7	-19	2542.7	-8
2543.7	-15	2543.7	-19	2543.7	-9
2544.7	-14	2544.7	-18	2544.7	-9
2545.7	-14	2545.7	-17	2545.7	-9
2546.7	-13	2546.7	-16	2546.7	-8
2547.7	-13	2547.7	-16	2547.7	-7
2548.7	-14	2548.7	-16	2548.7	-7
2549.7	-14	2549.7	-16	2549.7	-7
2550.7	-15	2550.7	-17	2550.7	-8
2551.7	-15	2551.7	-17	2551.7	-9
2552.7	-15	2552.7	-18	2552.7	-8
2553.7	-15	2553.7	-18	2553.7	-8
2554.7	-14	2554.7	-17	2554.7	-7
2555.7	-13	2555.7	-17	2555.7	-8
2556.7	-13	2556.7	-17	2556.7	-8
2557.71	-12	2557.71	-17	2557.71	-9
2558.71	-12	2558.71	-17	2558.71	-8
2559.71	-11	2559.71	-18	2559.71	-7
2560.71	-11	2560.71	-18	2560.71	-7
2561.71	-12	2561.71	-18	2561.71	-7
2562.71	-13	2562.71	-18	2562.71	-6
2563.71	-14	2563.71	-18	2563.71	-5
2564.71	-14	2564.71	-17	2564.71	-4
2565.71	-14	2565.71	-17	2565.71	-4
2566.71	-13	2566.71	-16	2566.71	-4
2567.71	-13	2567.71	-17	2567.71	-4
2568.71	-14	2568.71	-17	2568.71	-4
2569.71	-14	2569.71	-17	2569.71	-4
2570.71	-15	2570.71	-16	2570.71	-5
2571.71	-15	2571.71	-16	2571.71	-7
2572.72	-14	2572.72	-16	2572.72	-7
2573.72	-14	2573.72	-16	2573.72	-6
2574.72	-13	2574.72	-16	2574.72	-6
2575.72	-13	2575.72	-17	2575.72	-7
2576.72	-13	2576.72	-17	2576.72	-8
2577.72	-13	2577.72	-18	2577.72	-9
2578.72	-13	2578.72	-18	2578.72	-8
2579.72	-13	2579.72	-17	2579.72	-7
2580.72	-12	2580.72	-17	2580.72	-6
2581.72	-12	2581.72	-16	2581.72	-5
2582.72	-12	2582.72	-16	2582.72	-5
2583.72	-13	2583.72	-16	2583.72	-5
2584.72	-13	2584.72	-17	2584.72	-5
2585.72	-13	2585.72	-17	2585.72	-6
2586.72	-13	2586.72	-17	2586.72	-6
2587.73	-13	2587.73	-16	2587.73	-6
2588.73	-12	2588.73	-16	2588.73	-5
2589.73	-13	2589.73	-16	2589.73	-4
2590.73	-14	2590.73	-16	2590.73	-3
2591.73	-14	2591.73	-16	2591.73	-3
2592.73	-14	2592.73	-16	2592.73	-3
2593.73	-14	2593.73	-16	2593.73	-4
2594.73	-14	2594.73	-17	2594.73	-4
2595.73	-14	2595.73	-17	2595.73	-4
2596.73	-13	2596.73	-17	2596.73	-4
2597.73	-13	2597.73	-17	2597.73	-3
2598.73	-13	2598.73	-17	2598.73	-3
2599.73	-13	2599.73	-17	2599.73	-3
2600.73	-12	2600.73	-17	2600.73	-4
2601.73	-12	2601.73	-17	2601.73	-4
2602.74	-12	2602.74	-17	2602.74	-4
2603.74	-13	2603.74	-17	2603.74	-4
2604.74	-13	2604.74	-16	2604.74	-5
2605.74	-13	2605.74	-15	2605.74	-6
2606.74	-12	2606.74	-15	2606.74	-6
2607.74	-12	2607.74	-16	2607.74	-6
2608.74	-13	2608.74	-16	2608.74	-6
2609.74	-13	2609.74	-16	2609.74	-5
2610.74	-14	2610.74	-16	2610.74	-4
2611.74	-14	2611.74	-16	2611.74	-3
2612.74	-14	2612.74	-16	2612.74	-3
2613.74	-14	2613.74	-16	2613.74	-3
2614.74	-14	2614.74	-16	2614.74	-3
2615.74	-14	2615.74	-17	2615.74	-3
2616.74	-13	2616.74	-17	2616.74	-4
2617.75	-14	2617.75	-17	2617.75	-4
2618.75	-15	2618.75	-17	2618.75	-4
2619.75	-15	2619.75	-17	2619.75	-3
2620.75	-14	2620.75	-16	2620.75	-4
2621.75	-14	2621.75	-16	2621.75	-5
2622.75	-13	2622.75	-16	2622.75	-6
2623.75	-13	2623.75	-16	2623.75	-6
2624.75	-13	2624.75	-15	2624.75	-7
2625.75	-14	2625.75	-15	2625.75	-6
2626.75	-13	2626.75	-15	2626.75	-5
2627.75	-13	2627.75	-16	2627.75	-3
2628.75	-12	2628.75	-16	2628.75	-2
2629.75	-11	2629.75	-16	2629.75	-2
2630.75	-11	2630.75	-16	2630.75	-2
2631.75	-11	2631.75	-15	2631.75	-3
2632.76	-11	2632.76	-14	2632.76	-4
2633.76	-11	2633.76	-14	2633.76	-5
2634.76	-12	2634.76	-14	2634.76	-5
2635.76	-13	2635.76	-15	2635.76	-4
2636.76	-12	2636.76	-14	2636.76	-3
2637.76	-12	2637.76	-14	2637.76	-3
2638.76	-11	2638.76	-15	2638.76	-3
2639.76	-11	2639.76	-15	2639.76	-4
2640.76	-10	2640.76	-15	2640.76	-5
2641.76	-10	2641.76	-15	2641.76	-5
2642.76	-10	2642.76	-15	2642.76	-4
2643.76	-11	2643.76	-15	2643.76	-4
2644.76	-12	2644.76	-14	2644.76	-4
2645.76	-11	2645.76	-15	2645.76	-3
2646.76	-11	2646.76	-15	2646.76	-3
2647.77	-10	2647.77	-15	2647.77	-3
2648.77	-10	2648.77	-15	2648.77	-4
2649.77	-10	2649.77	-15	2649.77	-4
2650.77	-10	2650.77	-14	2650.77	-4
2651.77	-10	2651.77	-14	2651.77	-3
2652.77	-10	2652.77	-14	2652.77	-2
2653.77	-9	2653.77	-14	2653.77	-3
2654.77	-9	2654.77	-14	2654.77	-4
2655.77	-10	2655.77	-14	2655.77	-4
2656.77	-10	2656.77	-14	2656.77	-3
2657.77	-10	2657.77	-15	2657.77	-3
2658.77	-10	2658.77	-15	2658.77	-3
2659.77	-10	2659.77	-15	2659.77	-3
2660.77	-10	2660.77	-15	2660.77	-4
2661.77	-11	2661.77	-15	2661.77	-4
2662.78	-11	2662.78	-14	2662.78	-3
2663.78	-11	2663.78	-14	2663.78	-2
2664.78	-10	2664.78	-14	2664.78	-1
2665.78	-10	2665.78	-14	2665.78	-2
2666.78	-11	2666.78	-14	2666.78	-4
2667.78	-11	2667.78	-14	2667.78	-4
2668.78	-11	2668.78	-14	2668.78	-4
2669.78	-11	2669.78	-14	2669.78	-3
2670.78	-10	2670.78	-14	2670.78	-3
2671.78	-11	2671.78	-13	2671.78	-3
2672.78	-11	2672.78	-13	2672.78	-3
2673.78	-10	2673.78	-13	2673.78	-3
2674.78	-9	2674.78	-13	2674.78	-4
2675.78	-8	2675.78	-13	2675.78	-4
2676.78	-8	2676.78	-13	2676.78	-4
2677.79	-8	2677.79	-13	2677.79	-3
2678.79	-9	2678.79	-13	2678.79	-3
2679.79	-9	2679.79	-13	2679.79	-2
2680.79	-9	2680.79	-13	2680.79	-3
2681.79	-8	2681.79	-12	2681.79	-4
2682.79	-8	2682.79	-12	2682.79	-5
2683.79	-8	2683.79	-12	2683.79	-4
2684.79	-8	2684.79	-13	2684.79	-3
2685.79	-9	2685.79	-13	2685.79	-3
2686.79	-10	2686.79	-12	2686.79	-3
2687.79	-10	2687.79	-12	2687.79	-3
2688.79	-11	2688.79	-12	2688.79	-3
2689.79	-10	2689.79	-12	2689.79	-2
2690.79	-9	2690.79	-12	2690.79	-2
2691.79	-9	2691.79	-13	2691.79	-1
2692.8	-8	2692.8	-13	2692.8	-1
2693.8	-8	2693.8	-13	2693.8	-2
2694.8	-7	2694.8	-13	2694.8	-2
2695.8	-7	2695.8	-13	2695.8	-2
2696.8	-8	2696.8	-13	2696.8	-2
2697.8	-8	2697.8	-13	2697.8	-2
2698.8	-9	2698.8	-13	2698.8	-2
2699.8	-9	2699.8	-13	2699.8	-1
2700.8	-10	2700.8	-13	2700.8	0
2701.8	-10	2701.8	-12	2701.8	0
2702.8	-9	2702.8	-12	2702.8	-1
2703.8	-9	2703.8	-12	2703.8	-2
2704.8	-9	2704.8	-12	2704.8	-3
2705.8	-8	2705.8	-11	2705.8	-5
2706.8	-8	2706.8	-11	2706.8	-5
2707.81	-8	2707.81	-11	2707.81	-5
2708.81	-8	2708.81	-11	2708.81	-4
2709.81	-8	2709.81	-11	2709.81	-4
2710.81	-8	2710.81	-11	2710.81	-4
2711.81	-8	2711.81	-12	2711.81	-4
2712.81	-8	2712.81	-12	2712.81	-4
2713.81	-8	2713.81	-12	2713.81	-2
2714.81	-8	2714.81	-12	2714.81	-1
2715.81	-8	2715.81	-12	2715.81	0
2716.81	-8	2716.81	-13	2716.81	-1
2717.81	-8	2717.81	-13	2717.81	-1
2718.81	-9	2718.81	-13	2718.81	-1
2719.81	-8	2719.81	-13	2719.81	-1
2720.81	-8	2720.81	-13	2720.81	0
2721.81	-8	2721.81	-13	2721.81	-1
2722.82	-8	2722.82	-12	2722.82	-1
2723.82	-8	2723.82	-11	2723.82	-2
2724.82	-8	2724.82	-11	2724.82	-2
2725.82	-8	2725.82	-11	2725.82	-3
2726.82	-8	2726.82	-11	2726.82	-3
2727.82	-8	2727.82	-12	2727.82	-2
2728.82	-9	2728.82	-12	2728.82	-1
2729.82	-9	2729.82	-11	2729.82	-1
2730.82	-9	2730.82	-11	2730.82	-1
2731.82	-8	2731.82	-11	2731.82	-1
2732.82	-8	2732.82	-11	2732.82	0
2733.82	-8	2733.82	-11	2733.82	0
2734.82	-8	2734.82	-11	2734.82	0
2735.82	-7	2735.82	-11	2735.82	-1
2736.82	-6	2736.82	-11	2736.82	-2
2737.83	-6	2737.83	-12	2737.83	-3
2738.83	-6	2738.83	-12	2738.83	-2
2739.83	-7	2739.83	-12	2739.83	-2
2740.83	-7	2740.83	-12	2740.83	-2
2741.83	-8	2741.83	-11	2741.83	-2
2742.83	-8	2742.83	-11	2742.83	-1
2743.83	-8	2743.83	-11	2743.83	-1
2744.83	-8	2744.83	-11	2744.83	-1
2745.83	-8	2745.83	-11	2745.83	-1
2746.83	-8	2746.83	-11	2746.83	-2
2747.83	-7	2747.83	-11	2747.83	-1
2748.83	-8	2748.83	-11	2748.83	-1
2749.83	-7	2749.83	-11	2749.83	-1
2750.83	-7	2750.83	-11	2750.83	-1
2751.83	-6	2751.83	-11	2751.83	-2
2752.84	-5	2752.84	-11	2752.84	-2
2753.84	-5	2753.84	-11	2753.84	-1
2754.84	-5	2754.84	-10	2754.84	-1
2755.84	-5	2755.84	-10	2755.84	-2
2756.84	-5	2756.84	-11	2756.84	-2
2757.84	-6	2757.84	-11	2757.84	-1
2758.84	-6	2758.84	-11	2758.84	0
2759.84	-6	2759.84	-11	2759.84	2
2760.84	-6	2760.84	-11	2760.84	2
2761.84	-7	2761.84	-11	2761.84	2
2762.84	-7	2762.84	-11	2762.84	0
2763.84	-6	2763.84	-11	2763.84	-1
2764.84	-6	2764.84	-11	2764.84	-1
2765.84	-6	2765.84	-11	2765.84	-1
2766.84	-6	2766.84	-10	2766.84	-1
2767.85	-6	2767.85	-10	2767.85	-1
2768.85	-5	2768.85	-10	2768.85	-1
2769.85	-5	2769.85	-10	2769.85	-1
2770.85	-5	2770.85	-10	2770.85	-2
2771.85	-6	2771.85	-10	2771.85	-1
2772.85	-7	2772.85	-10	2772.85	0
2773.85	-6	2773.85	-9	2773.85	1
2774.85	-5	2774.85	-9	2774.85	1
2775.85	-4	2775.85	-9	2775.85	2
2776.85	-4	2776.85	-9	2776.85	2
2777.85	-5	2777.85	-10	2777.85	2
2778.85	-6	2778.85	-10	2778.85	1
2779.85	-6	2779.85	-10	2779.85	0
2780.85	-6	2780.85	-10	2780.85	-1
2781.85	-6	2781.85	-10	2781.85	-1
2782.86	-6	2782.86	-9	2782.86	0
2783.86	-6	2783.86	-9	2783.86	1
2784.86	-6	2784.86	-9	2784.86	1
2785.86	-5	2785.86	-9	2785.86	-1
2786.86	-4	2786.86	-10	2786.86	-1
2787.86	-4	2787.86	-10	2787.86	0
2788.86	-4	2788.86	-10	2788.86	1
2789.86	-4	2789.86	-9	2789.86	2
2790.86	-4	2790.86	-9	2790.86	3
2791.86	-4	2791.86	-9	2791.86	3
2792.86	-4	2792.86	-10	2792.86	2
2793.86	-4	2793.86	-10	2793.86	2
2794.86	-4	2794.86	-9	2794.86	3
2795.86	-4	2795.86	-9	2795.86	2
2796.86	-4	2796.86	-9	2796.86	2
2797.87	-5	2797.87	-9	2797.87	1
2798.87	-5	2798.87	-9	2798.87	1
2799.87	-4	2799.87	-9	2799.87	2
2800.87	-4	2800.87	-9	2800.87	2
2801.87	-4	2801.87	-9	2801.87	1
2802.87	-5	2802.87	-9	2802.87	2
2803.87	-5	2803.87	-9	2803.87	2
2804.87	-5	2804.87	-8	2804.87	2
2805.87	-4	2805.87	-8	2805.87	2
2806.87	-4	2806.87	-8	2806.87	1
2807.87	-4	2807.87	-8	2807.87	1
2808.87	-5	2808.87	-8	2808.87	1
2809.87	-4	2809.87	-8	2809.87	1
2810.87	-4	2810.87	-8	2810.87	1
2811.87	-4	2811.87	-9	2811.87	1
2812.88	-5	2812.88	-9	2812.88	2
2813.88	-5	2813.88	-9	2813.88	2
2814.88	-5	2814.88	-9	2814.88	2
2815.88	-5	2815.88	-9	2815.88	2
2816.88	-5	2816.88	-10	2816.88	1
2817.88	-5	2817.88	-10	2817.88	0
2818.88	-5	2818.88	-9	2818.88	0
2819.88	-5	2819.88	-9	2819.88	0
2820.88	-5	2820.88	-9	2820.88	1
2821.88	-5	2821.88	-9	2821.88	2
2822.88	-5	2822.88	-9	2822.88	3
2823.88	-6	2823.88	-10	2823.88	4
2824.88	-6	2824.88	-9	2824.88	5
2825.88	-6	2825.88	-8	2825.88	4
2826.88	-6	2826.88	-8	2826.88	3
2827.89	-6	2827.89	-8	2827.89	2
2828.89	-6	2828.89	-8	2828.89	2
2829.89	-5	2829.89	-7	2829.89	1
2830.89	-4	2830.89	-7	2830.89	1
2831.89	-4	2831.89	-7	2831.89	1
2832.89	-4	2832.89	-7	2832.89	1
2833.89	-5	2833.89	-8	2833.89	0
2834.89	-5	2834.89	-8	2834.89	0
2835.89	-4	2835.89	-9	2835.89	1
2836.89	-4	2836.89	-9	2836.89	1
2837.89	-3	2837.89	-8	2837.89	1
2838.89	-3	2838.89	-7	2838.89	0
2839.89	-2	2839.89	-7	2839.89	-1
2840.89	-2	2840.89	-7	2840.89	0
2841.89	-2	2841.89	-7	2841.89	1
2842.9	-2	2842.9	-7	2842.9	2
2843.9	-3	2843.9	-8	2843.9	2
2844.9	-4	2844.9	-7	2844.9	1
2845.9	-4	2845.9	-7	2845.9	1
2846.9	-4	2846.9	-7	2846.9	2
2847.9	-4	2847.9	-7	2847.9	3
2848.9	-3	2848.9	-8	2848.9	3
2849.9	-3	2849.9	-8	2849.9	2
2850.9	-1	2850.9	-8	2850.9	2
2851.9	0	2851.9	-7	2851.9	2
2852.9	0	2852.9	-7	2852.9	2
2853.9	0	2853.9	-6	2853.9	3
2854.9	-1	2854.9	-6	2854.9	3
2855.9	-3	2855.9	-6	2855.9	3
2856.9	-4	2856.9	-6	2856.9	3
2857.91	-3	2857.91	-6	2857.91	3
2858.91	-3	2858.91	-7	2858.91	3
2859.91	-2	2859.91	-7	2859.91	3
2860.91	-2	2860.91	-6	2860.91	2
2861.91	-3	2861.91	-6	2861.91	1
2862.91	-4	2862.91	-6	2862.91	0
2863.91	-4	2863.91	-6	2863.91	0
2864.91	-3	2864.91	-6	2864.91	1
2865.91	-2	2865.91	-6	2865.91	2
2866.91	-2	2866.91	-6	2866.91	2
2867.91	-2	2867.91	-5	2867.91	2
2868.91	-2	2868.91	-5	2868.91	1
2869.91	-2	2869.91	-6	2869.91	1
2870.91	-3	2870.91	-7	2870.91	1
2871.91	-3	2871.91	-6	2871.91	1
2872.92	-4	2872.92	-6	2872.92	1
2873.92	-3	2873.92	-5	2873.92	1
2874.92	-3	2874.92	-6	2874.92	1
2875.92	-1	2875.92	-6	2875.92	2
2876.92	-1	2876.92	-6	2876.92	2
2877.92	-1	2877.92	-5	2877.92	2
2878.92	-1	2878.92	-5	2878.92	2
2879.92	-2	2879.92	-5	2879.92	1
2880.92	-2	2880.92	-5	2880.92	0
2881.92	-2	2881.92	-5	2881.92	0
2882.92	-2	2882.92	-5	2882.92	1
2883.92	-1	2883.92	-5	2883.92	2
2884.92	-1	2884.92	-5	2884.92	2
2885.92	-1	2885.92	-5	2885.92	0
2886.92	-1	2886.92	-5	2886.92	0
2887.93	0	2887.93	-6	2887.93	1
2888.93	-1	2888.93	-6	2888.93	2
2889.93	-1	2889.93	-7	2889.93	2
2890.93	-1	2890.93	-6	2890.93	1
2891.93	-1	2891.93	-6	2891.93	0
2892.93	-1	2892.93	-6	2892.93	-1
2893.93	-1	2893.93	-6	2893.93	-1
2894.93	-1	2894.93	-5	2894.93	0
2895.93	-1	2895.93	-5	2895.93	1
2896.93	-1	2896.93	-5	2896.93	1
2897.93	-2	2897.93	-4	2897.93	1
2898.93	-2	2898.93	-5	2898.93	2
2899.93	-2	2899.93	-5	2899.93	3
2900.93	-2	2900.93	-5	2900.93	3
2901.93	-1	2901.93	-5	2901.93	2
2902.94	-1	2902.94	-5	2902.94	2
2903.94	-1	2903.94	-6	2903.94	3
2904.94	-2	2904.94	-6	2904.94	4
2905.94	-2	2905.94	-5	2905.94	4
2906.94	-2	2906.94	-5	2906.94	4
2907.94	-2	2907.94	-4	2907.94	3
2908.94	-2	2908.94	-5	2908.94	1
2909.94	-2	2909.94	-5	2909.94	1
2910.94	-1	2910.94	-5	2910.94	1
2911.94	0	2911.94	-5	2911.94	1
2912.94	0	2912.94	-5	2912.94	1
2913.94	0	2913.94	-5	2913.94	0
2914.94	0	2914.94	-5	2914.94	0
2915.94	-1	2915.94	-5	2915.94	0
2916.94	-1	2916.94	-5	2916.94	0
2917.95	-2	2917.95	-4	2917.95	1
2918.95	-2	2918.95	-4	2918.95	2
2919.95	-3	2919.95	-4	2919.95	2
2920.95	-2	2920.95	-4	2920.95	2
2921.95	-1	2921.95	-4	2921.95	1
2922.95	-1	2922.95	-3	2922.95	1
2923.95	-1	2923.95	-3	2923.95	1
2924.95	-1	2924.95	-4	2924.95	1
2925.95	-1	2925.95	-5	2925.95	0
2926.95	-2	2926.95	-6	2926.95	0
2927.95	-2	2927.95	-5	2927.95	0
2928.95	-1	2928.95	-4	2928.95	-1
2929.95	-1	2929.95	-4	2929.95	-1
2930.95	-1	2930.95	-4	2930.95	-1
2931.95	-1	2931.95	-4	2931.95	0
2932.96	-1	2932.96	-4	2932.96	1
2933.96	-1	2933.96	-4	2933.96	2
2934.96	-1	2934.96	-4	2934.96	2
2935.96	-1	2935.96	-4	2935.96	2
2936.96	-1	2936.96	-4	2936.96	1
2937.96	-1	2937.96	-4	2937.96	0
2938.96	-1	2938.96	-5	2938.96	0
2939.96	-1	2939.96	-4	2939.96	0
2940.96	-1	2940.96	-4	2940.96	1
2941.96	0	2941.96	-4	2941.96	1
2942.96	1	2942.96	-4	2942.96	1
2943.96	2	2943.96	-4	2943.96	0
2944.96	1	2944.96	-3	2944.96	0
2945.96	0	2945.96	-2	2945.96	-1
2946.96	0	2946.96	-2	2946.96	-2
2947.97	-1	2947.97	-2	2947.97	-2
2948.97	0	2948.97	-3	2948.97	-1
2949.97	0	2949.97	-4	2949.97	1
2950.97	1	2950.97	-4	2950.97	1
2951.97	1	2951.97	-3	2951.97	0
2952.97	0	2952.97	-3	2952.97	0
2953.97	0	2953.97	-3	2953.97	0
2954.97	0	2954.97	-4	2954.97	0
2955.97	1	2955.97	-4	2955.97	0
2956.97	1	2956.97	-3	2956.97	0
2957.97	0	2957.97	-3	2957.97	-1
2958.97	0	2958.97	-3	2958.97	-1
2959.97	0	2959.97	-3	2959.97	0
2960.97	1	2960.97	-3	2960.97	-1
2961.97	1	2961.97	-3	2961.97	-2
2962.98	2	2962.98	-3	2962.98	-2
2963.98	1	2963.98	-3	2963.98	-2
2964.98	0	2964.98	-3	2964.98	-1
2965.98	-1	2965.98	-2	2965.98	0
2966.98	-1	2966.98	-3	2966.98	1
2967.98	-1	2967.98	-4	2967.98	0
2968.98	0	2968.98	-4	2968.98	0
2969.98	0	2969.98	-4	2969.98	0
2970.98	0	2970.98	-3	2970.98	-1
2971.98	0	2971.98	-3	2971.98	-1
2972.98	1	2972.98	-2	2972.98	-1
2973.98	1	2973.98	-1	2973.98	-1
2974.98	1	2974.98	-1	2974.98	-1
2975.98	1	2975.98	-2	2975.98	0
2976.98	1	2976.98	-3	2976.98	0
2977.99	1	2977.99	-3	2977.99	0
2978.99	1	2978.99	-3	2978.99	0
2979.99	1	2979.99	-2	2979.99	0
2980.99	0	2980.99	-1	2980.99	0
2981.99	0	2981.99	-1	2981.99	-1
2982.99	1	2982.99	-1	2982.99	0
2983.99	2	2983.99	-1	2983.99	1
2984.99	3	2984.99	-3	2984.99	2
2985.99	3	2985.99	-3	2985.99	2
2986.99	2	2986.99	-2	2986.99	0
2987.99	0	2987.99	-1	2987.99	-1
2988.99	-1	2988.99	-1	2988.99	-2
2989.99	-1	2989.99	-2	2989.99	-1
2990.99	-1	2990.99	-2	2990.99	0
2991.99	-1	2991.99	-3	2991.99	1
2993	0	2993	-3	2993	0
2994	0	2994	-2	2994	-1
2995	0	2995	-2	2995	-2
2996	0	2996	-1	2996	-1
2997	0	2997	-1	2997	0
2998	0	2998	0	2998	1
2999	0	2999	0	2999	1
