Time (HH:MM:SS) - Plot 0	RFU - Plot 0
0	0
1.00067	0
2.00133	0
3.002	0
4.00267	0
5.00334	0
6.004	0
7.00467	0
8.00534	1
9.006	1
10.0067	0
11.0073	0
12.008	0
13.0087	1
14.0093	1
15.01	1
16.0107	2
17.0113	2
18.012	2
19.0127	2
20.0133	2
21.014	2
22.0147	2
23.0153	3
24.016	3
25.0167	2
26.0173	2
27.018	2
28.0187	1
29.0193	1
30.02	0
31.0207	0
32.0213	1
33.022	2
34.0227	2
35.0233	2
36.024	2
37.0247	3
38.0254	3
39.026	3
40.0267	3
41.0274	3
42.028	2
43.0287	1
44.0294	0
45.03	0
46.0307	1
47.0314	1
48.032	2
49.0327	2
50.0334	1
51.034	1
52.0347	2
53.0354	2
54.036	2
55.0367	1
56.0374	1
57.038	0
58.0387	0
59.0394	0
60.04	1
61.0407	1
62.0414	2
63.042	3
64.0427	3
65.0434	4
66.044	3
67.0447	3
68.0454	3
69.046	2
70.0467	2
71.0474	2
72.048	2
73.0487	2
74.0494	1
75.05	1
76.0507	1
77.0514	1
78.052	1
79.0527	1
80.0534	1
81.054	0
82.0547	0
83.0554	0
84.056	1
85.0567	1
86.0574	1
87.058	2
88.0587	2
89.0594	2
90.06	2
91.0607	2
92.0614	1
93.062	1
94.0627	0
95.0634	0
96.064	1
97.0647	1
98.0654	1
99.066	1
100.067	0
101.067	0
102.068	0
103.069	0
104.069	0
105.07	0
106.071	1
107.071	1
108.072	1
109.073	1
110.073	1
111.074	2
112.075	2
113.075	3
114.076	2
115.077	2
116.077	1
117.078	1
118.079	1
119.079	2
120.08	2
121.081	1
122.081	1
123.082	0
124.083	0
125.083	0
126.084	0
127.085	0
128.085	0
129.086	0
130.087	1
131.087	2
132.088	2
133.089	2
134.089	2
135.09	2
136.091	2
137.091	1
138.092	1
139.093	2
140.093	2
141.094	2
142.095	2
143.095	2
144.096	1
145.097	0
146.097	0
147.098	0
148.099	0
149.099	0
150.1	0
151.101	0
152.101	0
153.102	0
154.103	0
155.103	0
156.104	0
157.105	0
158.105	0
159.106	0
160.107	0
161.107	1
162.108	2
163.109	2
164.109	2
165.11	1
166.111	1
167.111	2
168.112	2
169.113	3
170.113	3
171.114	2
172.115	2
173.115	1
174.116	0
175.117	0
176.117	0
177.118	0
178.119	0
179.119	1
180.12	1
181.121	2
182.121	2
183.122	2
184.123	2
185.123	2
186.124	2
187.125	1
188.125	1
189.126	1
190.127	1
191.127	1
192.128	1
193.129	2
194.129	2
195.13	3
196.131	3
197.131	2
198.132	2
199.133	1
200.133	1
201.134	1
202.135	1
203.135	1
204.136	0
205.137	0
206.137	0
207.138	1
208.139	1
209.139	1
210.14	1
211.141	2
212.141	2
213.142	2
214.143	2
215.143	3
216.144	3
217.145	2
218.145	2
219.146	2
220.147	2
221.147	2
222.148	2
223.149	2
224.149	2
225.15	1
226.151	1
227.151	2
228.152	2
229.153	3
230.153	3
231.154	3
232.155	2
233.155	2
234.156	1
235.157	1
236.157	0
237.158	0
238.159	0
239.159	0
240.16	0
241.161	0
242.161	0
243.162	1
244.163	1
245.163	1
246.164	0
247.165	0
248.165	1
249.166	2
250.167	2
251.167	1
252.168	1
253.169	0
254.169	0
255.17	0
256.171	0
257.171	0
258.172	0
259.173	0
260.173	0
261.174	0
262.175	0
263.175	0
264.176	0
265.177	0
266.177	0
267.178	1
268.179	2
269.179	2
270.18	2
271.181	2
272.181	1
273.182	1
274.183	1
275.183	1
276.184	0
277.185	0
278.185	1
279.186	2
280.187	2
281.187	1
282.188	1
283.189	1
284.189	1
285.19	2
286.191	3
287.191	4
288.192	3
289.193	1
290.193	1
291.194	1
292.195	1
293.195	1
294.196	1
295.197	1
296.197	1
297.198	1
298.199	2
299.199	2
300.2	2
301.201	3
302.201	3
303.202	2
304.203	1
305.203	0
306.204	0
307.205	0
308.205	0
309.206	0
310.207	0
311.207	0
312.208	0
313.209	0
314.209	0
315.21	0
316.211	0
317.211	0
318.212	0
319.213	0
320.213	0
321.214	0
322.215	0
323.215	0
324.216	1
325.217	1
326.217	1
327.218	1
328.219	2
329.219	2
330.22	2
331.221	2
332.221	2
333.222	2
334.223	2
335.223	2
336.224	1
337.225	1
338.225	1
339.226	2
340.227	2
341.227	1
342.228	1
343.229	0
344.229	0
345.23	0
346.231	0
347.231	1
348.232	1
349.233	1
350.233	0
351.234	0
352.235	0
353.235	1
354.236	1
355.237	1
356.237	1
357.238	1
358.239	1
359.239	0
360.24	0
361.241	0
362.241	0
363.242	0
364.243	0
365.243	0
366.244	0
367.245	0
368.245	0
369.246	0
370.247	0
371.247	0
372.248	0
373.249	0
374.249	0
375.25	0
376.251	0
377.252	0
378.252	0
379.253	0
380.254	0
381.254	0
382.255	1
383.256	1
384.256	0
385.257	0
386.258	0
387.258	1
388.259	1
389.26	1
390.26	1
391.261	1
392.262	1
393.262	0
394.263	0
395.264	1
396.264	1
397.265	1
398.266	1
399.266	1
400.267	1
401.268	1
402.268	1
403.269	1
404.27	1
405.27	0
406.271	1
407.272	1
408.272	1
409.273	0
410.274	1
411.274	1
412.275	1
413.276	2
414.276	2
415.277	2
416.278	2
417.278	2
418.279	2
419.28	1
420.28	1
421.281	2
422.282	1
423.282	1
424.283	0
425.284	0
426.284	1
427.285	1
428.286	1
429.286	1
430.287	1
431.288	1
432.288	1
433.289	2
434.29	2
435.29	2
436.291	2
437.292	2
438.292	1
439.293	0
440.294	0
441.294	0
442.295	1
443.296	1
444.296	0
445.297	0
446.298	1
447.298	1
448.299	1
449.3	1
450.3	0
451.301	0
452.302	0
453.302	0
454.303	0
455.304	1
456.304	1
457.305	0
458.306	0
459.306	0
460.307	1
461.308	2
462.308	2
463.309	3
464.31	2
465.31	2
466.311	2
467.312	2
468.312	2
469.313	1
470.314	1
471.314	2
472.315	2
473.316	2
474.316	3
475.317	3
476.318	3
477.318	2
478.319	2
479.32	1
480.32	1
481.321	1
482.322	2
483.322	2
484.323	2
485.324	2
486.324	1
487.325	1
488.326	0
489.326	1
490.327	1
491.328	1
492.328	1
493.329	1
494.33	1
495.33	2
496.331	2
497.332	2
498.332	2
499.333	2
500.334	1
501.334	0
502.335	0
503.336	0
504.336	1
505.337	1
506.338	1
507.338	1
508.339	1
509.34	2
510.34	2
511.341	2
512.342	2
513.342	2
514.343	2
515.344	2
516.344	2
517.345	2
518.346	2
519.346	2
520.347	2
521.348	2
522.348	2
523.349	2
524.35	2
525.35	1
526.351	0
527.352	0
528.352	0
529.353	0
530.354	0
531.354	0
532.355	1
533.356	1
534.356	2
535.357	2
536.358	2
537.358	2
538.359	3
539.36	2
540.36	2
541.361	2
542.362	2
543.362	2
544.363	1
545.364	1
546.364	1
547.365	0
548.366	1
549.366	1
550.367	2
551.368	2
552.368	2
553.369	2
554.37	2
555.37	2
556.371	2
557.372	2
558.372	2
559.373	2
560.374	1
561.374	1
562.375	1
563.376	1
564.376	1
565.377	0
566.378	1
567.378	1
568.379	1
569.38	1
570.38	1
571.381	1
572.382	1
573.382	1
574.383	1
575.384	1
576.384	1
577.385	1
578.386	1
579.386	1
580.387	1
581.388	0
582.388	1
583.389	1
584.39	1
585.39	2
586.391	2
587.392	2
588.392	2
589.393	2
590.394	1
591.394	1
592.395	2
593.396	2
594.396	2
595.397	1
596.398	1
597.398	1
598.399	1
599.4	1
600.4	1
601.401	1
602.402	2
603.402	2
604.403	2
605.404	1
606.404	1
607.405	0
608.406	0
609.406	0
610.407	1
611.408	1
612.408	1
613.409	2
614.41	2
615.41	1
616.411	1
617.412	1
618.412	1
619.413	1
620.414	1
621.414	1
622.415	1
623.416	1
624.416	1
625.417	1
626.418	1
627.418	1
628.419	1
629.42	1
630.42	1
631.421	1
632.422	1
633.422	0
634.423	0
635.424	0
636.424	0
637.425	1
638.426	1
639.426	1
640.427	1
641.428	1
642.428	1
643.429	1
644.43	1
645.43	1
646.431	1
647.432	1
648.432	1
649.433	1
650.434	2
651.434	2
652.435	2
653.436	2
654.436	2
655.437	2
656.438	2
657.438	2
658.439	3
659.44	3
660.44	3
661.441	2
662.442	1
663.442	1
664.443	1
665.444	2
666.444	2
667.445	2
668.446	2
669.446	2
670.447	1
671.448	1
672.448	1
673.449	0
674.45	0
675.45	0
676.451	1
677.452	1
678.452	2
679.453	2
680.454	2
681.454	2
682.455	1
683.456	2
684.456	2
685.457	2
686.458	2
687.458	2
688.459	2
689.46	2
690.46	2
691.461	2
692.462	3
693.462	3
694.463	3
695.464	2
696.464	2
697.465	1
698.466	1
699.466	1
700.467	1
701.468	1
702.468	1
703.469	2
704.47	2
705.47	2
706.471	2
707.472	2
708.472	1
709.473	1
710.474	1
711.474	1
712.475	2
713.476	2
714.476	2
715.477	2
716.478	2
717.478	2
718.479	2
719.48	2
720.48	3
721.481	3
722.482	3
723.482	2
724.483	2
725.484	1
726.484	1
727.485	1
728.486	1
729.486	1
730.487	1
731.488	2
732.488	2
733.489	1
734.49	1
735.49	0
736.491	0
737.492	0
738.492	0
739.493	0
740.494	0
741.494	0
742.495	0
743.496	0
744.496	1
745.497	1
746.498	1
747.498	1
748.499	1
749.5	1
750.5	1
751.501	0
752.502	0
753.502	0
754.503	0
755.504	0
756.504	0
757.505	1
758.506	1
759.506	1
760.507	1
761.508	1
762.508	1
763.509	1
764.51	1
765.51	2
766.511	2
767.512	2
768.512	1
769.513	2
770.514	2
771.514	2
772.515	2
773.516	2
774.516	2
775.517	2
776.518	1
777.518	1
778.519	1
779.52	1
780.52	1
781.521	1
782.522	1
783.522	1
784.523	1
785.524	1
786.524	1
787.525	1
788.526	1
789.526	1
790.527	1
791.528	1
792.528	1
793.529	1
794.53	1
795.53	1
796.531	2
797.532	2
798.532	2
799.533	1
800.534	1
801.534	1
802.535	1
803.536	2
804.536	2
805.537	2
806.538	2
807.538	2
808.539	1
809.54	1
810.54	1
811.541	1
812.542	1
813.542	1
814.543	0
815.544	0
816.544	0
817.545	0
818.546	1
819.546	1
820.547	1
821.548	0
822.548	0
823.549	0
824.55	1
825.55	2
826.551	1
827.552	1
828.552	1
829.553	1
830.554	1
831.554	1
832.555	1
833.556	1
834.556	1
835.557	1
836.558	1
837.558	2
838.559	2
839.56	2
840.56	1
841.561	1
842.562	1
843.562	1
844.563	2
845.564	2
846.564	3
847.565	2
848.566	2
849.566	1
850.567	1
851.568	1
852.568	1
853.569	1
854.57	1
855.57	0
856.571	0
857.572	0
858.572	0
859.573	1
860.574	1
861.574	1
862.575	1
863.576	1
864.576	0
865.577	0
866.578	0
867.578	0
868.579	0
869.58	1
870.58	1
871.581	1
872.582	1
873.582	1
874.583	2
875.584	2
876.584	3
877.585	2
878.586	2
879.586	2
880.587	2
881.588	2
882.588	2
883.589	2
884.59	2
885.59	1
886.591	0
887.592	0
888.592	1
889.593	1
890.594	2
891.594	2
892.595	2
893.596	2
894.596	2
895.597	2
896.598	3
897.598	3
898.599	3
899.6	2
900.6	2
901.601	2
902.602	1
903.602	1
904.603	1
905.604	2
906.604	2
907.605	2
908.606	2
909.606	1
910.607	2
911.608	2
912.608	2
913.609	2
914.61	2
915.61	2
916.611	2
917.612	2
918.612	2
919.613	2
920.614	3
921.614	3
922.615	4
923.616	5
924.616	5
925.617	5
926.618	5
927.618	5
928.619	6
929.62	7
930.62	8
931.621	9
932.622	11
933.622	12
934.623	15
935.624	19
936.624	24
937.625	31
938.626	40
939.626	53
940.627	86
941.628	185
942.628	444
943.629	968
944.63	1745
945.63	2525
946.631	2924
947.632	2721
948.632	2063
949.633	1314
950.634	760
951.634	465
952.635	355
953.636	337
954.636	351
955.637	365
956.638	369
957.638	371
958.639	379
959.64	394
960.64	402
961.641	394
962.642	369
963.642	333
964.643	293
965.644	254
966.644	216
967.645	180
968.646	150
969.646	125
970.647	105
971.648	90
972.648	80
973.649	73
974.65	69
975.65	66
976.651	66
977.652	66
978.652	65
979.653	61
980.654	55
981.654	49
982.655	44
983.656	40
984.656	38
985.657	37
986.658	36
987.658	36
988.659	36
989.66	35
990.66	34
991.661	33
992.662	33
993.662	32
994.663	31
995.664	29
996.664	26
997.665	23
998.666	20
999.666	18
1000.67	16
1001.67	15
1002.67	13
1003.67	11
1004.67	10
1005.67	9
1006.67	8
1007.67	8
1008.67	7
1009.67	7
1010.67	6
1011.67	6
1012.68	5
1013.68	5
1014.68	4
1015.68	4
1016.68	4
1017.68	4
1018.68	4
1019.68	3
1020.68	3
1021.68	2
1022.68	2
1023.68	2
1024.68	2
1025.68	2
1026.68	2
1027.69	1
1028.69	1
1029.69	0
1030.69	1
1031.69	1
1032.69	2
1033.69	2
1034.69	2
1035.69	2
1036.69	2
1037.69	2
1038.69	2
1039.69	2
1040.69	3
1041.69	3
1042.7	2
1043.7	1
1044.7	1
1045.7	2
1046.7	2
1047.7	1
1048.7	1
1049.7	1
1050.7	1
1051.7	1
1052.7	2
1053.7	2
1054.7	2
1055.7	2
1056.7	2
1057.71	2
1058.71	2
1059.71	2
1060.71	2
1061.71	2
1062.71	2
1063.71	2
1064.71	2
1065.71	2
1066.71	2
1067.71	5
1068.71	11
1069.71	23
1070.71	36
1071.71	44
1072.72	41
1073.72	30
1074.72	18
1075.72	13
1076.72	18
1077.72	29
1078.72	39
1079.72	42
1080.72	36
1081.72	25
1082.72	14
1083.72	8
1084.72	6
1085.72	6
1086.72	6
1087.73	6
1088.73	6
1089.73	5
1090.73	8
1091.73	27
1092.73	111
1093.73	344
1094.73	746
1095.73	1142
1096.73	1250
1097.73	980
1098.73	547
1099.73	215
1100.73	62
1101.73	16
1102.74	8
1103.74	6
1104.74	5
1105.74	5
1106.74	4
1107.74	4
1108.74	4
1109.74	3
1110.74	3
1111.74	3
1112.74	3
1113.74	3
1114.74	3
1115.74	3
1116.74	3
1117.75	3
1118.75	2
1119.75	2
1120.75	2
1121.75	2
1122.75	1
1123.75	1
1124.75	2
1125.75	1
1126.75	1
1127.75	1
1128.75	1
1129.75	0
1130.75	0
1131.75	0
1132.76	0
1133.76	0
1134.76	0
1135.76	0
1136.76	0
1137.76	0
1138.76	1
1139.76	1
1140.76	1
1141.76	1
1142.76	0
1143.76	0
1144.76	0
1145.76	0
1146.76	0
1147.77	1
1148.77	1
1149.77	2
1150.77	2
1151.77	3
1152.77	3
1153.77	3
1154.77	3
1155.77	3
1156.77	2
1157.77	2
1158.77	1
1159.77	0
1160.77	0
1161.77	0
1162.78	1
1163.78	2
1164.78	3
1165.78	4
1166.78	4
1167.78	5
1168.78	5
1169.78	5
1170.78	5
1171.78	6
1172.78	6
1173.78	7
1174.78	7
1175.78	7
1176.78	6
1177.79	6
1178.79	5
1179.79	4
1180.79	4
1181.79	3
1182.79	3
1183.79	3
1184.79	2
1185.79	2
1186.79	2
1187.79	2
1188.79	2
1189.79	2
1190.79	1
1191.79	1
1192.8	1
1193.8	2
1194.8	2
1195.8	2
1196.8	2
1197.8	1
1198.8	0
1199.8	0
1200.8	1
1201.8	1
1202.8	2
1203.8	2
1204.8	1
1205.8	1
1206.8	1
1207.81	2
1208.81	2
1209.81	3
1210.81	4
1211.81	4
1212.81	3
1213.81	3
1214.81	3
1215.81	3
1216.81	3
1217.81	3
1218.81	3
1219.81	4
1220.81	4
1221.81	4
1222.82	4
1223.82	4
1224.82	6
1225.82	21
1226.82	99
1227.82	342
1228.82	803
1229.82	1299
1230.82	1470
1231.82	1169
1232.82	652
1233.82	252
1234.82	71
1235.82	20
1236.82	11
1237.83	9
1238.83	9
1239.83	8
1240.83	7
1241.83	7
1242.83	7
1243.83	7
1244.83	7
1245.83	7
1246.83	7
1247.83	7
1248.83	6
1249.83	6
1250.83	7
1251.83	7
1252.84	7
1253.84	7
1254.84	6
1255.84	6
1256.84	5
1257.84	4
1258.84	3
1259.84	3
1260.84	2
1261.84	2
1262.84	1
1263.84	1
1264.84	1
1265.84	1
1266.84	1
1267.85	1
1268.85	1
1269.85	1
1270.85	1
1271.85	1
1272.85	1
1273.85	0
1274.85	0
1275.85	0
1276.85	0
1277.85	0
1278.85	0
1279.85	0
1280.85	0
1281.85	1
1282.86	1
1283.86	1
1284.86	1
1285.86	1
1286.86	0
1287.86	1
1288.86	1
1289.86	1
1290.86	1
1291.86	0
1292.86	0
1293.86	1
1294.86	1
1295.86	1
1296.86	1
1297.87	1
1298.87	0
1299.87	0
1300.87	0
1301.87	1
1302.87	2
1303.87	3
1304.87	3
1305.87	3
1306.87	2
1307.87	1
1308.87	1
1309.87	1
1310.87	1
1311.87	1
1312.88	1
1313.88	1
1314.88	1
1315.88	1
1316.88	1
1317.88	1
1318.88	1
1319.88	1
1320.88	0
1321.88	0
1322.88	1
1323.88	1
1324.88	1
1325.88	1
1326.88	0
1327.89	0
1328.89	0
1329.89	0
1330.89	1
1331.89	1
1332.89	1
1333.89	0
1334.89	0
1335.89	1
1336.89	1
1337.89	1
1338.89	1
1339.89	1
1340.89	1
1341.89	1
1342.9	2
1343.9	2
1344.9	1
1345.9	1
1346.9	0
1347.9	1
1348.9	1
1349.9	2
1350.9	2
1351.9	3
1352.9	3
1353.9	3
1354.9	3
1355.9	3
1356.9	3
1357.91	8
1358.91	41
1359.91	181
1360.91	543
1361.91	1105
1362.91	1566
1363.91	1566
1364.91	1107
1365.91	549
1366.91	191
1367.91	50
1368.91	16
1369.91	10
1370.91	9
1371.91	9
1372.92	9
1373.92	9
1374.92	10
1375.92	9
1376.92	7
1377.92	6
1378.92	4
1379.92	4
1380.92	3
1381.92	3
1382.92	3
1383.92	3
1384.92	3
1385.92	3
1386.92	3
1387.93	3
1388.93	3
1389.93	2
1390.93	1
1391.93	1
1392.93	1
1393.93	1
1394.93	0
1395.93	0
1396.93	0
1397.93	1
1398.93	1
1399.93	1
1400.93	0
1401.93	1
1402.94	1
1403.94	1
1404.94	0
1405.94	0
1406.94	0
1407.94	0
1408.94	0
1409.94	0
1410.94	0
1411.94	0
1412.94	0
1413.94	0
1414.94	0
1415.94	0
1416.94	0
1417.95	0
1418.95	0
1419.95	0
1420.95	0
1421.95	0
1422.95	0
1423.95	0
1424.95	0
1425.95	0
1426.95	1
1427.95	1
1428.95	1
1429.95	0
1430.95	0
1431.95	0
1432.96	0
1433.96	0
1434.96	1
1435.96	1
1436.96	1
1437.96	2
1438.96	2
1439.96	2
1440.96	1
1441.96	1
1442.96	1
1443.96	1
1444.96	2
1445.96	2
1446.96	2
1447.97	1
1448.97	1
1449.97	1
1450.97	1
1451.97	2
1452.97	2
1453.97	2
1454.97	1
1455.97	1
1456.97	1
1457.97	1
1458.97	1
1459.97	1
1460.97	0
1461.97	0
1462.98	0
1463.98	0
1464.98	0
1465.98	0
1466.98	1
1467.98	2
1468.98	3
1469.98	3
1470.98	3
1471.98	2
1472.98	2
1473.98	1
1474.98	2
1475.98	2
1476.98	2
1477.99	2
1478.99	3
1479.99	3
1480.99	4
1481.99	4
1482.99	4
1483.99	4
1484.99	4
1485.99	6
1486.99	25
1487.99	122
1488.99	423
1489.99	1006
1490.99	1671
1491.99	1974
1493	1671
1494	1010
1495	435
1496	136
1497	38
1498	16
1499	12
1500	11
1501	11
1502	11
1503	10
1504	9
1505	8
1506	7
1507	6
1508.01	6
1509.01	5
1510.01	5
1511.01	5
1512.01	4
1513.01	4
1514.01	4
1515.01	3
1516.01	2
1517.01	2
1518.01	2
1519.01	2
1520.01	2
1521.01	2
1522.01	2
1523.02	1
1524.02	1
1525.02	1
1526.02	1
1527.02	1
1528.02	1
1529.02	1
1530.02	1
1531.02	0
1532.02	0
1533.02	0
1534.02	0
1535.02	0
1536.02	0
1537.02	0
1538.03	1
1539.03	1
1540.03	1
1541.03	1
1542.03	1
1543.03	2
1544.03	2
1545.03	2
1546.03	2
1547.03	2
1548.03	1
1549.03	1
1550.03	1
1551.03	2
1552.03	3
1553.04	3
1554.04	2
1555.04	1
1556.04	1
1557.04	1
1558.04	1
1559.04	2
1560.04	2
1561.04	1
1562.04	1
1563.04	1
1564.04	1
1565.04	1
1566.04	1
1567.04	1
1568.05	1
1569.05	1
1570.05	1
1571.05	1
1572.05	1
1573.05	2
1574.05	3
1575.05	3
1576.05	2
1577.05	2
1578.05	2
1579.05	3
1580.05	3
1581.05	3
1582.05	3
1583.06	3
1584.06	4
1585.06	4
1586.06	3
1587.06	3
1588.06	3
1589.06	4
1590.06	5
1591.06	6
1592.06	6
1593.06	7
1594.06	7
1595.06	7
1596.06	6
1597.06	6
1598.07	6
1599.07	6
1600.07	7
1601.07	7
1602.07	8
1603.07	9
1604.07	10
1605.07	11
1606.07	20
1607.07	78
1608.07	333
1609.07	1074
1610.07	2518
1611.07	4308
1612.07	5431
1613.08	5067
1614.08	3504
1615.08	1804
1616.08	710
1617.08	241
1618.08	98
1619.08	60
1620.08	47
1621.08	40
1622.08	35
1623.08	31
1624.08	28
1625.08	25
1626.08	22
1627.08	20
1628.09	17
1629.09	15
1630.09	14
1631.09	12
1632.09	11
1633.09	11
1634.09	10
1635.09	9
1636.09	8
1637.09	8
1638.09	7
1639.09	7
1640.09	7
1641.09	6
1642.09	5
1643.1	5
1644.1	5
1645.1	4
1646.1	4
1647.1	3
1648.1	3
1649.1	3
1650.1	3
1651.1	3
1652.1	2
1653.1	2
1654.1	2
1655.1	2
1656.1	2
1657.1	2
1658.11	1
1659.11	1
1660.11	1
1661.11	2
1662.11	2
1663.11	2
1664.11	1
1665.11	1
1666.11	1
1667.11	2
1668.11	2
1669.11	2
1670.11	2
1671.11	2
1672.11	2
1673.12	2
1674.12	2
1675.12	2
1676.12	2
1677.12	2
1678.12	2
1679.12	2
1680.12	2
1681.12	2
1682.12	2
1683.12	2
1684.12	2
1685.12	2
1686.12	2
1687.12	2
1688.13	2
1689.13	2
1690.13	3
1691.13	3
1692.13	3
1693.13	3
1694.13	4
1695.13	5
1696.13	6
1697.13	8
1698.13	9
1699.13	9
1700.13	8
1701.13	7
1702.13	6
1703.14	6
1704.14	10
1705.14	24
1706.14	64
1707.14	162
1708.14	360
1709.14	688
1710.14	1125
1711.14	1559
1712.14	1805
1713.14	1715
1714.14	1310
1715.14	793
1716.14	379
1717.14	149
1718.15	56
1719.15	27
1720.15	18
1721.15	15
1722.15	13
1723.15	11
1724.15	9
1725.15	8
1726.15	7
1727.15	7
1728.15	7
1729.15	6
1730.15	5
1731.15	4
1732.15	4
1733.16	3
1734.16	3
1735.16	3
1736.16	2
1737.16	1
1738.16	1
1739.16	2
1740.16	2
1741.16	3
1742.16	3
1743.16	2
1744.16	2
1745.16	2
1746.16	2
1747.16	2
1748.17	1
1749.17	1
1750.17	2
1751.17	2
1752.17	3
1753.17	3
1754.17	2
1755.17	1
1756.17	0
1757.17	0
1758.17	0
1759.17	1
1760.17	1
1761.17	0
1762.17	0
1763.18	1
1764.18	1
1765.18	1
1766.18	1
1767.18	1
1768.18	2
1769.18	2
1770.18	2
1771.18	1
1772.18	1
1773.18	1
1774.18	1
1775.18	1
1776.18	1
1777.18	0
1778.19	0
1779.19	1
1780.19	2
1781.19	2
1782.19	2
1783.19	3
1784.19	3
1785.19	3
1786.19	3
1787.19	3
1788.19	4
1789.19	5
1790.19	7
1791.19	22
1792.19	79
1793.2	246
1794.2	600
1795.2	1142
1796.2	1700
1797.2	1981
1798.2	1809
1799.2	1294
1800.2	726
1801.2	323
1802.2	121
1803.2	46
1804.2	26
1805.2	20
1806.2	17
1807.2	14
1808.21	12
1809.21	11
1810.21	9
1811.21	9
1812.21	8
1813.21	7
1814.21	6
1815.21	6
1816.21	5
1817.21	5
1818.21	4
1819.21	4
1820.21	3
1821.21	1
1822.21	1
1823.22	1
1824.22	2
1825.22	3
1826.22	3
1827.22	2
1828.22	1
1829.22	1
1830.22	1
1831.22	1
1832.22	2
1833.22	2
1834.22	1
1835.22	1
1836.22	1
1837.22	1
1838.23	1
1839.23	2
1840.23	1
1841.23	1
1842.23	0
1843.23	0
1844.23	0
1845.23	0
1846.23	0
1847.23	1
1848.23	0
1849.23	0
1850.23	1
1851.23	1
1852.23	1
1853.24	2
1854.24	2
1855.24	1
1856.24	1
1857.24	1
1858.24	1
1859.24	1
1860.24	2
1861.24	2
1862.24	2
1863.24	2
1864.24	2
1865.24	2
1866.24	1
1867.24	1
1868.25	1
1869.25	2
1870.25	3
1871.25	10
1872.25	38
1873.25	124
1874.25	328
1875.25	692
1876.25	1162
1877.25	1558
1878.25	1674
1879.25	1446
1880.25	1006
1881.25	566
1882.25	263
1883.26	108
1884.26	46
1885.26	27
1886.26	21
1887.26	18
1888.26	17
1889.26	16
1890.26	16
1891.26	15
1892.26	14
1893.26	12
1894.26	9
1895.26	7
1896.26	6
1897.26	5
1898.27	4
1899.27	3
1900.27	4
1901.27	4
1902.27	3
1903.27	2
1904.27	1
1905.27	1
1906.27	1
1907.27	2
1908.27	2
1909.27	2
1910.27	2
1911.27	2
1912.27	1
1913.28	1
1914.28	1
1915.28	1
1916.28	0
1917.28	0
1918.28	0
1919.28	0
1920.28	0
1921.28	1
1922.28	1
1923.28	1
1924.28	1
1925.28	1
1926.28	2
1927.28	3
1928.29	3
1929.29	3
1930.29	3
1931.29	4
1932.29	4
1933.29	4
1934.29	4
1935.29	4
1936.29	4
1937.29	4
1938.29	8
1939.29	24
1940.29	79
1941.29	218
1942.29	491
1943.3	896
1944.3	1330
1945.3	1614
1946.3	1604
1947.3	1306
1948.3	874
1949.3	487
1950.3	233
1951.3	105
1952.3	54
1953.3	36
1954.3	30
1955.3	28
1956.3	26
1957.3	26
1958.31	26
1959.31	24
1960.31	21
1961.31	18
1962.31	14
1963.31	12
1964.31	11
1965.31	10
1966.31	9
1967.31	8
1968.31	8
1969.31	7
1970.31	7
1971.31	6
1972.31	6
1973.32	6
1974.32	7
1975.32	7
1976.32	7
1977.32	7
1978.32	6
1979.32	6
1980.32	6
1981.32	6
1982.32	6
1983.32	6
1984.32	7
1985.32	7
1986.32	8
1987.32	8
1988.33	8
1989.33	8
1990.33	9
1991.33	10
1992.33	12
1993.33	22
1994.33	61
1995.33	191
1996.33	527
1997.33	1205
1998.33	2259
1999.33	3483
2000.33	4431
2001.33	4661
2002.33	4056
2003.34	2924
2004.34	1756
2005.34	898
2006.34	415
2007.34	199
2008.34	117
2009.34	88
2010.34	78
2011.34	73
2012.34	71
2013.34	68
2014.34	63
2015.34	57
2016.34	50
2017.34	42
2018.35	34
2019.35	27
2020.35	22
2021.35	18
2022.35	15
2023.35	13
2024.35	11
2025.35	10
2026.35	9
2027.35	8
2028.35	7
2029.35	6
2030.35	5
2031.35	5
2032.35	4
2033.36	4
2034.36	4
2035.36	4
2036.36	3
2037.36	3
2038.36	3
2039.36	3
2040.36	2
2041.36	2
2042.36	2
2043.36	2
2044.36	2
2045.36	2
2046.36	1
2047.36	1
2048.37	1
2049.37	2
2050.37	2
2051.37	3
2052.37	3
2053.37	4
2054.37	4
2055.37	4
2056.37	4
2057.37	2
2058.37	1
2059.37	0
2060.37	0
2061.37	0
2062.37	0
2063.38	0
2064.38	1
2065.38	1
2066.38	1
2067.38	1
2068.38	2
2069.38	2
2070.38	2
2071.38	2
2072.38	2
2073.38	5
2074.38	16
2075.38	51
2076.38	145
2077.38	346
2078.39	684
2079.39	1120
2080.39	1528
2081.39	1746
2082.39	1677
2083.39	1357
2084.39	928
2085.39	541
2086.39	276
2087.39	133
2088.39	69
2089.39	44
2090.39	35
2091.39	30
2092.39	27
2093.4	25
2094.4	23
2095.4	20
2096.4	17
2097.4	14
2098.4	12
2099.4	11
2100.4	9
2101.4	8
2102.4	6
2103.4	4
2104.4	3
2105.4	3
2106.4	3
2107.4	3
2108.41	3
2109.41	2
2110.41	2
2111.41	2
2112.41	2
2113.41	2
2114.41	2
2115.41	2
2116.41	2
2117.41	2
2118.41	3
2119.41	3
2120.41	2
2121.41	1
2122.41	0
2123.42	0
2124.42	0
2125.42	0
2126.42	1
2127.42	1
2128.42	1
2129.42	1
2130.42	1
2131.42	1
2132.42	1
2133.42	1
2134.42	1
2135.42	1
2136.42	1
2137.42	0
2138.43	0
2139.43	0
2140.43	1
2141.43	1
2142.43	2
2143.43	2
2144.43	1
2145.43	0
2146.43	0
2147.43	0
2148.43	0
2149.43	2
2150.43	11
2151.43	40
2152.43	116
2153.44	276
2154.44	552
2155.44	932
2156.44	1339
2157.44	1643
2158.44	1726
2159.44	1555
2160.44	1206
2161.44	810
2162.44	478
2163.44	256
2164.44	134
2165.44	77
2166.44	53
2167.44	42
2168.45	35
2169.45	30
2170.45	25
2171.45	20
2172.45	16
2173.45	14
2174.45	11
2175.45	8
2176.45	6
2177.45	5
2178.45	4
2179.45	3
2180.45	1
2181.45	0
2182.45	0
2183.46	1
2184.46	2
2185.46	4
2186.46	5
2187.46	5
2188.46	4
2189.46	4
2190.46	5
2191.46	6
2192.46	6
2193.46	6
2194.46	6
2195.46	6
2196.46	6
2197.46	7
2198.47	9
2199.47	14
2200.47	29
2201.47	69
2202.47	163
2203.47	355
2204.47	681
2205.47	1132
2206.47	1625
2207.47	2014
2208.47	2165
2209.47	2027
2210.47	1660
2211.47	1198
2212.47	771
2213.48	454
2214.48	257
2215.48	151
2216.48	100
2217.48	77
2218.48	66
2219.48	57
2220.48	51
2221.48	45
2222.48	41
2223.48	37
2224.48	35
2225.48	33
2226.48	32
2227.48	31
2228.49	30
2229.49	28
2230.49	28
2231.49	27
2232.49	28
2233.49	28
2234.49	29
2235.49	30
2236.49	30
2237.49	31
2238.49	31
2239.49	32
2240.49	33
2241.49	34
2242.49	34
2243.5	34
2244.5	33
2245.5	32
2246.5	31
2247.5	30
2248.5	30
2249.5	29
2250.5	29
2251.5	30
2252.5	30
2253.5	31
2254.5	34
2255.5	44
2256.5	71
2257.51	137
2258.51	273
2259.51	513
2260.51	867
2261.51	1297
2262.51	1710
2263.51	1985
2264.51	2028
2265.51	1831
2266.51	1469
2267.51	1058
2268.51	695
2269.51	429
2270.51	264
2271.51	172
2272.52	126
2273.52	104
2274.52	91
2275.52	82
2276.52	74
2277.52	67
2278.52	62
2279.52	59
2280.52	58
2281.52	57
2282.52	56
2283.52	55
2284.52	55
2285.52	55
2286.52	55
2287.53	54
2288.53	53
2289.53	51
2290.53	50
2291.53	48
2292.53	47
2293.53	45
2294.53	43
2295.53	42
2296.53	39
2297.53	37
2298.53	35
2299.53	35
2300.53	36
2301.53	38
2302.54	39
2303.54	40
2304.54	41
2305.54	42
2306.54	42
2307.54	43
2308.54	43
2309.54	43
2310.54	44
2311.54	46
2312.54	49
2313.54	51
2314.54	51
2315.54	50
2316.54	49
2317.55	48
2318.55	47
2319.55	45
2320.55	43
2321.55	41
2322.55	40
2323.55	38
2324.55	37
2325.55	35
2326.55	34
2327.55	35
2328.55	36
2329.55	37
2330.55	37
2331.55	36
2332.56	35
2333.56	35
2334.56	35
2335.56	35
2336.56	36
2337.56	38
2338.56	39
2339.56	40
2340.56	40
2341.56	39
2342.56	38
2343.56	36
2344.56	34
2345.56	33
2346.56	32
2347.57	31
2348.57	31
2349.57	33
2350.57	36
2351.57	46
2352.57	76
2353.57	158
2354.57	358
2355.57	778
2356.57	1529
2357.57	2669
2358.57	4128
2359.57	5671
2360.57	6949
2361.57	7628
2362.58	7531
2363.58	6711
2364.58	5427
2365.58	4018
2366.58	2763
2367.58	1800
2368.58	1141
2369.58	720
2370.58	461
2371.58	304
2372.58	210
2373.58	152
2374.58	115
2375.58	90
2376.58	72
2377.59	58
2378.59	47
2379.59	38
2380.59	31
2381.59	26
2382.59	23
2383.59	21
2384.59	20
2385.59	19
2386.59	18
2387.59	16
2388.59	15
2389.59	14
2390.59	14
2391.59	14
2392.6	13
2393.6	12
2394.6	10
2395.6	9
2396.6	8
2397.6	7
2398.6	7
2399.6	7
2400.6	7
2401.6	6
2402.6	6
2403.6	6
2404.6	5
2405.6	5
2406.6	4
2407.61	3
2408.61	2
2409.61	2
2410.61	1
2411.61	2
2412.61	2
2413.61	3
2414.61	3
2415.61	3
2416.61	2
2417.61	1
2418.61	0
2419.61	0
2420.61	0
2421.61	0
2422.62	0
2423.62	0
2424.62	0
2425.62	0
2426.62	0
2427.62	0
2428.62	0
2429.62	0
2430.62	0
2431.62	1
2432.62	1
2433.62	1
2434.62	1
2435.62	1
2436.62	0
2437.63	0
2438.63	0
2439.63	1
2440.63	1
2441.63	2
2442.63	2
2443.63	2
2444.63	2
2445.63	1
2446.63	2
2447.63	2
2448.63	2
2449.63	2
2450.63	1
2451.63	0
2452.64	0
2453.64	0
2454.64	0
2455.64	1
2456.64	1
2457.64	1
2458.64	1
2459.64	1
2460.64	1
2461.64	1
2462.64	1
2463.64	1
2464.64	1
2465.64	1
2466.64	1
2467.65	1
2468.65	1
2469.65	1
2470.65	0
2471.65	0
2472.65	0
2473.65	0
2474.65	0
2475.65	0
2476.65	1
2477.65	1
2478.65	1
2479.65	2
2480.65	1
2481.65	1
2482.66	0
2483.66	0
2484.66	0
2485.66	1
2486.66	1
2487.66	1
2488.66	1
2489.66	0
2490.66	0
2491.66	1
2492.66	1
2493.66	1
2494.66	1
2495.66	0
2496.66	0
2497.67	0
2498.67	1
2499.67	1
2500.67	2
2501.67	2
2502.67	2
2503.67	1
2504.67	1
2505.67	1
2506.67	1
2507.67	1
2508.67	1
2509.67	2
2510.67	2
2511.67	1
2512.68	1
2513.68	1
2514.68	1
2515.68	1
2516.68	1
2517.68	1
2518.68	1
2519.68	1
2520.68	1
2521.68	1
2522.68	1
2523.68	0
2524.68	0
2525.68	1
2526.68	1
2527.69	1
2528.69	1
2529.69	0
2530.69	0
2531.69	0
2532.69	0
2533.69	1
2534.69	2
2535.69	2
2536.69	2
2537.69	2
2538.69	2
2539.69	2
2540.69	1
2541.69	1
2542.7	1
2543.7	1
2544.7	1
2545.7	2
2546.7	2
2547.7	1
2548.7	1
2549.7	1
2550.7	1
2551.7	2
2552.7	2
2553.7	2
2554.7	2
2555.7	1
2556.7	1
2557.71	1
2558.71	1
2559.71	1
2560.71	0
2561.71	0
2562.71	0
2563.71	0
2564.71	0
2565.71	1
2566.71	1
2567.71	2
2568.71	2
2569.71	1
2570.71	1
2571.71	1
2572.72	2
2573.72	2
2574.72	2
2575.72	2
2576.72	2
2577.72	2
2578.72	2
2579.72	2
2580.72	2
2581.72	2
2582.72	1
2583.72	1
2584.72	1
2585.72	0
2586.72	0
2587.73	0
2588.73	0
2589.73	1
2590.73	1
2591.73	1
2592.73	1
2593.73	1
2594.73	0
2595.73	0
2596.73	0
2597.73	1
2598.73	2
2599.73	2
2600.73	2
2601.73	1
2602.74	1
2603.74	1
2604.74	1
2605.74	2
2606.74	1
2607.74	1
2608.74	0
2609.74	0
2610.74	1
2611.74	1
2612.74	1
2613.74	0
2614.74	0
2615.74	0
2616.74	0
2617.75	0
2618.75	0
2619.75	0
2620.75	1
2621.75	1
2622.75	1
2623.75	1
2624.75	1
2625.75	1
2626.75	1
2627.75	1
2628.75	1
2629.75	1
2630.75	2
2631.75	2
2632.76	2
2633.76	2
2634.76	1
2635.76	1
2636.76	1
2637.76	1
2638.76	2
2639.76	2
2640.76	1
2641.76	1
2642.76	1
2643.76	1
2644.76	1
2645.76	1
2646.76	1
2647.77	2
2648.77	2
2649.77	2
2650.77	2
2651.77	2
2652.77	1
2653.77	1
2654.77	1
2655.77	1
2656.77	2
2657.77	2
2658.77	2
2659.77	2
2660.77	2
2661.77	1
2662.78	2
2663.78	2
2664.78	2
2665.78	2
2666.78	2
2667.78	2
2668.78	2
2669.78	2
2670.78	2
2671.78	1
2672.78	1
2673.78	1
2674.78	1
2675.78	2
2676.78	2
2677.79	1
2678.79	1
2679.79	1
2680.79	1
2681.79	1
2682.79	0
2683.79	0
2684.79	1
2685.79	1
2686.79	2
2687.79	2
2688.79	2
2689.79	2
2690.79	1
2691.79	1
2692.8	0
2693.8	0
2694.8	1
2695.8	1
2696.8	1
2697.8	1
2698.8	1
2699.8	2
2700.8	2
2701.8	2
2702.8	2
2703.8	1
2704.8	1
2705.8	1
2706.8	0
2707.81	1
2708.81	2
2709.81	3
2710.81	3
2711.81	3
2712.81	3
2713.81	2
2714.81	1
2715.81	0
2716.81	0
2717.81	1
2718.81	1
2719.81	1
2720.81	1
2721.81	1
2722.82	1
2723.82	1
2724.82	1
2725.82	2
2726.82	2
2727.82	2
2728.82	2
2729.82	2
2730.82	1
2731.82	1
2732.82	1
2733.82	0
2734.82	0
2735.82	0
2736.82	0
2737.83	0
2738.83	1
2739.83	1
2740.83	1
2741.83	1
2742.83	1
2743.83	1
2744.83	1
2745.83	1
2746.83	1
2747.83	1
2748.83	1
2749.83	1
2750.83	1
2751.83	0
2752.84	0
2753.84	1
2754.84	1
2755.84	2
2756.84	2
2757.84	2
2758.84	2
2759.84	2
2760.84	1
2761.84	1
2762.84	1
2763.84	1
2764.84	1
2765.84	0
2766.84	0
2767.85	1
2768.85	1
2769.85	1
2770.85	1
2771.85	1
2772.85	2
2773.85	2
2774.85	2
2775.85	2
2776.85	2
2777.85	2
2778.85	2
2779.85	2
2780.85	2
2781.85	2
2782.86	3
2783.86	3
2784.86	3
2785.86	2
2786.86	2
2787.86	2
2788.86	2
2789.86	2
2790.86	1
2791.86	1
2792.86	1
2793.86	0
2794.86	0
2795.86	1
2796.86	1
2797.87	2
2798.87	2
2799.87	2
2800.87	1
2801.87	1
2802.87	1
2803.87	1
2804.87	1
2805.87	1
2806.87	1
2807.87	1
2808.87	2
2809.87	3
2810.87	3
2811.87	3
2812.88	2
2813.88	1
2814.88	1
2815.88	0
2816.88	1
2817.88	1
2818.88	0
2819.88	0
2820.88	0
2821.88	0
2822.88	0
2823.88	1
2824.88	2
2825.88	2
2826.88	3
2827.89	3
2828.89	3
2829.89	3
2830.89	2
2831.89	1
2832.89	1
2833.89	2
2834.89	2
2835.89	1
2836.89	1
2837.89	0
2838.89	0
2839.89	0
2840.89	1
2841.89	1
2842.9	1
2843.9	1
2844.9	1
2845.9	0
2846.9	0
2847.9	0
2848.9	1
2849.9	1
2850.9	2
2851.9	1
2852.9	1
2853.9	0
2854.9	1
2855.9	1
2856.9	2
2857.91	2
2858.91	1
2859.91	1
2860.91	1
2861.91	2
2862.91	2
2863.91	1
2864.91	1
2865.91	1
2866.91	1
2867.91	1
2868.91	1
2869.91	1
2870.91	1
2871.91	1
2872.92	1
2873.92	1
2874.92	1
2875.92	2
2876.92	2
2877.92	3
2878.92	2
2879.92	2
2880.92	1
2881.92	1
2882.92	1
2883.92	2
2884.92	2
2885.92	2
2886.92	2
2887.93	2
2888.93	2
2889.93	1
2890.93	1
2891.93	1
2892.93	1
2893.93	1
2894.93	1
2895.93	1
2896.93	2
2897.93	2
2898.93	3
2899.93	3
2900.93	2
2901.93	2
2902.94	2
2903.94	2
2904.94	2
2905.94	2
2906.94	1
2907.94	1
2908.94	2
2909.94	2
2910.94	2
2911.94	1
2912.94	1
2913.94	2
2914.94	3
2915.94	3
2916.94	3
2917.95	3
2918.95	2
2919.95	2
2920.95	2
2921.95	2
2922.95	2
2923.95	1
2924.95	1
2925.95	1
2926.95	1
2927.95	1
2928.95	2
2929.95	2
2930.95	1
2931.95	1
2932.96	1
2933.96	1
2934.96	1
2935.96	1
2936.96	2
2937.96	2
2938.96	2
2939.96	2
2940.96	1
2941.96	0
2942.96	0
2943.96	1
2944.96	2
2945.96	2
2946.96	2
2947.97	3
2948.97	3
2949.97	3
2950.97	2
2951.97	2
2952.97	2
2953.97	2
2954.97	3
2955.97	3
2956.97	2
2957.97	2
2958.97	2
2959.97	2
2960.97	2
2961.97	2
2962.98	1
2963.98	1
2964.98	0
2965.98	0
2966.98	1
2967.98	1
2968.98	1
2969.98	1
2970.98	1
2971.98	1
2972.98	1
2973.98	1
2974.98	1
2975.98	2
2976.98	2
2977.99	2
2978.99	1
2979.99	1
2980.99	1
2981.99	2
2982.99	2
2983.99	2
2984.99	1
2985.99	0
2986.99	0
2987.99	0
2988.99	0
2989.99	0
2990.99	0
2991.99	0
2993	0
2994	0
2995	0
2996	0
2997	0
2998	0
2999	0
