Time (HH:MM:SS) - Plot 0	RFU - Plot 0	Time (HH:MM:SS) - Plot 1	RFU - Plot 1	Time (HH:MM:SS) - Plot 2	RFU - Plot 2
0	0	0	0	0	0
1.00067	0	1.00067	0	1.00067	0
2.00133	0	2.00133	0	2.00133	0
3.002	0	3.002	0	3.002	0
4.00267	0	4.00267	0	4.00267	0
5.00334	0	5.00334	0	5.00334	0
6.004	0	6.004	0	6.004	0
7.00467	0	7.00467	0	7.00467	0
8.00534	0	8.00534	0	8.00534	0
9.006	0	9.006	0	9.006	0
10.0067	0	10.0067	0	10.0067	0
11.0073	0	11.0073	0	11.0073	0
12.008	0	12.008	0	12.008	0
13.0087	0	13.0087	0	13.0087	0
14.0093	0	14.0093	0	14.0093	0
15.01	0	15.01	0	15.01	0
16.0107	0	16.0107	0	16.0107	0
17.0113	0	17.0113	0	17.0113	0
18.012	0	18.012	0	18.012	0
19.0127	0	19.0127	0	19.0127	0
20.0133	1	20.0133	0	20.0133	0
21.014	1	21.014	0	21.014	0
22.0147	1	22.0147	0	22.0147	0
23.0153	1	23.0153	0	23.0153	0
24.016	0	24.016	0	24.016	1
25.0167	0	25.0167	1	25.0167	2
26.0173	1	26.0173	1	26.0173	2
27.018	1	27.018	1	27.018	2
28.0187	1	28.0187	2	28.0187	1
29.0193	2	29.0193	2	29.0193	1
30.02	2	30.02	3	30.02	2
31.0207	3	31.0207	3	31.0207	2
32.0213	4	32.0213	4	32.0213	2
33.022	4	33.022	5	33.022	2
34.0227	4	34.0227	4	34.0227	1
35.0233	4	35.0233	4	35.0233	1
36.024	4	36.024	5	36.024	1
37.0247	5	37.0247	5	37.0247	2
38.0254	5	38.0254	5	38.0254	3
39.026	4	39.026	5	39.026	3
40.0267	3	40.0267	4	40.0267	2
41.0274	2	41.0274	3	41.0274	0
42.028	2	42.028	2	42.028	0
43.0287	4	43.0287	3	43.0287	1
44.0294	6	44.0294	4	44.0294	1
45.03	7	45.03	6	45.03	2
46.0307	7	46.0307	6	46.0307	2
47.0314	7	47.0314	4	47.0314	2
48.032	7	48.032	3	48.032	1
49.0327	7	49.0327	3	49.0327	1
50.0334	7	50.0334	2	50.0334	1
51.034	7	51.034	2	51.034	1
52.0347	8	52.0347	1	52.0347	1
53.0354	7	53.0354	1	53.0354	2
54.036	6	54.036	2	54.036	3
55.0367	5	55.0367	3	55.0367	3
56.0374	4	56.0374	3	56.0374	2
57.038	4	57.038	3	57.038	2
58.0387	4	58.0387	3	58.0387	2
59.0394	4	59.0394	3	59.0394	1
60.04	5	60.04	3	60.04	1
61.0407	6	61.0407	3	61.0407	2
62.0414	6	62.0414	4	62.0414	2
63.042	6	63.042	5	63.042	2
64.0427	6	64.0427	6	64.0427	3
65.0434	5	65.0434	5	65.0434	3
66.044	5	66.044	3	66.044	3
67.0447	6	67.0447	2	67.0447	3
68.0454	6	68.0454	2	68.0454	2
69.046	6	69.046	3	69.046	2
70.0467	7	70.0467	3	70.0467	3
71.0474	7	71.0474	3	71.0474	4
72.048	7	72.048	3	72.048	4
73.0487	7	73.0487	4	73.0487	4
74.0494	8	74.0494	3	74.0494	3
75.05	7	75.05	2	75.05	3
76.0507	7	76.0507	2	76.0507	3
77.0514	7	77.0514	2	77.0514	4
78.052	6	78.052	4	78.052	4
79.0527	5	79.0527	5	79.0527	3
80.0534	4	80.0534	5	80.0534	3
81.054	4	81.054	4	81.054	2
82.0547	5	82.0547	4	82.0547	3
83.0554	5	83.0554	4	83.0554	4
84.056	5	84.056	4	84.056	4
85.0567	4	85.0567	4	85.0567	4
86.0574	3	86.0574	3	86.0574	3
87.058	3	87.058	3	87.058	2
88.0587	3	88.0587	4	88.0587	2
89.0594	3	89.0594	6	89.0594	1
90.06	2	90.06	7	90.06	0
91.0607	2	91.0607	6	91.0607	0
92.0614	2	92.0614	5	92.0614	0
93.062	2	93.062	4	93.062	2
94.0627	2	94.0627	3	94.0627	3
95.0634	2	95.0634	3	95.0634	3
96.064	2	96.064	3	96.064	3
97.0647	3	97.0647	3	97.0647	2
98.0654	3	98.0654	2	98.0654	1
99.066	3	99.066	4	99.066	1
100.067	3	100.067	5	100.067	1
101.067	3	101.067	5	101.067	2
102.068	3	102.068	5	102.068	2
103.069	3	103.069	4	103.069	3
104.069	3	104.069	3	104.069	3
105.07	3	105.07	2	105.07	2
106.071	3	106.071	2	106.071	2
107.071	3	107.071	3	107.071	2
108.072	2	108.072	4	108.072	2
109.073	2	109.073	5	109.073	3
110.073	2	110.073	6	110.073	3
111.074	3	111.074	6	111.074	3
112.075	3	112.075	5	112.075	3
113.075	3	113.075	4	113.075	3
114.076	3	114.076	3	114.076	4
115.077	3	115.077	2	115.077	4
116.077	4	116.077	2	116.077	3
117.078	4	117.078	1	117.078	3
118.079	5	118.079	0	118.079	2
119.079	5	119.079	0	119.079	2
120.08	6	120.08	1	120.08	3
121.081	6	121.081	2	121.081	4
122.081	6	122.081	2	122.081	4
123.082	5	123.082	2	123.082	3
124.083	3	124.083	2	124.083	3
125.083	3	125.083	1	125.083	3
126.084	3	126.084	1	126.084	3
127.085	3	127.085	3	127.085	3
128.085	3	128.085	4	128.085	3
129.086	4	129.086	4	129.086	2
130.087	4	130.087	3	130.087	2
131.087	5	131.087	3	131.087	2
132.088	5	132.088	4	132.088	3
133.089	4	133.089	4	133.089	3
134.089	3	134.089	3	134.089	2
135.09	3	135.09	3	135.09	2
136.091	3	136.091	3	136.091	2
137.091	2	137.091	4	137.091	3
138.092	2	138.092	4	138.092	3
139.093	2	139.093	4	139.093	2
140.093	3	140.093	5	140.093	2
141.094	4	141.094	5	141.094	2
142.095	4	142.095	5	142.095	3
143.095	3	143.095	5	143.095	4
144.096	3	144.096	4	144.096	5
145.097	3	145.097	2	145.097	5
146.097	3	146.097	2	146.097	4
147.098	3	147.098	2	147.098	3
148.099	3	148.099	4	148.099	2
149.099	2	149.099	5	149.099	2
150.1	2	150.1	5	150.1	2
151.101	2	151.101	5	151.101	1
152.101	3	152.101	5	152.101	1
153.102	3	153.102	5	153.102	1
154.103	2	154.103	4	154.103	1
155.103	1	155.103	2	155.103	2
156.104	1	156.104	1	156.104	2
157.105	0	157.105	1	157.105	2
158.105	0	158.105	1	158.105	2
159.106	0	159.106	1	159.106	1
160.107	0	160.107	2	160.107	1
161.107	1	161.107	3	161.107	0
162.108	1	162.108	5	162.108	1
163.109	1	163.109	5	163.109	2
164.109	0	164.109	5	164.109	3
165.11	0	165.11	3	165.11	3
166.111	0	166.111	1	166.111	3
167.111	0	167.111	0	167.111	3
168.112	1	168.112	1	168.112	3
169.113	2	169.113	2	169.113	3
170.113	3	170.113	4	170.113	2
171.114	3	171.114	5	171.114	1
172.115	2	172.115	5	172.115	1
173.115	3	173.115	5	173.115	1
174.116	3	174.116	4	174.116	1
175.117	3	175.117	3	175.117	1
176.117	4	176.117	4	176.117	1
177.118	4	177.118	4	177.118	2
178.119	4	178.119	3	178.119	3
179.119	4	179.119	2	179.119	3
180.12	3	180.12	1	180.12	2
181.121	2	181.121	0	181.121	1
182.121	1	182.121	1	182.121	0
183.122	1	183.122	1	183.122	1
184.123	1	184.123	0	184.123	1
185.123	0	185.123	0	185.123	1
186.124	0	186.124	0	186.124	2
187.125	0	187.125	1	187.125	2
188.125	1	188.125	2	188.125	2
189.126	2	189.126	3	189.126	2
190.127	3	190.127	2	190.127	1
191.127	3	191.127	2	191.127	1
192.128	3	192.128	2	192.128	0
193.129	3	193.129	2	193.129	1
194.129	3	194.129	3	194.129	1
195.13	3	195.13	3	195.13	1
196.131	3	196.131	3	196.131	2
197.131	3	197.131	3	197.131	2
198.132	3	198.132	3	198.132	3
199.133	3	199.133	3	199.133	3
200.133	3	200.133	3	200.133	3
201.134	3	201.134	4	201.134	2
202.135	3	202.135	4	202.135	2
203.135	2	203.135	5	203.135	2
204.136	2	204.136	6	204.136	2
205.137	1	205.137	6	205.137	3
206.137	1	206.137	6	206.137	3
207.138	2	207.138	6	207.138	2
208.139	2	208.139	6	208.139	1
209.139	2	209.139	6	209.139	2
210.14	2	210.14	7	210.14	3
211.141	2	211.141	7	211.141	3
212.141	1	212.141	7	212.141	2
213.142	1	213.142	6	213.142	1
214.143	2	214.143	6	214.143	0
215.143	2	215.143	6	215.143	1
216.144	1	216.144	6	216.144	2
217.145	1	217.145	7	217.145	3
218.145	1	218.145	7	218.145	3
219.146	1	219.146	8	219.146	3
220.147	1	220.147	8	220.147	3
221.147	1	221.147	7	221.147	2
222.148	1	222.148	7	222.148	2
223.149	2	223.149	7	223.149	2
224.149	1	224.149	8	224.149	2
225.15	1	225.15	8	225.15	3
226.151	2	226.151	8	226.151	2
227.151	2	227.151	8	227.151	2
228.152	1	228.152	8	228.152	3
229.153	1	229.153	8	229.153	3
230.153	0	230.153	7	230.153	3
231.154	0	231.154	6	231.154	2
232.155	0	232.155	5	232.155	1
233.155	0	233.155	5	233.155	0
234.156	0	234.156	6	234.156	0
235.157	0	235.157	7	235.157	0
236.157	0	236.157	9	236.157	0
237.158	0	237.158	9	237.158	0
238.159	0	238.159	8	238.159	0
239.159	0	239.159	7	239.159	0
240.16	0	240.16	7	240.16	0
241.161	0	241.161	7	241.161	0
242.161	0	242.161	8	242.161	0
243.162	0	243.162	9	243.162	0
244.163	0	244.163	8	244.163	0
245.163	0	245.163	6	245.163	0
246.164	0	246.164	5	246.164	0
247.165	0	247.165	4	247.165	1
248.165	0	248.165	4	248.165	2
249.166	1	249.166	4	249.166	3
250.167	1	250.167	3	250.167	3
251.167	1	251.167	1	251.167	3
252.168	1	252.168	0	252.168	3
253.169	1	253.169	0	253.169	3
254.169	1	254.169	1	254.169	4
255.17	1	255.17	2	255.17	4
256.171	1	256.171	4	256.171	5
257.171	0	257.171	6	257.171	5
258.172	0	258.172	7	258.172	6
259.173	0	259.173	8	259.173	6
260.173	0	260.173	8	260.173	5
261.174	0	261.174	9	261.174	4
262.175	1	262.175	8	262.175	4
263.175	2	263.175	8	263.175	4
264.176	2	264.176	7	264.176	4
265.177	2	265.177	7	265.177	4
266.177	2	266.177	7	266.177	4
267.178	2	267.178	7	267.178	4
268.179	2	268.179	8	268.179	3
269.179	2	269.179	8	269.179	3
270.18	2	270.18	9	270.18	3
271.181	2	271.181	9	271.181	3
272.181	2	272.181	8	272.181	3
273.182	1	273.182	8	273.182	3
274.183	2	274.183	6	274.183	3
275.183	2	275.183	6	275.183	3
276.184	2	276.184	6	276.184	3
277.185	2	277.185	6	277.185	2
278.185	2	278.185	6	278.185	2
279.186	3	279.186	7	279.186	2
280.187	3	280.187	8	280.187	2
281.187	2	281.187	8	281.187	2
282.188	1	282.188	8	282.188	2
283.189	1	283.189	7	283.189	2
284.189	1	284.189	6	284.189	2
285.19	1	285.19	5	285.19	2
286.191	2	286.191	5	286.191	2
287.191	2	287.191	5	287.191	2
288.192	2	288.192	5	288.192	1
289.193	2	289.193	5	289.193	1
290.193	1	290.193	5	290.193	0
291.194	2	291.194	4	291.194	0
292.195	2	292.195	3	292.195	0
293.195	1	293.195	2	293.195	1
294.196	0	294.196	1	294.196	2
295.197	0	295.197	1	295.197	2
296.197	1	296.197	0	296.197	1
297.198	2	297.198	1	297.198	1
298.199	2	298.199	3	298.199	1
299.199	3	299.199	3	299.199	2
300.2	2	300.2	4	300.2	2
301.201	2	301.201	5	301.201	3
302.201	2	302.201	5	302.201	3
303.202	2	303.202	5	303.202	4
304.203	2	304.203	5	304.203	4
305.203	2	305.203	6	305.203	4
306.204	3	306.204	7	306.204	3
307.205	3	307.205	7	307.205	2
308.205	2	308.205	6	308.205	2
309.206	2	309.206	5	309.206	1
310.207	2	310.207	4	310.207	2
311.207	1	311.207	3	311.207	2
312.208	1	312.208	2	312.208	2
313.209	0	313.209	2	313.209	2
314.209	0	314.209	2	314.209	2
315.21	0	315.21	2	315.21	2
316.211	0	316.211	3	316.211	2
317.211	0	317.211	4	317.211	2
318.212	0	318.212	4	318.212	2
319.213	0	319.213	4	319.213	2
320.213	1	320.213	3	320.213	3
321.214	1	321.214	4	321.214	3
322.215	2	322.215	4	322.215	3
323.215	2	323.215	4	323.215	3
324.216	2	324.216	4	324.216	4
325.217	1	325.217	4	325.217	4
326.217	0	326.217	3	326.217	4
327.218	0	327.218	4	327.218	3
328.219	1	328.219	5	328.219	2
329.219	2	329.219	5	329.219	2
330.22	2	330.22	5	330.22	2
331.221	2	331.221	4	331.221	2
332.221	3	332.221	4	332.221	1
333.222	3	333.222	3	333.222	1
334.223	3	334.223	2	334.223	0
335.223	2	335.223	1	335.223	1
336.224	2	336.224	1	336.224	1
337.225	1	337.225	1	337.225	1
338.225	1	338.225	2	338.225	1
339.226	1	339.226	2	339.226	0
340.227	0	340.227	1	340.227	0
341.227	1	341.227	1	341.227	0
342.228	1	342.228	0	342.228	0
343.229	1	343.229	0	343.229	1
344.229	1	344.229	1	344.229	1
345.23	1	345.23	2	345.23	1
346.231	1	346.231	3	346.231	2
347.231	0	347.231	4	347.231	2
348.232	0	348.232	3	348.232	2
349.233	0	349.233	2	349.233	2
350.233	1	350.233	1	350.233	2
351.234	1	351.234	1	351.234	2
352.235	0	352.235	1	352.235	2
353.235	0	353.235	1	353.235	1
354.236	2	354.236	2	354.236	0
355.237	3	355.237	2	355.237	0
356.237	4	356.237	2	356.237	0
357.238	4	357.238	2	357.238	1
358.239	4	358.239	3	358.239	2
359.239	3	359.239	3	359.239	2
360.24	3	360.24	2	360.24	3
361.241	2	361.241	2	361.241	3
362.241	2	362.241	2	362.241	2
363.242	2	363.242	3	363.242	2
364.243	2	364.243	3	364.243	1
365.243	2	365.243	2	365.243	0
366.244	2	366.244	2	366.244	1
367.245	1	367.245	2	367.245	2
368.245	1	368.245	3	368.245	2
369.246	2	369.246	3	369.246	2
370.247	2	370.247	3	370.247	2
371.247	3	371.247	2	371.247	1
372.248	2	372.248	2	372.248	0
373.249	1	373.249	2	373.249	0
374.249	1	374.249	2	374.249	0
375.25	1	375.25	2	375.25	1
376.251	2	376.251	2	376.251	2
377.252	2	377.252	1	377.252	2
378.252	3	378.252	1	378.252	2
379.253	3	379.253	1	379.253	2
380.254	3	380.254	1	380.254	2
381.254	2	381.254	1	381.254	2
382.255	2	382.255	1	382.255	2
383.256	2	383.256	1	383.256	1
384.256	2	384.256	1	384.256	2
385.257	2	385.257	2	385.257	3
386.258	2	386.258	2	386.258	3
387.258	1	387.258	3	387.258	2
388.259	0	388.259	3	388.259	1
389.26	0	389.26	3	389.26	1
390.26	1	390.26	3	390.26	2
391.261	2	391.261	4	391.261	1
392.262	3	392.262	4	392.262	1
393.262	3	393.262	4	393.262	1
394.263	2	394.263	3	394.263	1
395.264	1	395.264	4	395.264	1
396.264	0	396.264	4	396.264	0
397.265	0	397.265	4	397.265	0
398.266	0	398.266	4	398.266	0
399.266	0	399.266	3	399.266	0
400.267	0	400.267	3	400.267	0
401.268	0	401.268	2	401.268	0
402.268	0	402.268	2	402.268	0
403.269	0	403.269	1	403.269	0
404.27	0	404.27	2	404.27	0
405.27	0	405.27	3	405.27	1
406.271	0	406.271	3	406.271	2
407.272	0	407.272	2	407.272	2
408.272	0	408.272	1	408.272	2
409.273	0	409.273	1	409.273	2
410.274	0	410.274	1	410.274	1
411.274	0	411.274	1	411.274	0
412.275	0	412.275	2	412.275	0
413.276	0	413.276	2	413.276	0
414.276	0	414.276	2	414.276	0
415.277	0	415.277	1	415.277	0
416.278	0	416.278	0	416.278	0
417.278	0	417.278	1	417.278	1
418.279	1	418.279	2	418.279	2
419.28	1	419.28	3	419.28	2
420.28	2	420.28	3	420.28	2
421.281	3	421.281	2	421.281	1
422.282	2	422.282	2	422.282	1
423.282	2	423.282	1	423.282	1
424.283	2	424.283	1	424.283	1
425.284	2	425.284	1	425.284	0
426.284	1	426.284	2	426.284	0
427.285	1	427.285	2	427.285	1
428.286	0	428.286	2	428.286	1
429.286	0	429.286	1	429.286	1
430.287	1	430.287	1	430.287	0
431.288	1	431.288	1	431.288	0
432.288	1	432.288	0	432.288	0
433.289	1	433.289	0	433.289	1
434.29	1	434.29	0	434.29	1
435.29	2	435.29	1	435.29	2
436.291	3	436.291	2	436.291	2
437.292	2	437.292	3	437.292	2
438.292	2	438.292	2	438.292	2
439.293	1	439.293	2	439.293	2
440.294	1	440.294	2	440.294	2
441.294	1	441.294	2	441.294	2
442.295	0	442.295	3	442.295	2
443.296	0	443.296	4	443.296	2
444.296	0	444.296	4	444.296	2
445.297	0	445.297	4	445.297	1
446.298	1	446.298	4	446.298	0
447.298	2	447.298	4	447.298	0
448.299	3	448.299	4	448.299	1
449.3	3	449.3	4	449.3	1
450.3	2	450.3	3	450.3	1
451.301	2	451.301	3	451.301	1
452.302	2	452.302	3	452.302	2
453.302	2	453.302	3	453.302	2
454.303	2	454.303	3	454.303	2
455.304	1	455.304	3	455.304	2
456.304	1	456.304	2	456.304	2
457.305	1	457.305	2	457.305	2
458.306	2	458.306	2	458.306	2
459.306	2	459.306	2	459.306	1
460.307	2	460.307	2	460.307	1
461.308	2	461.308	2	461.308	1
462.308	2	462.308	2	462.308	1
463.309	2	463.309	1	463.309	1
464.31	2	464.31	1	464.31	0
465.31	2	465.31	2	465.31	1
466.311	2	466.311	2	466.311	1
467.312	3	467.312	2	467.312	2
468.312	4	468.312	2	468.312	2
469.313	3	469.313	2	469.313	2
470.314	3	470.314	2	470.314	2
471.314	2	471.314	3	471.314	1
472.315	2	472.315	3	472.315	1
473.316	3	473.316	3	473.316	1
474.316	3	474.316	3	474.316	1
475.317	2	475.317	2	475.317	1
476.318	2	476.318	2	476.318	1
477.318	2	477.318	2	477.318	2
478.319	2	478.319	2	478.319	1
479.32	1	479.32	2	479.32	1
480.32	1	480.32	3	480.32	0
481.321	1	481.321	3	481.321	0
482.322	1	482.322	3	482.322	0
483.322	1	483.322	3	483.322	1
484.323	1	484.323	2	484.323	1
485.324	1	485.324	2	485.324	1
486.324	1	486.324	2	486.324	1
487.325	2	487.325	2	487.325	1
488.326	2	488.326	1	488.326	1
489.326	1	489.326	0	489.326	1
490.327	1	490.327	0	490.327	2
491.328	1	491.328	1	491.328	2
492.328	1	492.328	2	492.328	2
493.329	1	493.329	2	493.329	2
494.33	1	494.33	2	494.33	1
495.33	1	495.33	1	495.33	1
496.331	1	496.331	0	496.331	1
497.332	1	497.332	1	497.332	2
498.332	1	498.332	1	498.332	2
499.333	2	499.333	2	499.333	2
500.334	2	500.334	2	500.334	2
501.334	2	501.334	3	501.334	2
502.335	1	502.335	3	502.335	2
503.336	1	503.336	2	503.336	2
504.336	0	504.336	2	504.336	1
505.337	0	505.337	2	505.337	1
506.338	0	506.338	3	506.338	1
507.338	1	507.338	4	507.338	1
508.339	1	508.339	4	508.339	1
509.34	1	509.34	3	509.34	1
510.34	1	510.34	2	510.34	0
511.341	2	511.341	2	511.341	1
512.342	2	512.342	2	512.342	1
513.342	2	513.342	2	513.342	2
514.343	3	514.343	2	514.343	2
515.344	3	515.344	3	515.344	2
516.344	4	516.344	3	516.344	2
517.345	4	517.345	3	517.345	2
518.346	4	518.346	2	518.346	2
519.346	3	519.346	2	519.346	2
520.347	2	520.347	1	520.347	3
521.348	2	521.348	2	521.348	3
522.348	2	522.348	2	522.348	3
523.349	1	523.349	2	523.349	3
524.35	1	524.35	2	524.35	3
525.35	0	525.35	2	525.35	2
526.351	0	526.351	3	526.351	1
527.352	0	527.352	3	527.352	1
528.352	1	528.352	3	528.352	1
529.353	1	529.353	3	529.353	2
530.354	1	530.354	3	530.354	3
531.354	1	531.354	2	531.354	3
532.355	1	532.355	2	532.355	2
533.356	1	533.356	2	533.356	1
534.356	1	534.356	3	534.356	1
535.357	1	535.357	3	535.357	1
536.358	1	536.358	3	536.358	1
537.358	1	537.358	4	537.358	2
538.359	2	538.359	4	538.359	2
539.36	2	539.36	4	539.36	3
540.36	3	540.36	4	540.36	2
541.361	2	541.361	4	541.361	2
542.362	2	542.362	4	542.362	2
543.362	2	543.362	4	543.362	1
544.363	1	544.363	4	544.363	1
545.364	1	545.364	4	545.364	1
546.364	2	546.364	4	546.364	1
547.365	2	547.365	3	547.365	2
548.366	2	548.366	3	548.366	2
549.366	3	549.366	2	549.366	2
550.367	3	550.367	2	550.367	2
551.368	3	551.368	3	551.368	2
552.368	3	552.368	3	552.368	1
553.369	3	553.369	4	553.369	1
554.37	4	554.37	4	554.37	2
555.37	4	555.37	3	555.37	2
556.371	4	556.371	2	556.371	1
557.372	3	557.372	1	557.372	1
558.372	2	558.372	1	558.372	1
559.373	1	559.373	1	559.373	2
560.374	2	560.374	2	560.374	3
561.374	2	561.374	3	561.374	3
562.375	2	562.375	3	562.375	3
563.376	2	563.376	2	563.376	2
564.376	1	564.376	1	564.376	2
565.377	1	565.377	1	565.377	2
566.378	1	566.378	3	566.378	2
567.378	1	567.378	4	567.378	1
568.379	1	568.379	4	568.379	1
569.38	0	569.38	3	569.38	1
570.38	0	570.38	3	570.38	1
571.381	0	571.381	2	571.381	0
572.382	1	572.382	2	572.382	0
573.382	2	573.382	2	573.382	0
574.383	2	574.383	1	574.383	0
575.384	2	575.384	0	575.384	1
576.384	2	576.384	0	576.384	1
577.385	2	577.385	1	577.385	1
578.386	2	578.386	1	578.386	2
579.386	3	579.386	2	579.386	2
580.387	3	580.387	3	580.387	2
581.388	4	581.388	3	581.388	2
582.388	4	582.388	4	582.388	2
583.389	3	583.389	4	583.389	2
584.39	2	584.39	4	584.39	2
585.39	2	585.39	4	585.39	2
586.391	2	586.391	4	586.391	2
587.392	2	587.392	5	587.392	2
588.392	3	588.392	5	588.392	2
589.393	3	589.393	4	589.393	2
590.394	4	590.394	4	590.394	2
591.394	4	591.394	4	591.394	1
592.395	4	592.395	4	592.395	1
593.396	3	593.396	4	593.396	1
594.396	3	594.396	3	594.396	2
595.397	3	595.397	3	595.397	2
596.398	3	596.398	2	596.398	2
597.398	2	597.398	3	597.398	2
598.399	1	598.399	3	598.399	2
599.4	1	599.4	3	599.4	2
600.4	2	600.4	2	600.4	2
601.401	2	601.401	2	601.401	2
602.402	2	602.402	2	602.402	2
603.402	3	603.402	2	603.402	2
604.403	3	604.403	3	604.403	2
605.404	3	605.404	3	605.404	1
606.404	2	606.404	3	606.404	0
607.405	2	607.405	4	607.405	0
608.406	3	608.406	3	608.406	1
609.406	3	609.406	2	609.406	1
610.407	3	610.407	2	610.407	1
611.408	3	611.408	2	611.408	1
612.408	2	612.408	2	612.408	2
613.409	2	613.409	2	613.409	1
614.41	2	614.41	2	614.41	1
615.41	3	615.41	2	615.41	1
616.411	4	616.411	2	616.411	0
617.412	4	617.412	2	617.412	0
618.412	3	618.412	2	618.412	0
619.413	2	619.413	2	619.413	1
620.414	2	620.414	2	620.414	1
621.414	1	621.414	3	621.414	1
622.415	1	622.415	3	622.415	1
623.416	1	623.416	3	623.416	1
624.416	1	624.416	3	624.416	1
625.417	2	625.417	3	625.417	2
626.418	1	626.418	2	626.418	2
627.418	1	627.418	3	627.418	3
628.419	0	628.419	3	628.419	3
629.42	1	629.42	3	629.42	3
630.42	1	630.42	3	630.42	2
631.421	2	631.421	2	631.421	1
632.422	2	632.422	3	632.422	1
633.422	2	633.422	4	633.422	2
634.423	2	634.423	4	634.423	2
635.424	2	635.424	4	635.424	3
636.424	2	636.424	3	636.424	3
637.425	2	637.425	3	637.425	3
638.426	2	638.426	3	638.426	2
639.426	3	639.426	2	639.426	2
640.427	3	640.427	2	640.427	2
641.428	2	641.428	1	641.428	1
642.428	2	642.428	1	642.428	1
643.429	1	643.429	1	643.429	1
644.43	2	644.43	2	644.43	1
645.43	2	645.43	3	645.43	2
646.431	3	646.431	4	646.431	2
647.432	2	647.432	4	647.432	2
648.432	2	648.432	4	648.432	1
649.433	2	649.433	4	649.433	2
650.434	2	650.434	4	650.434	2
651.434	2	651.434	4	651.434	2
652.435	2	652.435	4	652.435	2
653.436	2	653.436	4	653.436	2
654.436	2	654.436	4	654.436	2
655.437	1	655.437	4	655.437	2
656.438	1	656.438	4	656.438	2
657.438	1	657.438	4	657.438	2
658.439	2	658.439	3	658.439	2
659.44	3	659.44	2	659.44	2
660.44	3	660.44	1	660.44	2
661.441	3	661.441	1	661.441	2
662.442	2	662.442	2	662.442	2
663.442	2	663.442	3	663.442	2
664.443	3	664.443	4	664.443	2
665.444	3	665.444	4	665.444	1
666.444	3	666.444	3	666.444	1
667.445	2	667.445	2	667.445	1
668.446	2	668.446	1	668.446	1
669.446	2	669.446	1	669.446	2
670.447	2	670.447	2	670.447	2
671.448	2	671.448	2	671.448	3
672.448	2	672.448	2	672.448	2
673.449	2	673.449	3	673.449	2
674.45	1	674.45	3	674.45	2
675.45	1	675.45	2	675.45	1
676.451	1	676.451	2	676.451	1
677.452	1	677.452	1	677.452	1
678.452	1	678.452	2	678.452	1
679.453	2	679.453	2	679.453	0
680.454	2	680.454	2	680.454	0
681.454	2	681.454	2	681.454	0
682.455	2	682.455	2	682.455	0
683.456	1	683.456	1	683.456	1
684.456	1	684.456	0	684.456	1
685.457	1	685.457	0	685.457	1
686.458	1	686.458	0	686.458	1
687.458	1	687.458	0	687.458	1
688.459	2	688.459	0	688.459	1
689.46	2	689.46	0	689.46	2
690.46	2	690.46	0	690.46	2
691.461	2	691.461	1	691.461	2
692.462	2	692.462	1	692.462	1
693.462	1	693.462	1	693.462	0
694.463	1	694.463	1	694.463	0
695.464	1	695.464	1	695.464	1
696.464	1	696.464	2	696.464	1
697.465	1	697.465	2	697.465	2
698.466	2	698.466	2	698.466	2
699.466	3	699.466	2	699.466	1
700.467	3	700.467	2	700.467	1
701.468	3	701.468	2	701.468	1
702.468	2	702.468	2	702.468	1
703.469	1	703.469	3	703.469	1
704.47	0	704.47	3	704.47	0
705.47	0	705.47	2	705.47	1
706.471	0	706.471	2	706.471	1
707.472	1	707.472	3	707.472	2
708.472	1	708.472	3	708.472	2
709.473	1	709.473	3	709.473	2
710.474	1	710.474	3	710.474	2
711.474	1	711.474	3	711.474	2
712.475	1	712.475	3	712.475	2
713.476	2	713.476	4	713.476	2
714.476	2	714.476	4	714.476	2
715.477	2	715.477	4	715.477	2
716.478	2	716.478	3	716.478	3
717.478	2	717.478	3	717.478	3
718.479	2	718.479	2	718.479	3
719.48	2	719.48	1	719.48	2
720.48	3	720.48	1	720.48	2
721.481	3	721.481	1	721.481	1
722.482	2	722.482	1	722.482	1
723.482	2	723.482	1	723.482	1
724.483	2	724.483	1	724.483	1
725.484	3	725.484	1	725.484	1
726.484	3	726.484	1	726.484	2
727.485	2	727.485	0	727.485	1
728.486	2	728.486	0	728.486	1
729.486	1	729.486	0	729.486	1
730.487	0	730.487	1	730.487	1
731.488	0	731.488	1	731.488	1
732.488	1	732.488	2	732.488	1
733.489	1	733.489	3	733.489	0
734.49	1	734.49	3	734.49	1
735.49	1	735.49	3	735.49	1
736.491	2	736.491	3	736.491	2
737.492	2	737.492	2	737.492	2
738.492	2	738.492	2	738.492	2
739.493	2	739.493	1	739.493	2
740.494	2	740.494	1	740.494	2
741.494	2	741.494	1	741.494	1
742.495	2	742.495	2	742.495	1
743.496	2	743.496	2	743.496	1
744.496	2	744.496	3	744.496	1
745.497	1	745.497	3	745.497	1
746.498	1	746.498	2	746.498	1
747.498	1	747.498	1	747.498	0
748.499	2	748.499	0	748.499	0
749.5	2	749.5	0	749.5	1
750.5	2	750.5	0	750.5	1
751.501	1	751.501	0	751.501	1
752.502	0	752.502	0	752.502	1
753.502	0	753.502	1	753.502	2
754.503	0	754.503	2	754.503	2
755.504	1	755.504	2	755.504	2
756.504	1	756.504	2	756.504	2
757.505	1	757.505	2	757.505	2
758.506	1	758.506	2	758.506	2
759.506	1	759.506	1	759.506	2
760.507	1	760.507	1	760.507	1
761.508	1	761.508	0	761.508	1
762.508	0	762.508	0	762.508	1
763.509	0	763.509	0	763.509	1
764.51	1	764.51	0	764.51	1
765.51	2	765.51	1	765.51	2
766.511	2	766.511	1	766.511	2
767.512	2	767.512	1	767.512	1
768.512	2	768.512	1	768.512	2
769.513	3	769.513	1	769.513	2
770.514	3	770.514	1	770.514	3
771.514	3	771.514	1	771.514	3
772.515	3	772.515	1	772.515	3
773.516	3	773.516	1	773.516	3
774.516	4	774.516	2	774.516	3
775.517	3	775.517	2	775.517	3
776.518	3	776.518	3	776.518	3
777.518	2	777.518	2	777.518	3
778.519	2	778.519	2	778.519	3
779.52	2	779.52	3	779.52	3
780.52	2	780.52	3	780.52	3
781.521	2	781.521	3	781.521	2
782.522	2	782.522	3	782.522	2
783.522	2	783.522	3	783.522	2
784.523	3	784.523	3	784.523	2
785.524	3	785.524	3	785.524	2
786.524	2	786.524	2	786.524	2
787.525	2	787.525	2	787.525	2
788.526	2	788.526	2	788.526	3
789.526	2	789.526	2	789.526	3
790.527	1	790.527	1	790.527	4
791.528	1	791.528	2	791.528	4
792.528	1	792.528	2	792.528	4
793.529	1	793.529	2	793.529	4
794.53	1	794.53	2	794.53	4
795.53	1	795.53	2	795.53	4
796.531	0	796.531	1	796.531	4
797.532	0	797.532	1	797.532	3
798.532	0	798.532	0	798.532	3
799.533	0	799.533	1	799.533	2
800.534	0	800.534	1	800.534	2
801.534	1	801.534	1	801.534	2
802.535	1	802.535	1	802.535	2
803.536	1	803.536	0	803.536	2
804.536	1	804.536	1	804.536	3
805.537	1	805.537	1	805.537	3
806.538	1	806.538	1	806.538	3
807.538	2	807.538	0	807.538	3
808.539	1	808.539	0	808.539	4
809.54	1	809.54	0	809.54	4
810.54	0	810.54	0	810.54	4
811.541	0	811.541	0	811.541	4
812.542	0	812.542	0	812.542	4
813.542	0	813.542	0	813.542	3
814.543	0	814.543	0	814.543	3
815.544	0	815.544	0	815.544	3
816.544	0	816.544	0	816.544	3
817.545	1	817.545	0	817.545	4
818.546	1	818.546	1	818.546	3
819.546	2	819.546	1	819.546	3
820.547	2	820.547	2	820.547	2
821.548	2	821.548	2	821.548	2
822.548	2	822.548	2	822.548	2
823.549	3	823.549	3	823.549	2
824.55	3	824.55	3	824.55	2
825.55	3	825.55	2	825.55	2
826.551	3	826.551	2	826.551	2
827.552	3	827.552	1	827.552	1
828.552	2	828.552	1	828.552	1
829.553	2	829.553	0	829.553	1
830.554	2	830.554	0	830.554	2
831.554	2	831.554	0	831.554	2
832.555	2	832.555	0	832.555	2
833.556	2	833.556	0	833.556	1
834.556	2	834.556	0	834.556	1
835.557	2	835.557	0	835.557	0
836.558	2	836.558	0	836.558	0
837.558	2	837.558	1	837.558	1
838.559	2	838.559	1	838.559	1
839.56	2	839.56	1	839.56	2
840.56	1	840.56	1	840.56	2
841.561	1	841.561	1	841.561	3
842.562	1	842.562	1	842.562	3
843.562	1	843.562	1	843.562	2
844.563	2	844.563	2	844.563	2
845.564	2	845.564	2	845.564	1
846.564	3	846.564	2	846.564	1
847.565	3	847.565	2	847.565	0
848.566	2	848.566	2	848.566	0
849.566	1	849.566	2	849.566	0
850.567	1	850.567	3	850.567	0
851.568	2	851.568	2	851.568	1
852.568	2	852.568	1	852.568	1
853.569	2	853.569	0	853.569	1
854.57	2	854.57	0	854.57	1
855.57	2	855.57	1	855.57	2
856.571	2	856.571	1	856.571	1
857.572	2	857.572	2	857.572	1
858.572	2	858.572	3	858.572	1
859.573	1	859.573	2	859.573	1
860.574	1	860.574	2	860.574	1
861.574	0	861.574	2	861.574	1
862.575	0	862.575	2	862.575	1
863.576	0	863.576	2	863.576	1
864.576	1	864.576	2	864.576	2
865.577	2	865.577	1	865.577	1
866.578	3	866.578	1	866.578	1
867.578	3	867.578	2	867.578	1
868.579	3	868.579	2	868.579	0
869.58	2	869.58	3	869.58	0
870.58	2	870.58	3	870.58	1
871.581	2	871.581	2	871.581	1
872.582	1	872.582	2	872.582	1
873.582	0	873.582	2	873.582	1
874.583	0	874.583	3	874.583	2
875.584	0	875.584	3	875.584	2
876.584	1	876.584	4	876.584	1
877.585	2	877.585	3	877.585	1
878.586	2	878.586	3	878.586	1
879.586	2	879.586	3	879.586	1
880.587	2	880.587	2	880.587	1
881.588	2	881.588	2	881.588	1
882.588	2	882.588	2	882.588	1
883.589	1	883.589	4	883.589	0
884.59	1	884.59	4	884.59	0
885.59	2	885.59	4	885.59	0
886.591	2	886.591	3	886.591	0
887.592	2	887.592	2	887.592	0
888.592	3	888.592	1	888.592	0
889.593	3	889.593	1	889.593	0
890.594	3	890.594	1	890.594	0
891.594	3	891.594	1	891.594	0
892.595	3	892.595	2	892.595	0
893.596	3	893.596	2	893.596	0
894.596	3	894.596	2	894.596	0
895.597	2	895.597	2	895.597	0
896.598	2	896.598	3	896.598	0
897.598	2	897.598	2	897.598	1
898.599	2	898.599	1	898.599	1
899.6	1	899.6	1	899.6	1
900.6	0	900.6	1	900.6	1
901.601	0	901.601	1	901.601	1
902.602	0	902.602	1	902.602	1
903.602	0	903.602	2	903.602	2
904.603	0	904.603	2	904.603	2
905.604	1	905.604	3	905.604	2
906.604	2	906.604	4	906.604	1
907.605	3	907.605	3	907.605	1
908.606	3	908.606	2	908.606	0
909.606	3	909.606	2	909.606	0
910.607	2	910.607	2	910.607	0
911.608	2	911.608	1	911.608	0
912.608	2	912.608	0	912.608	0
913.609	2	913.609	0	913.609	1
914.61	3	914.61	1	914.61	1
915.61	3	915.61	2	915.61	1
916.611	2	916.611	3	916.611	0
917.612	2	917.612	3	917.612	0
918.612	1	918.612	3	918.612	0
919.613	1	919.613	3	919.613	1
920.614	2	920.614	4	920.614	2
921.614	2	921.614	5	921.614	2
922.615	2	922.615	5	922.615	2
923.616	3	923.616	5	923.616	2
924.616	4	924.616	5	924.616	2
925.617	6	925.617	5	925.617	2
926.618	7	926.618	6	926.618	2
927.618	8	927.618	7	927.618	3
928.619	8	928.619	8	928.619	4
929.62	9	929.62	9	929.62	4
930.62	9	930.62	10	930.62	4
931.621	10	931.621	12	931.621	5
932.622	12	932.622	14	932.622	6
933.622	14	933.622	17	933.622	8
934.623	18	934.623	20	934.623	11
935.624	25	935.624	24	935.624	16
936.624	33	936.624	29	936.624	22
937.625	42	937.625	37	937.625	29
938.626	53	938.626	47	938.626	38
939.626	74	939.626	61	939.626	53
940.627	128	940.627	88	940.627	92
941.628	281	941.628	170	941.628	211
942.628	637	942.628	397	942.628	516
943.629	1268	943.629	886	943.629	1107
944.63	2083	944.63	1657	944.63	1932
945.63	2768	945.63	2488	945.63	2684
946.631	2964	946.631	2964	946.631	2964
947.632	2572	947.632	2805	947.632	2621
948.632	1836	948.632	2132	948.632	1885
949.633	1123	949.633	1345	949.633	1146
950.634	645	950.634	764	950.634	647
951.634	407	951.634	459	951.634	404
952.635	321	952.635	343	952.635	325
953.636	308	953.636	318	953.636	322
954.636	320	954.636	324	954.636	340
955.637	333	955.637	335	955.637	349
956.638	341	956.638	342	956.638	348
957.638	347	957.638	348	957.638	344
958.639	356	958.639	353	958.639	346
959.64	366	959.64	354	959.64	350
960.64	369	960.64	346	960.64	348
961.641	358	961.641	326	961.641	335
962.642	334	962.642	297	962.642	312
963.642	301	963.642	263	963.642	281
964.643	265	964.643	228	964.643	247
965.644	190	965.644	194	965.644	213
966.644	156	966.644	162	966.644	180
967.645	128	967.645	133	967.645	149
968.646	105	968.646	110	968.646	121
969.646	87	969.646	93	969.646	97
970.647	75	970.647	79	970.647	78
971.648	66	971.648	69	971.648	65
972.648	61	972.648	66	972.648	61
973.649	58	973.649	62	973.649	57
974.65	56	974.65	58	974.65	51
975.65	55	975.65	55	975.65	47
976.651	54	976.651	55	976.651	45
977.652	53	977.652	55	977.652	44
978.652	50	978.652	54	978.652	44
979.653	45	979.653	51	979.653	42
980.654	40	980.654	45	980.654	38
981.654	36	981.654	40	981.654	33
982.655	32	982.655	36	982.655	27
983.656	29	983.656	34	983.656	22
984.656	27	984.656	32	984.656	19
985.657	25	985.657	30	985.657	17
986.658	25	986.658	29	986.658	16
987.658	24	987.658	28	987.658	15
988.659	23	988.659	28	988.659	14
989.66	22	989.66	28	989.66	13
990.66	21	990.66	28	990.66	12
991.661	19	991.661	27	991.661	10
992.662	18	992.662	26	992.662	8
993.662	18	993.662	24	993.662	6
994.663	17	994.663	23	994.663	5
995.664	17	995.664	22	995.664	3
996.664	16	996.664	21	996.664	2
997.665	15	997.665	19	997.665	2
998.666	13	998.666	17	998.666	2
999.666	12	999.666	15	999.666	1
1000.67	11	1000.67	13	1000.67	1
1001.67	11	1001.67	12	1001.67	0
1002.67	11	1002.67	10	1002.67	0
1003.67	13	1003.67	9	1003.67	0
1004.67	12	1004.67	8	1004.67	0
1005.67	0	1005.67	7	1005.67	0
1006.67	-1	1006.67	8	1006.67	0
1007.67	-3	1007.67	8	1007.67	0
1008.67	-3	1008.67	7	1008.67	0
1009.67	-4	1009.67	6	1009.67	0
1010.67	-5	1010.67	4	1010.67	0
1011.67	-5	1011.67	3	1011.67	0
1012.68	-6	1012.68	2	1012.68	0
1013.68	-7	1013.68	2	1013.68	0
1014.68	-8	1014.68	1	1014.68	0
1015.68	-9	1015.68	1	1015.68	0
1016.68	-9	1016.68	2	1016.68	0
1017.68	-8	1017.68	2	1017.68	0
1018.68	-8	1018.68	2	1018.68	0
1019.68	-7	1019.68	1	1019.68	0
1020.68	-7	1020.68	0	1020.68	1
1021.68	-7	1021.68	0	1021.68	1
1022.68	-7	1022.68	0	1022.68	1
1023.68	-6	1023.68	0	1023.68	0
1024.68	-6	1024.68	0	1024.68	0
1025.68	-6	1025.68	0	1025.68	0
1026.68	-6	1026.68	0	1026.68	1
1027.69	-6	1027.69	0	1027.69	2
1028.69	-5	1028.69	0	1028.69	2
1029.69	-5	1029.69	0	1029.69	3
1030.69	-4	1030.69	0	1030.69	3
1031.69	-4	1031.69	0	1031.69	3
1032.69	-4	1032.69	1	1032.69	4
1033.69	-4	1033.69	2	1033.69	5
1034.69	-5	1034.69	3	1034.69	5
1035.69	-5	1035.69	3	1035.69	5
1036.69	-4	1036.69	3	1036.69	5
1037.69	-3	1037.69	4	1037.69	4
1038.69	-2	1038.69	4	1038.69	4
1039.69	0	1039.69	4	1039.69	5
1040.69	1	1040.69	4	1040.69	0
1041.69	2	1041.69	4	1041.69	1
1042.7	3	1042.7	4	1042.7	2
1043.7	3	1043.7	4	1043.7	3
1044.7	3	1044.7	5	1044.7	5
1045.7	4	1045.7	0	1045.7	6
1046.7	5	1046.7	1	1046.7	7
1047.7	6	1047.7	2	1047.7	7
1048.7	5	1048.7	2	1048.7	8
1049.7	5	1049.7	3	1049.7	8
1050.7	4	1050.7	3	1050.7	8
1051.7	4	1051.7	3	1051.7	8
1052.7	5	1052.7	3	1052.7	8
1053.7	5	1053.7	3	1053.7	7
1054.7	6	1054.7	3	1054.7	6
1055.7	7	1055.7	2	1055.7	6
1056.7	7	1056.7	2	1056.7	6
1057.71	6	1057.71	2	1057.71	5
1058.71	5	1058.71	1	1058.71	3
1059.71	3	1059.71	0	1059.71	3
1060.71	2	1060.71	0	1060.71	3
1061.71	2	1061.71	0	1061.71	4
1062.71	1	1062.71	-1	1062.71	5
1063.71	1	1063.71	-2	1063.71	4
1064.71	0	1064.71	-2	1064.71	4
1065.71	0	1065.71	-2	1065.71	3
1066.71	0	1066.71	-1	1066.71	2
1067.71	1	1067.71	-1	1067.71	1
1068.71	1	1068.71	0	1068.71	0
1069.71	1	1069.71	0	1069.71	0
1070.71	0	1070.71	0	1070.71	0
1071.71	0	1071.71	-1	1071.71	0
1072.72	0	1072.72	-1	1072.72	-1
1073.72	1	1073.72	-1	1073.72	-1
1074.72	1	1074.72	-2	1074.72	-1
1075.72	1	1075.72	-2	1075.72	-1
1076.72	1	1076.72	-2	1076.72	-1
1077.72	1	1077.72	-1	1077.72	-1
1078.72	1	1078.72	0	1078.72	0
1079.72	1	1079.72	0	1079.72	0
1080.72	2	1080.72	0	1080.72	0
1081.72	2	1081.72	0	1081.72	0
1082.72	2	1082.72	0	1082.72	0
1083.72	1	1083.72	0	1083.72	0
1084.72	1	1084.72	-1	1084.72	0
1085.72	1	1085.72	-1	1085.72	0
1086.72	2	1086.72	-1	1086.72	0
1087.73	2	1087.73	-1	1087.73	0
1088.73	2	1088.73	0	1088.73	0
1089.73	2	1089.73	0	1089.73	0
1090.73	2	1090.73	0	1090.73	0
1091.73	2	1091.73	0	1091.73	0
1092.73	3	1092.73	0	1092.73	0
1093.73	4	1093.73	0	1093.73	0
1094.73	5	1094.73	0	1094.73	0
1095.73	6	1095.73	0	1095.73	-1
1096.73	7	1096.73	1	1096.73	-1
1097.73	7	1097.73	1	1097.73	-1
1098.73	7	1098.73	1	1098.73	0
1099.73	8	1099.73	1	1099.73	1
1100.73	9	1100.73	2	1100.73	3
1101.73	9	1101.73	3	1101.73	4
1102.74	9	1102.74	4	1102.74	6
1103.74	9	1103.74	3	1103.74	7
1104.74	10	1104.74	3	1104.74	7
1105.74	11	1105.74	3	1105.74	8
1106.74	11	1106.74	3	1106.74	8
1107.74	12	1107.74	4	1107.74	8
1108.74	12	1108.74	4	1108.74	8
1109.74	13	1109.74	4	1109.74	8
1110.74	15	1110.74	4	1110.74	8
1111.74	16	1111.74	4	1111.74	8
1112.74	16	1112.74	4	1112.74	7
1113.74	16	1113.74	4	1113.74	7
1114.74	17	1114.74	5	1114.74	7
1115.74	19	1115.74	5	1115.74	7
1116.74	21	1116.74	6	1116.74	8
1117.75	23	1117.75	7	1117.75	9
1118.75	26	1118.75	8	1118.75	11
1119.75	28	1119.75	8	1119.75	12
1120.75	30	1120.75	9	1120.75	12
1121.75	32	1121.75	9	1121.75	13
1122.75	34	1122.75	9	1122.75	15
1123.75	36	1123.75	9	1123.75	16
1124.75	38	1124.75	11	1124.75	17
1125.75	41	1125.75	12	1125.75	18
1126.75	45	1126.75	15	1126.75	18
1127.75	49	1127.75	17	1127.75	20
1128.75	55	1128.75	20	1128.75	23
1129.75	60	1129.75	22	1129.75	28
1130.75	64	1130.75	24	1130.75	37
1131.75	68	1131.75	24	1131.75	42
1132.76	72	1132.76	24	1132.76	47
1133.76	76	1133.76	25	1133.76	58
1134.76	79	1134.76	25	1134.76	65
1135.76	83	1135.76	26	1135.76	67
1136.76	88	1136.76	28	1136.76	65
1137.76	94	1137.76	29	1137.76	61
1138.76	99	1138.76	31	1138.76	58
1139.76	103	1139.76	33	1139.76	57
1140.76	107	1140.76	34	1140.76	56
1141.76	112	1141.76	36	1141.76	56
1142.76	119	1142.76	37	1142.76	55
1143.76	126	1143.76	39	1143.76	55
1144.76	133	1144.76	41	1144.76	56
1145.76	140	1145.76	43	1145.76	57
1146.76	147	1146.76	45	1146.76	59
1147.77	155	1147.77	47	1147.77	60
1148.77	162	1148.77	48	1148.77	63
1149.77	169	1149.77	49	1149.77	65
1150.77	177	1150.77	52	1150.77	68
1151.77	184	1151.77	55	1151.77	70
1152.77	192	1152.77	58	1152.77	73
1153.77	199	1153.77	60	1153.77	78
1154.77	206	1154.77	62	1154.77	82
1155.77	215	1155.77	65	1155.77	87
1156.77	235	1156.77	68	1156.77	92
1157.77	245	1157.77	72	1157.77	97
1158.77	257	1158.77	75	1158.77	103
1159.77	270	1159.77	79	1159.77	115
1160.77	284	1160.77	84	1160.77	121
1161.77	299	1161.77	90	1161.77	128
1162.78	317	1162.78	96	1162.78	137
1163.78	337	1163.78	102	1163.78	146
1164.78	359	1164.78	108	1164.78	157
1165.78	381	1165.78	114	1165.78	168
1166.78	404	1166.78	121	1166.78	180
1167.78	429	1167.78	127	1167.78	193
1168.78	457	1168.78	135	1168.78	206
1169.78	486	1169.78	145	1169.78	218
1170.78	515	1170.78	155	1170.78	229
1171.78	546	1171.78	165	1171.78	239
1172.78	578	1172.78	175	1172.78	248
1173.78	610	1173.78	184	1173.78	257
1174.78	643	1174.78	192	1174.78	266
1175.78	674	1175.78	199	1175.78	273
1176.78	705	1176.78	207	1176.78	279
1177.79	732	1177.79	215	1177.79	281
1178.79	756	1178.79	221	1178.79	283
1179.79	778	1179.79	225	1179.79	284
1180.79	798	1180.79	229	1180.79	285
1181.79	815	1181.79	233	1181.79	285
1182.79	828	1182.79	235	1182.79	284
1183.79	838	1183.79	235	1183.79	281
1184.79	845	1184.79	232	1184.79	276
1185.79	847	1185.79	230	1185.79	269
1186.79	846	1186.79	228	1186.79	259
1187.79	841	1187.79	225	1187.79	250
1188.79	835	1188.79	222	1188.79	242
1189.79	827	1189.79	216	1189.79	235
1190.79	817	1190.79	210	1190.79	227
1191.79	804	1191.79	204	1191.79	218
1192.8	787	1192.8	198	1192.8	210
1193.8	768	1193.8	191	1193.8	201
1194.8	722	1194.8	183	1194.8	192
1195.8	697	1195.8	175	1195.8	182
1196.8	672	1196.8	167	1196.8	173
1197.8	646	1197.8	162	1197.8	169
1198.8	620	1198.8	158	1198.8	165
1199.8	596	1199.8	150	1199.8	157
1200.8	570	1200.8	143	1200.8	149
1201.8	545	1201.8	138	1201.8	141
1202.8	520	1202.8	132	1202.8	134
1203.8	497	1203.8	126	1203.8	127
1204.8	473	1204.8	120	1204.8	119
1205.8	449	1205.8	113	1205.8	113
1206.8	428	1206.8	107	1206.8	106
1207.81	409	1207.81	100	1207.81	99
1208.81	390	1208.81	94	1208.81	93
1209.81	371	1209.81	88	1209.81	88
1210.81	352	1210.81	82	1210.81	84
1211.81	334	1211.81	78	1211.81	80
1212.81	318	1212.81	74	1212.81	75
1213.81	303	1213.81	70	1213.81	71
1214.81	288	1214.81	66	1214.81	67
1215.81	274	1215.81	62	1215.81	63
1216.81	261	1216.81	58	1216.81	60
1217.81	248	1217.81	54	1217.81	56
1218.81	235	1218.81	50	1218.81	52
1219.81	221	1219.81	45	1219.81	49
1220.81	209	1220.81	42	1220.81	46
1221.81	198	1221.81	40	1221.81	43
1222.82	189	1222.82	38	1222.82	40
1223.82	180	1223.82	37	1223.82	38
1224.82	172	1224.82	35	1224.82	36
1225.82	164	1225.82	34	1225.82	34
1226.82	157	1226.82	32	1226.82	32
1227.82	151	1227.82	31	1227.82	31
1228.82	145	1228.82	31	1228.82	30
1229.82	139	1229.82	29	1229.82	30
1230.82	133	1230.82	27	1230.82	30
1231.82	126	1231.82	24	1231.82	29
1232.82	118	1232.82	22	1232.82	27
1233.82	106	1233.82	20	1233.82	24
1234.82	100	1234.82	18	1234.82	21
1235.82	96	1235.82	17	1235.82	19
1236.82	93	1236.82	15	1236.82	18
1237.83	89	1237.83	13	1237.83	17
1238.83	84	1238.83	13	1238.83	16
1239.83	80	1239.83	12	1239.83	16
1240.83	76	1240.83	11	1240.83	17
1241.83	73	1241.83	9	1241.83	18
1242.83	70	1242.83	7	1242.83	19
1243.83	65	1243.83	7	1243.83	19
1244.83	61	1244.83	7	1244.83	18
1245.83	56	1245.83	6	1245.83	16
1246.83	53	1246.83	6	1246.83	15
1247.83	50	1247.83	6	1247.83	13
1248.83	48	1248.83	5	1248.83	12
1249.83	46	1249.83	5	1249.83	11
1250.83	43	1250.83	4	1250.83	11
1251.83	41	1251.83	4	1251.83	10
1252.84	39	1252.84	3	1252.84	10
1253.84	37	1253.84	3	1253.84	9
1254.84	36	1254.84	3	1254.84	9
1255.84	34	1255.84	2	1255.84	10
1256.84	32	1256.84	1	1256.84	10
1257.84	31	1257.84	1	1257.84	11
1258.84	30	1258.84	1	1258.84	11
1259.84	28	1259.84	2	1259.84	11
1260.84	26	1260.84	3	1260.84	10
1261.84	25	1261.84	3	1261.84	9
1262.84	24	1262.84	3	1262.84	9
1263.84	23	1263.84	3	1263.84	9
1264.84	22	1264.84	3	1264.84	9
1265.84	22	1265.84	3	1265.84	10
1266.84	22	1266.84	3	1266.84	10
1267.85	21	1267.85	2	1267.85	10
1268.85	19	1268.85	2	1268.85	10
1269.85	17	1269.85	2	1269.85	10
1270.85	16	1270.85	2	1270.85	10
1271.85	17	1271.85	1	1271.85	10
1272.85	16	1272.85	1	1272.85	9
1273.85	15	1273.85	0	1273.85	8
1274.85	15	1274.85	1	1274.85	7
1275.85	16	1275.85	1	1275.85	6
1276.85	17	1276.85	1	1276.85	6
1277.85	17	1277.85	1	1277.85	6
1278.85	16	1278.85	0	1278.85	7
1279.85	15	1279.85	-1	1279.85	7
1280.85	14	1280.85	-1	1280.85	7
1281.85	13	1281.85	-1	1281.85	7
1282.86	12	1282.86	-1	1282.86	7
1283.86	12	1283.86	-1	1283.86	7
1284.86	12	1284.86	0	1284.86	6
1285.86	12	1285.86	0	1285.86	6
1286.86	13	1286.86	-1	1286.86	5
1287.86	13	1287.86	-2	1287.86	5
1288.86	12	1288.86	-2	1288.86	6
1289.86	12	1289.86	-1	1289.86	6
1290.86	12	1290.86	-2	1290.86	6
1291.86	13	1291.86	-2	1291.86	6
1292.86	13	1292.86	-1	1292.86	6
1293.86	13	1293.86	0	1293.86	6
1294.86	12	1294.86	0	1294.86	6
1295.86	12	1295.86	0	1295.86	6
1296.86	12	1296.86	0	1296.86	5
1297.87	12	1297.87	0	1297.87	5
1298.87	12	1298.87	0	1298.87	5
1299.87	11	1299.87	0	1299.87	5
1300.87	11	1300.87	0	1300.87	4
1301.87	11	1301.87	0	1301.87	4
1302.87	10	1302.87	0	1302.87	4
1303.87	9	1303.87	0	1303.87	5
1304.87	9	1304.87	0	1304.87	5
1305.87	9	1305.87	0	1305.87	5
1306.87	9	1306.87	0	1306.87	4
1307.87	9	1307.87	0	1307.87	3
1308.87	10	1308.87	-1	1308.87	3
1309.87	11	1309.87	-1	1309.87	2
1310.87	10	1310.87	-2	1310.87	1
1311.87	10	1311.87	-2	1311.87	0
1312.88	10	1312.88	-2	1312.88	1
1313.88	10	1313.88	-2	1313.88	1
1314.88	10	1314.88	-2	1314.88	1
1315.88	11	1315.88	-2	1315.88	1
1316.88	11	1316.88	-2	1316.88	2
1317.88	11	1317.88	-2	1317.88	1
1318.88	11	1318.88	-2	1318.88	1
1319.88	10	1319.88	-3	1319.88	0
1320.88	10	1320.88	-3	1320.88	0
1321.88	10	1321.88	-3	1321.88	1
1322.88	10	1322.88	-3	1322.88	1
1323.88	9	1323.88	-3	1323.88	1
1324.88	10	1324.88	-2	1324.88	1
1325.88	11	1325.88	-2	1325.88	2
1326.88	12	1326.88	-3	1326.88	2
1327.89	13	1327.89	-3	1327.89	2
1328.89	14	1328.89	-3	1328.89	1
1329.89	14	1329.89	-3	1329.89	0
1330.89	13	1330.89	-4	1330.89	0
1331.89	13	1331.89	-4	1331.89	0
1332.89	14	1332.89	-4	1332.89	0
1333.89	14	1333.89	-3	1333.89	0
1334.89	15	1334.89	-3	1334.89	-1
1335.89	16	1335.89	-3	1335.89	-2
1336.89	18	1336.89	-3	1336.89	-2
1337.89	19	1337.89	-2	1337.89	-2
1338.89	20	1338.89	-2	1338.89	-2
1339.89	20	1339.89	-2	1339.89	-2
1340.89	21	1340.89	-2	1340.89	-3
1341.89	22	1341.89	-2	1341.89	-3
1342.9	23	1342.9	-2	1342.9	-3
1343.9	23	1343.9	-3	1343.9	-2
1344.9	23	1344.9	-3	1344.9	-2
1345.9	24	1345.9	-3	1345.9	-1
1346.9	24	1346.9	-3	1346.9	0
1347.9	26	1347.9	-3	1347.9	0
1348.9	27	1348.9	-3	1348.9	0
1349.9	28	1349.9	-3	1349.9	0
1350.9	30	1350.9	-3	1350.9	0
1351.9	32	1351.9	-3	1351.9	0
1352.9	34	1352.9	-3	1352.9	0
1353.9	35	1353.9	-2	1353.9	0
1354.9	36	1354.9	-2	1354.9	0
1355.9	38	1355.9	-2	1355.9	1
1356.9	40	1356.9	-2	1356.9	1
1357.91	43	1357.91	-3	1357.91	1
1358.91	45	1358.91	-4	1358.91	1
1359.91	46	1359.91	-2	1359.91	1
1360.91	48	1360.91	-1	1360.91	1
1361.91	50	1361.91	0	1361.91	2
1362.91	53	1362.91	0	1362.91	3
1363.91	55	1363.91	0	1363.91	4
1364.91	56	1364.91	0	1364.91	6
1365.91	58	1365.91	0	1365.91	7
1366.91	60	1366.91	-1	1366.91	7
1367.91	62	1367.91	-1	1367.91	7
1368.91	65	1368.91	-1	1368.91	7
1369.91	68	1369.91	0	1369.91	6
1370.91	70	1370.91	1	1370.91	5
1371.91	71	1371.91	2	1371.91	4
1372.92	73	1372.92	2	1372.92	3
1373.92	75	1373.92	2	1373.92	2
1374.92	76	1374.92	2	1374.92	1
1375.92	78	1375.92	2	1375.92	1
1376.92	80	1376.92	2	1376.92	1
1377.92	82	1377.92	2	1377.92	1
1378.92	84	1378.92	2	1378.92	1
1379.92	86	1379.92	3	1379.92	0
1380.92	87	1380.92	3	1380.92	0
1381.92	89	1381.92	2	1381.92	0
1382.92	90	1382.92	2	1382.92	0
1383.92	90	1383.92	1	1383.92	1
1384.92	90	1384.92	1	1384.92	1
1385.92	90	1385.92	1	1385.92	1
1386.92	91	1386.92	0	1386.92	0
1387.93	92	1387.93	0	1387.93	0
1388.93	93	1388.93	-1	1388.93	0
1389.93	93	1389.93	-1	1389.93	-1
1390.93	93	1390.93	-1	1390.93	-1
1391.93	92	1391.93	0	1391.93	-1
1392.93	92	1392.93	0	1392.93	-2
1393.93	93	1393.93	0	1393.93	-2
1394.93	92	1394.93	-2	1394.93	-2
1395.93	92	1395.93	-2	1395.93	-2
1396.93	92	1396.93	-3	1396.93	-2
1397.93	91	1397.93	-3	1397.93	-2
1398.93	91	1398.93	-2	1398.93	-2
1399.93	89	1399.93	-1	1399.93	-2
1400.93	89	1400.93	-1	1400.93	-1
1401.93	89	1401.93	-1	1401.93	0
1402.94	89	1402.94	-1	1402.94	0
1403.94	89	1403.94	0	1403.94	1
1404.94	89	1404.94	0	1404.94	1
1405.94	88	1405.94	0	1405.94	1
1406.94	88	1406.94	1	1406.94	1
1407.94	88	1407.94	1	1407.94	1
1408.94	88	1408.94	1	1408.94	2
1409.94	88	1409.94	1	1409.94	2
1410.94	88	1410.94	1	1410.94	3
1411.94	87	1411.94	1	1411.94	3
1412.94	87	1412.94	1	1412.94	3
1413.94	87	1413.94	1	1413.94	3
1414.94	88	1414.94	0	1414.94	2
1415.94	89	1415.94	0	1415.94	2
1416.94	89	1416.94	0	1416.94	3
1417.95	89	1417.95	0	1417.95	3
1418.95	89	1418.95	0	1418.95	3
1419.95	90	1419.95	0	1419.95	3
1420.95	90	1420.95	0	1420.95	3
1421.95	90	1421.95	0	1421.95	3
1422.95	89	1422.95	0	1422.95	2
1423.95	89	1423.95	0	1423.95	1
1424.95	89	1424.95	-1	1424.95	1
1425.95	89	1425.95	-2	1425.95	1
1426.95	90	1426.95	-3	1426.95	0
1427.95	92	1427.95	-3	1427.95	0
1428.95	93	1428.95	-2	1428.95	0
1429.95	94	1429.95	0	1429.95	0
1430.95	93	1430.95	1	1430.95	0
1431.95	92	1431.95	1	1431.95	1
1432.96	91	1432.96	-1	1432.96	1
1433.96	92	1433.96	-1	1433.96	2
1434.96	93	1434.96	-1	1434.96	2
1435.96	94	1435.96	0	1435.96	1
1436.96	93	1436.96	1	1436.96	1
1437.96	92	1437.96	1	1437.96	1
1438.96	91	1438.96	0	1438.96	1
1439.96	91	1439.96	-1	1439.96	1
1440.96	92	1440.96	-1	1440.96	0
1441.96	93	1441.96	-1	1441.96	1
1442.96	94	1442.96	0	1442.96	0
1443.96	94	1443.96	0	1443.96	0
1444.96	93	1444.96	-1	1444.96	-1
1445.96	93	1445.96	-2	1445.96	-1
1446.96	93	1446.96	-2	1446.96	-2
1447.97	94	1447.97	-1	1447.97	-2
1448.97	94	1448.97	-1	1448.97	-2
1449.97	94	1449.97	-1	1449.97	-2
1450.97	93	1450.97	-2	1450.97	-1
1451.97	92	1451.97	-2	1451.97	0
1452.97	92	1452.97	-2	1452.97	0
1453.97	90	1453.97	-2	1453.97	-1
1454.97	89	1454.97	-1	1454.97	-2
1455.97	89	1455.97	-1	1455.97	-3
1456.97	89	1456.97	-1	1456.97	-3
1457.97	88	1457.97	-1	1457.97	-2
1458.97	88	1458.97	-2	1458.97	-1
1459.97	86	1459.97	-3	1459.97	-1
1460.97	85	1460.97	-4	1460.97	-1
1461.97	85	1461.97	-4	1461.97	-1
1462.98	83	1462.98	-5	1462.98	-2
1463.98	81	1463.98	-5	1463.98	-1
1464.98	79	1464.98	-5	1464.98	-1
1465.98	79	1465.98	-5	1465.98	-2
1466.98	80	1466.98	-4	1466.98	-2
1467.98	80	1467.98	-4	1467.98	-2
1468.98	79	1468.98	-4	1468.98	-2
1469.98	78	1469.98	-4	1469.98	-2
1470.98	78	1470.98	-4	1470.98	-2
1471.98	76	1471.98	-4	1471.98	-2
1472.98	75	1472.98	-5	1472.98	-1
1473.98	73	1473.98	-5	1473.98	-1
1474.98	72	1474.98	-6	1474.98	-1
1475.98	70	1475.98	-6	1475.98	-2
1476.98	69	1476.98	-6	1476.98	-2
1477.99	67	1477.99	-6	1477.99	-3
1478.99	66	1478.99	-7	1478.99	-4
1479.99	65	1479.99	-8	1479.99	-4
1480.99	64	1480.99	-8	1480.99	-5
1481.99	64	1481.99	-8	1481.99	-5
1482.99	63	1482.99	-7	1482.99	-5
1483.99	62	1483.99	-7	1483.99	-6
1484.99	61	1484.99	-7	1484.99	-6
1485.99	59	1485.99	-8	1485.99	-6
1486.99	57	1486.99	-8	1486.99	-6
1487.99	56	1487.99	-8	1487.99	-6
1488.99	56	1488.99	-8	1488.99	-7
1489.99	55	1489.99	-8	1489.99	-6
1490.99	55	1490.99	-8	1490.99	-6
1491.99	54	1491.99	-8	1491.99	-6
1493	54	1493	-8	1493	-6
1494	53	1494	-8	1494	-6
1495	52	1495	-9	1495	-6
1496	51	1496	-10	1496	-5
1497	49	1497	-10	1497	-5
1498	48	1498	-11	1498	-5
1499	48	1499	-11	1499	-6
1500	48	1500	-12	1500	-6
1501	45	1501	-12	1501	-6
1502	44	1502	-11	1502	-6
1503	44	1503	-11	1503	-5
1504	43	1504	-10	1504	-5
1505	42	1505	-9	1505	-5
1506	41	1506	-8	1506	-5
1507	39	1507	-8	1507	-6
1508.01	39	1508.01	-9	1508.01	-5
1509.01	39	1509.01	-10	1509.01	-5
1510.01	38	1510.01	-10	1510.01	-5
1511.01	37	1511.01	-10	1511.01	-5
1512.01	35	1512.01	-10	1512.01	-5
1513.01	33	1513.01	-10	1513.01	-6
1514.01	32	1514.01	-11	1514.01	-7
1515.01	31	1515.01	-12	1515.01	-8
1516.01	31	1516.01	-13	1516.01	-8
1517.01	30	1517.01	-13	1517.01	-8
1518.01	30	1518.01	-13	1518.01	-8
1519.01	30	1519.01	-12	1519.01	-9
1520.01	30	1520.01	-12	1520.01	-9
1521.01	30	1521.01	-12	1521.01	-9
1522.01	30	1522.01	-12	1522.01	-9
1523.02	29	1523.02	-12	1523.02	-10
1524.02	28	1524.02	-12	1524.02	-10
1525.02	28	1525.02	-11	1525.02	-9
1526.02	27	1526.02	-12	1526.02	-9
1527.02	28	1527.02	-12	1527.02	-8
1528.02	27	1528.02	-12	1528.02	-8
1529.02	26	1529.02	-11	1529.02	-8
1530.02	25	1530.02	-11	1530.02	-9
1531.02	23	1531.02	-11	1531.02	-9
1532.02	23	1532.02	-13	1532.02	-8
1533.02	24	1533.02	-13	1533.02	-8
1534.02	24	1534.02	-13	1534.02	-8
1535.02	24	1535.02	-12	1535.02	-8
1536.02	24	1536.02	-13	1536.02	-9
1537.02	23	1537.02	-14	1537.02	-10
1538.03	23	1538.03	-15	1538.03	-10
1539.03	22	1539.03	-16	1539.03	-10
1540.03	22	1540.03	-16	1540.03	-10
1541.03	22	1541.03	-15	1541.03	-10
1542.03	21	1542.03	-14	1542.03	-10
1543.03	22	1543.03	-14	1543.03	-11
1544.03	21	1544.03	-14	1544.03	-11
1545.03	21	1545.03	-14	1545.03	-11
1546.03	21	1546.03	-14	1546.03	-11
1547.03	21	1547.03	-14	1547.03	-11
1548.03	22	1548.03	-15	1548.03	-12
1549.03	22	1549.03	-15	1549.03	-12
1550.03	22	1550.03	-15	1550.03	-11
1551.03	22	1551.03	-14	1551.03	-10
1552.03	21	1552.03	-14	1552.03	-10
1553.04	21	1553.04	-14	1553.04	-10
1554.04	21	1554.04	-14	1554.04	-11
1555.04	21	1555.04	-15	1555.04	-11
1556.04	22	1556.04	-15	1556.04	-11
1557.04	22	1557.04	-15	1557.04	-11
1558.04	21	1558.04	-15	1558.04	-11
1559.04	21	1559.04	-15	1559.04	-11
1560.04	21	1560.04	-16	1560.04	-11
1561.04	21	1561.04	-15	1561.04	-11
1562.04	21	1562.04	-15	1562.04	-12
1563.04	21	1563.04	-15	1563.04	-12
1564.04	21	1564.04	-15	1564.04	-12
1565.04	20	1565.04	-15	1565.04	-11
1566.04	20	1566.04	-15	1566.04	-11
1567.04	20	1567.04	-15	1567.04	-11
1568.05	21	1568.05	-15	1568.05	-11
1569.05	22	1569.05	-15	1569.05	-11
1570.05	22	1570.05	-15	1570.05	-11
1571.05	23	1571.05	-14	1571.05	-11
1572.05	24	1572.05	-13	1572.05	-11
1573.05	25	1573.05	-12	1573.05	-11
1574.05	26	1574.05	-12	1574.05	-11
1575.05	26	1575.05	-14	1575.05	-11
1576.05	25	1576.05	-15	1576.05	-11
1577.05	24	1577.05	-15	1577.05	-11
1578.05	23	1578.05	-15	1578.05	-10
1579.05	24	1579.05	-15	1579.05	-10
1580.05	24	1580.05	-15	1580.05	-10
1581.05	26	1581.05	-15	1581.05	-10
1582.05	26	1582.05	-15	1582.05	-11
1583.06	27	1583.06	-15	1583.06	-11
1584.06	27	1584.06	-16	1584.06	-11
1585.06	27	1585.06	-16	1585.06	-11
1586.06	27	1586.06	-16	1586.06	-10
1587.06	27	1587.06	-16	1587.06	-11
1588.06	27	1588.06	-15	1588.06	-11
1589.06	27	1589.06	-14	1589.06	-10
1590.06	27	1590.06	-14	1590.06	-10
1591.06	27	1591.06	-15	1591.06	-10
1592.06	26	1592.06	-16	1592.06	-10
1593.06	26	1593.06	-17	1593.06	-10
1594.06	26	1594.06	-17	1594.06	-10
1595.06	27	1595.06	-16	1595.06	-10
1596.06	27	1596.06	-15	1596.06	-11
1597.06	28	1597.06	-16	1597.06	-11
1598.07	28	1598.07	-17	1598.07	-11
1599.07	28	1599.07	-18	1599.07	-12
1600.07	27	1600.07	-18	1600.07	-12
1601.07	27	1601.07	-17	1601.07	-11
1602.07	28	1602.07	-16	1602.07	-10
1603.07	28	1603.07	-16	1603.07	-10
1604.07	28	1604.07	-16	1604.07	-11
1605.07	27	1605.07	-16	1605.07	-11
1606.07	26	1606.07	-17	1606.07	-11
1607.07	27	1607.07	-17	1607.07	-11
1608.07	28	1608.07	-17	1608.07	-11
1609.07	29	1609.07	-17	1609.07	-12
1610.07	29	1610.07	-17	1610.07	-12
1611.07	29	1611.07	-17	1611.07	-12
1612.07	29	1612.07	-17	1612.07	-12
1613.08	28	1613.08	-18	1613.08	-12
1614.08	29	1614.08	-18	1614.08	-12
1615.08	28	1615.08	-18	1615.08	-12
1616.08	27	1616.08	-18	1616.08	-12
1617.08	27	1617.08	-19	1617.08	-12
1618.08	27	1618.08	-20	1618.08	-12
1619.08	28	1619.08	-20	1619.08	-13
1620.08	28	1620.08	-20	1620.08	-13
1621.08	28	1621.08	-20	1621.08	-13
1622.08	28	1622.08	-20	1622.08	-13
1623.08	29	1623.08	-19	1623.08	-12
1624.08	29	1624.08	-18	1624.08	-12
1625.08	29	1625.08	-17	1625.08	-13
1626.08	29	1626.08	-17	1626.08	-13
1627.08	29	1627.08	-18	1627.08	-14
1628.09	29	1628.09	-18	1628.09	-14
1629.09	29	1629.09	-18	1629.09	-14
1630.09	30	1630.09	-19	1630.09	-14
1631.09	30	1631.09	-18	1631.09	-14
1632.09	29	1632.09	-18	1632.09	-14
1633.09	29	1633.09	-18	1633.09	-14
1634.09	29	1634.09	-18	1634.09	-14
1635.09	29	1635.09	-18	1635.09	-14
1636.09	29	1636.09	-18	1636.09	-14
1637.09	29	1637.09	-19	1637.09	-13
1638.09	29	1638.09	-20	1638.09	-13
1639.09	30	1639.09	-21	1639.09	-14
1640.09	31	1640.09	-21	1640.09	-14
1641.09	30	1641.09	-20	1641.09	-14
1642.09	29	1642.09	-20	1642.09	-14
1643.1	30	1643.1	-20	1643.1	-14
1644.1	31	1644.1	-20	1644.1	-14
1645.1	31	1645.1	-20	1645.1	-14
1646.1	31	1646.1	-20	1646.1	-15
1647.1	30	1647.1	-20	1647.1	-15
1648.1	29	1648.1	-21	1648.1	-15
1649.1	28	1649.1	-21	1649.1	-14
1650.1	28	1650.1	-21	1650.1	-13
1651.1	29	1651.1	-21	1651.1	-12
1652.1	32	1652.1	-20	1652.1	-12
1653.1	33	1653.1	-20	1653.1	-13
1654.1	33	1654.1	-19	1654.1	-14
1655.1	33	1655.1	-19	1655.1	-14
1656.1	34	1656.1	-19	1656.1	-15
1657.1	34	1657.1	-20	1657.1	-15
1658.11	34	1658.11	-20	1658.11	-14
1659.11	34	1659.11	-21	1659.11	-14
1660.11	34	1660.11	-21	1660.11	-12
1661.11	34	1661.11	-21	1661.11	-11
1662.11	34	1662.11	-21	1662.11	-10
1663.11	34	1663.11	-21	1663.11	-10
1664.11	34	1664.11	-20	1664.11	-10
1665.11	33	1665.11	-20	1665.11	-10
1666.11	31	1666.11	-20	1666.11	-11
1667.11	30	1667.11	-20	1667.11	-12
1668.11	31	1668.11	-21	1668.11	-12
1669.11	32	1669.11	-21	1669.11	-12
1670.11	32	1670.11	-20	1670.11	-12
1671.11	32	1671.11	-21	1671.11	-13
1672.11	31	1672.11	-22	1672.11	-14
1673.12	30	1673.12	-22	1673.12	-15
1674.12	30	1674.12	-22	1674.12	-15
1675.12	29	1675.12	-22	1675.12	-15
1676.12	29	1676.12	-22	1676.12	-15
1677.12	28	1677.12	-22	1677.12	-16
1678.12	28	1678.12	-22	1678.12	-16
1679.12	28	1679.12	-23	1679.12	-16
1680.12	28	1680.12	-23	1680.12	-16
1681.12	28	1681.12	-23	1681.12	-16
1682.12	28	1682.12	-24	1682.12	-16
1683.12	28	1683.12	-24	1683.12	-16
1684.12	29	1684.12	-23	1684.12	-17
1685.12	29	1685.12	-23	1685.12	-17
1686.12	29	1686.12	-23	1686.12	-18
1687.12	29	1687.12	-23	1687.12	-18
1688.13	29	1688.13	-23	1688.13	-17
1689.13	28	1689.13	-23	1689.13	-17
1690.13	27	1690.13	-22	1690.13	-17
1691.13	25	1691.13	-22	1691.13	-17
1692.13	25	1692.13	-22	1692.13	-16
1693.13	25	1693.13	-22	1693.13	-16
1694.13	25	1694.13	-23	1694.13	-16
1695.13	24	1695.13	-23	1695.13	-17
1696.13	23	1696.13	-24	1696.13	-17
1697.13	23	1697.13	-25	1697.13	-17
1698.13	24	1698.13	-25	1698.13	-17
1699.13	25	1699.13	-24	1699.13	-18
1700.13	25	1700.13	-24	1700.13	-18
1701.13	25	1701.13	-25	1701.13	-18
1702.13	24	1702.13	-25	1702.13	-17
1703.14	24	1703.14	-25	1703.14	-17
1704.14	24	1704.14	-24	1704.14	-17
1705.14	24	1705.14	-24	1705.14	-17
1706.14	24	1706.14	-24	1706.14	-17
1707.14	24	1707.14	-25	1707.14	-17
1708.14	24	1708.14	-25	1708.14	-17
1709.14	24	1709.14	-25	1709.14	-17
1710.14	24	1710.14	-25	1710.14	-17
1711.14	24	1711.14	-25	1711.14	-18
1712.14	25	1712.14	-25	1712.14	-18
1713.14	25	1713.14	-25	1713.14	-18
1714.14	25	1714.14	-24	1714.14	-18
1715.14	25	1715.14	-24	1715.14	-19
1716.14	26	1716.14	-24	1716.14	-19
1717.14	26	1717.14	-24	1717.14	-18
1718.15	27	1718.15	-24	1718.15	-17
1719.15	28	1719.15	-24	1719.15	-17
1720.15	28	1720.15	-24	1720.15	-17
1721.15	28	1721.15	-24	1721.15	-17
1722.15	27	1722.15	-24	1722.15	-16
1723.15	26	1723.15	-24	1723.15	-15
1724.15	26	1724.15	-24	1724.15	-15
1725.15	26	1725.15	-24	1725.15	-15
1726.15	25	1726.15	-24	1726.15	-15
1727.15	24	1727.15	-25	1727.15	-14
1728.15	23	1728.15	-24	1728.15	-12
1729.15	22	1729.15	-25	1729.15	-12
1730.15	20	1730.15	-25	1730.15	-11
1731.15	19	1731.15	-25	1731.15	-11
1732.15	19	1732.15	-25	1732.15	-11
1733.16	18	1733.16	-24	1733.16	-10
1734.16	16	1734.16	-25	1734.16	-10
1735.16	16	1735.16	-26	1735.16	-10
1736.16	15	1736.16	-27	1736.16	-11
1737.16	15	1737.16	-28	1737.16	-11
1738.16	14	1738.16	-28	1738.16	-13
1739.16	14	1739.16	-28	1739.16	-14
1740.16	14	1740.16	-27	1740.16	-15
1741.16	15	1741.16	-27	1741.16	-15
1742.16	15	1742.16	-27	1742.16	-15
1743.16	15	1743.16	-28	1743.16	-16
1744.16	14	1744.16	-28	1744.16	-16
1745.16	14	1745.16	-28	1745.16	-17
1746.16	15	1746.16	-28	1746.16	-17
1747.16	15	1747.16	-28	1747.16	-17
1748.17	14	1748.17	-29	1748.17	-17
1749.17	14	1749.17	-29	1749.17	-17
1750.17	13	1750.17	-30	1750.17	-17
1751.17	13	1751.17	-30	1751.17	-18
1752.17	12	1752.17	-30	1752.17	-18
1753.17	12	1753.17	-29	1753.17	-18
1754.17	12	1754.17	-29	1754.17	-18
1755.17	12	1755.17	-29	1755.17	-18
1756.17	12	1756.17	-29	1756.17	-18
1757.17	12	1757.17	-29	1757.17	-17
1758.17	13	1758.17	-28	1758.17	-17
1759.17	13	1759.17	-28	1759.17	-17
1760.17	11	1760.17	-28	1760.17	-17
1761.17	10	1761.17	-28	1761.17	-18
1762.17	10	1762.17	-28	1762.17	-18
1763.18	10	1763.18	-28	1763.18	-19
1764.18	11	1764.18	-28	1764.18	-18
1765.18	11	1765.18	-28	1765.18	-18
1766.18	11	1766.18	-28	1766.18	-18
1767.18	12	1767.18	-29	1767.18	-19
1768.18	12	1768.18	-29	1768.18	-19
1769.18	12	1769.18	-29	1769.18	-19
1770.18	12	1770.18	-28	1770.18	-18
1771.18	12	1771.18	-28	1771.18	-17
1772.18	12	1772.18	-28	1772.18	-17
1773.18	12	1773.18	-29	1773.18	-16
1774.18	11	1774.18	-29	1774.18	-16
1775.18	10	1775.18	-29	1775.18	-16
1776.18	10	1776.18	-29	1776.18	-16
1777.18	10	1777.18	-28	1777.18	-17
1778.19	11	1778.19	-28	1778.19	-17
1779.19	11	1779.19	-27	1779.19	-17
1780.19	11	1780.19	-28	1780.19	-16
1781.19	11	1781.19	-28	1781.19	-15
1782.19	10	1782.19	-29	1782.19	-15
1783.19	10	1783.19	-30	1783.19	-15
1784.19	9	1784.19	-30	1784.19	-15
1785.19	9	1785.19	-30	1785.19	-15
1786.19	9	1786.19	-30	1786.19	-16
1787.19	10	1787.19	-31	1787.19	-16
1788.19	11	1788.19	-31	1788.19	-16
1789.19	11	1789.19	-31	1789.19	-16
1790.19	10	1790.19	-30	1790.19	-16
1791.19	9	1791.19	-31	1791.19	-15
1792.19	8	1792.19	-31	1792.19	-15
1793.2	7	1793.2	-32	1793.2	-16
1794.2	7	1794.2	-32	1794.2	-17
1795.2	8	1795.2	-32	1795.2	-17
1796.2	9	1796.2	-31	1796.2	-17
1797.2	9	1797.2	-31	1797.2	-17
1798.2	9	1798.2	-31	1798.2	-17
1799.2	8	1799.2	-32	1799.2	-18
1800.2	8	1800.2	-32	1800.2	-18
1801.2	9	1801.2	-32	1801.2	-18
1802.2	9	1802.2	-32	1802.2	-18
1803.2	10	1803.2	-32	1803.2	-18
1804.2	9	1804.2	-32	1804.2	-19
1805.2	9	1805.2	-32	1805.2	-20
1806.2	9	1806.2	-32	1806.2	-20
1807.2	9	1807.2	-32	1807.2	-20
1808.21	8	1808.21	-32	1808.21	-20
1809.21	7	1809.21	-32	1809.21	-20
1810.21	7	1810.21	-33	1810.21	-21
1811.21	7	1811.21	-33	1811.21	-20
1812.21	8	1812.21	-32	1812.21	-20
1813.21	8	1813.21	-32	1813.21	-20
1814.21	8	1814.21	-32	1814.21	-20
1815.21	9	1815.21	-31	1815.21	-20
1816.21	10	1816.21	-31	1816.21	-20
1817.21	10	1817.21	-32	1817.21	-20
1818.21	9	1818.21	-33	1818.21	-20
1819.21	9	1819.21	-33	1819.21	-20
1820.21	9	1820.21	-33	1820.21	-20
1821.21	9	1821.21	-33	1821.21	-20
1822.21	10	1822.21	-34	1822.21	-20
1823.22	10	1823.22	-33	1823.22	-20
1824.22	9	1824.22	-33	1824.22	-20
1825.22	9	1825.22	-32	1825.22	-20
1826.22	9	1826.22	-32	1826.22	-20
1827.22	8	1827.22	-33	1827.22	-20
1828.22	8	1828.22	-33	1828.22	-19
1829.22	8	1829.22	-34	1829.22	-18
1830.22	8	1830.22	-34	1830.22	-18
1831.22	9	1831.22	-34	1831.22	-18
1832.22	8	1832.22	-35	1832.22	-18
1833.22	8	1833.22	-35	1833.22	-18
1834.22	8	1834.22	-35	1834.22	-17
1835.22	8	1835.22	-35	1835.22	-16
1836.22	8	1836.22	-34	1836.22	-16
1837.22	8	1837.22	-34	1837.22	-17
1838.23	8	1838.23	-34	1838.23	-17
1839.23	8	1839.23	-34	1839.23	-17
1840.23	8	1840.23	-33	1840.23	-17
1841.23	8	1841.23	-33	1841.23	-16
1842.23	7	1842.23	-33	1842.23	-16
1843.23	7	1843.23	-34	1843.23	-17
1844.23	6	1844.23	-35	1844.23	-17
1845.23	6	1845.23	-35	1845.23	-17
1846.23	6	1846.23	-34	1846.23	-17
1847.23	6	1847.23	-34	1847.23	-17
1848.23	6	1848.23	-34	1848.23	-18
1849.23	6	1849.23	-34	1849.23	-18
1850.23	6	1850.23	-34	1850.23	-18
1851.23	6	1851.23	-34	1851.23	-18
1852.23	7	1852.23	-34	1852.23	-18
1853.24	7	1853.24	-34	1853.24	-18
1854.24	7	1854.24	-33	1854.24	-18
1855.24	7	1855.24	-33	1855.24	-19
1856.24	6	1856.24	-34	1856.24	-19
1857.24	5	1857.24	-35	1857.24	-20
1858.24	4	1858.24	-36	1858.24	-20
1859.24	4	1859.24	-36	1859.24	-21
1860.24	5	1860.24	-36	1860.24	-21
1861.24	5	1861.24	-36	1861.24	-21
1862.24	6	1862.24	-36	1862.24	-21
1863.24	6	1863.24	-36	1863.24	-21
1864.24	6	1864.24	-36	1864.24	-21
1865.24	5	1865.24	-36	1865.24	-22
1866.24	5	1866.24	-37	1866.24	-23
1867.24	4	1867.24	-37	1867.24	-23
1868.25	4	1868.25	-37	1868.25	-24
1869.25	4	1869.25	-37	1869.25	-24
1870.25	3	1870.25	-37	1870.25	-24
1871.25	3	1871.25	-38	1871.25	-23
1872.25	4	1872.25	-38	1872.25	-23
1873.25	4	1873.25	-39	1873.25	-24
1874.25	4	1874.25	-39	1874.25	-24
1875.25	4	1875.25	-39	1875.25	-24
1876.25	4	1876.25	-38	1876.25	-24
1877.25	4	1877.25	-37	1877.25	-24
1878.25	3	1878.25	-36	1878.25	-24
1879.25	2	1879.25	-36	1879.25	-24
1880.25	2	1880.25	-36	1880.25	-24
1881.25	2	1881.25	-37	1881.25	-24
1882.25	3	1882.25	-38	1882.25	-23
1883.26	4	1883.26	-38	1883.26	-23
1884.26	3	1884.26	-37	1884.26	-25
1885.26	2	1885.26	-37	1885.26	-26
1886.26	2	1886.26	-38	1886.26	-26
1887.26	2	1887.26	-38	1887.26	-25
1888.26	2	1888.26	-38	1888.26	-24
1889.26	3	1889.26	-38	1889.26	-24
1890.26	2	1890.26	-38	1890.26	-24
1891.26	2	1891.26	-38	1891.26	-24
1892.26	2	1892.26	-37	1892.26	-24
1893.26	1	1893.26	-36	1893.26	-25
1894.26	2	1894.26	-36	1894.26	-25
1895.26	2	1895.26	-36	1895.26	-25
1896.26	3	1896.26	-36	1896.26	-25
1897.26	3	1897.26	-36	1897.26	-24
1898.27	2	1898.27	-36	1898.27	-24
1899.27	2	1899.27	-36	1899.27	-25
1900.27	1	1900.27	-37	1900.27	-27
1901.27	1	1901.27	-38	1901.27	-27
1902.27	1	1902.27	-39	1902.27	-27
1903.27	1	1903.27	-38	1903.27	-26
1904.27	0	1904.27	-38	1904.27	-25
1905.27	-1	1905.27	-38	1905.27	-24
1906.27	0	1906.27	-39	1906.27	-24
1907.27	1	1907.27	-40	1907.27	-24
1908.27	2	1908.27	-40	1908.27	-25
1909.27	2	1909.27	-40	1909.27	-25
1910.27	2	1910.27	-39	1910.27	-25
1911.27	2	1911.27	-39	1911.27	-25
1912.27	1	1912.27	-39	1912.27	-25
1913.28	2	1913.28	-39	1913.28	-25
1914.28	2	1914.28	-39	1914.28	-24
1915.28	3	1915.28	-39	1915.28	-24
1916.28	2	1916.28	-39	1916.28	-23
1917.28	1	1917.28	-40	1917.28	-22
1918.28	0	1918.28	-40	1918.28	-22
1919.28	-1	1919.28	-41	1919.28	-22
1920.28	-1	1920.28	-42	1920.28	-22
1921.28	1	1921.28	-42	1921.28	-22
1922.28	1	1922.28	-42	1922.28	-23
1923.28	0	1923.28	-42	1923.28	-23
1924.28	-1	1924.28	-41	1924.28	-24
1925.28	-1	1925.28	-41	1925.28	-24
1926.28	-1	1926.28	-40	1926.28	-24
1927.28	0	1927.28	-40	1927.28	-25
1928.29	1	1928.29	-41	1928.29	-24
1929.29	2	1929.29	-41	1929.29	-24
1930.29	2	1930.29	-41	1930.29	-24
1931.29	1	1931.29	-41	1931.29	-24
1932.29	0	1932.29	-41	1932.29	-25
1933.29	0	1933.29	-41	1933.29	-25
1934.29	0	1934.29	-43	1934.29	-24
1935.29	1	1935.29	-43	1935.29	-23
1936.29	2	1936.29	-44	1936.29	-23
1937.29	3	1937.29	-44	1937.29	-24
1938.29	2	1938.29	-45	1938.29	-24
1939.29	1	1939.29	-45	1939.29	-25
1940.29	0	1940.29	-44	1940.29	-25
1941.29	-1	1941.29	-43	1941.29	-25
1942.29	-1	1942.29	-42	1942.29	-24
1943.3	0	1943.3	-42	1943.3	-25
1944.3	0	1944.3	-43	1944.3	-25
1945.3	0	1945.3	-44	1945.3	-26
1946.3	0	1946.3	-45	1946.3	-26
1947.3	0	1947.3	-44	1947.3	-25
1948.3	1	1948.3	-44	1948.3	-25
1949.3	2	1949.3	-43	1949.3	-25
1950.3	2	1950.3	-44	1950.3	-25
1951.3	1	1951.3	-44	1951.3	-25
1952.3	0	1952.3	-44	1952.3	-25
1953.3	-1	1953.3	-44	1953.3	-25
1954.3	-1	1954.3	-44	1954.3	-25
1955.3	-1	1955.3	-44	1955.3	-25
1956.3	0	1956.3	-44	1956.3	-26
1957.3	0	1957.3	-44	1957.3	-25
1958.31	0	1958.31	-44	1958.31	-25
1959.31	0	1959.31	-43	1959.31	-25
1960.31	-1	1960.31	-43	1960.31	-25
1961.31	-1	1961.31	-43	1961.31	-26
1962.31	-2	1962.31	-44	1962.31	-26
1963.31	-2	1963.31	-45	1963.31	-26
1964.31	-2	1964.31	-46	1964.31	-25
1965.31	0	1965.31	-46	1965.31	-25
1966.31	1	1966.31	-46	1966.31	-25
1967.31	1	1967.31	-46	1967.31	-26
1968.31	1	1968.31	-45	1968.31	-26
1969.31	0	1969.31	-46	1969.31	-27
1970.31	0	1970.31	-46	1970.31	-27
1971.31	0	1971.31	-46	1971.31	-27
1972.31	1	1972.31	-46	1972.31	-27
1973.32	1	1973.32	-46	1973.32	-27
1974.32	0	1974.32	-46	1974.32	-26
1975.32	0	1975.32	-46	1975.32	-26
1976.32	0	1976.32	-46	1976.32	-25
1977.32	0	1977.32	-46	1977.32	-25
1978.32	0	1978.32	-46	1978.32	-25
1979.32	0	1979.32	-46	1979.32	-25
1980.32	-1	1980.32	-46	1980.32	-26
1981.32	-1	1981.32	-47	1981.32	-26
1982.32	-1	1982.32	-48	1982.32	-26
1983.32	-1	1983.32	-48	1983.32	-26
1984.32	0	1984.32	-47	1984.32	-25
1985.32	0	1985.32	-47	1985.32	-25
1986.32	0	1986.32	-47	1986.32	-25
1987.32	0	1987.32	-46	1987.32	-25
1988.33	1	1988.33	-46	1988.33	-26
1989.33	1	1989.33	-46	1989.33	-26
1990.33	2	1990.33	-46	1990.33	-26
1991.33	1	1991.33	-47	1991.33	-26
1992.33	1	1992.33	-46	1992.33	-26
1993.33	0	1993.33	-46	1993.33	-26
1994.33	-1	1994.33	-46	1994.33	-27
1995.33	-2	1995.33	-47	1995.33	-27
1996.33	-2	1996.33	-48	1996.33	-27
1997.33	-2	1997.33	-48	1997.33	-27
1998.33	-1	1998.33	-48	1998.33	-27
1999.33	0	1999.33	-47	1999.33	-26
2000.33	1	2000.33	-47	2000.33	-26
2001.33	1	2001.33	-47	2001.33	-26
2002.33	0	2002.33	-46	2002.33	-25
2003.34	-1	2003.34	-46	2003.34	-25
2004.34	-1	2004.34	-45	2004.34	-24
2005.34	-1	2005.34	-45	2005.34	-25
2006.34	0	2006.34	-46	2006.34	-25
2007.34	0	2007.34	-47	2007.34	-25
2008.34	1	2008.34	-48	2008.34	-25
2009.34	1	2009.34	-48	2009.34	-25
2010.34	0	2010.34	-47	2010.34	-24
2011.34	-1	2011.34	-46	2011.34	-24
2012.34	0	2012.34	-46	2012.34	-24
2013.34	0	2013.34	-47	2013.34	-25
2014.34	1	2014.34	-48	2014.34	-25
2015.34	1	2015.34	-48	2015.34	-25
2016.34	0	2016.34	-48	2016.34	-24
2017.34	0	2017.34	-49	2017.34	-25
2018.35	0	2018.35	-49	2018.35	-25
2019.35	1	2019.35	-49	2019.35	-25
2020.35	3	2020.35	-49	2020.35	-25
2021.35	3	2021.35	-49	2021.35	-25
2022.35	2	2022.35	-48	2022.35	-25
2023.35	1	2023.35	-48	2023.35	-24
2024.35	1	2024.35	-48	2024.35	-23
2025.35	1	2025.35	-49	2025.35	-24
2026.35	2	2026.35	-49	2026.35	-24
2027.35	3	2027.35	-49	2027.35	-25
2028.35	3	2028.35	-49	2028.35	-25
2029.35	4	2029.35	-48	2029.35	-24
2030.35	3	2030.35	-49	2030.35	-23
2031.35	3	2031.35	-50	2031.35	-22
2032.35	2	2032.35	-50	2032.35	-21
2033.36	3	2033.36	-50	2033.36	-21
2034.36	4	2034.36	-49	2034.36	-21
2035.36	5	2035.36	-48	2035.36	-21
2036.36	6	2036.36	-48	2036.36	-20
2037.36	6	2037.36	-48	2037.36	-20
2038.36	6	2038.36	-49	2038.36	-20
2039.36	7	2039.36	-50	2039.36	-20
2040.36	7	2040.36	-50	2040.36	-19
2041.36	8	2041.36	-50	2041.36	-18
2042.36	8	2042.36	-50	2042.36	-18
2043.36	9	2043.36	-50	2043.36	-18
2044.36	10	2044.36	-50	2044.36	-17
2045.36	11	2045.36	-50	2045.36	-17
2046.36	12	2046.36	-50	2046.36	-17
2047.36	11	2047.36	-51	2047.36	-16
2048.37	11	2048.37	-50	2048.37	-15
2049.37	11	2049.37	-50	2049.37	-15
2050.37	10	2050.37	-51	2050.37	-14
2051.37	10	2051.37	-51	2051.37	-14
2052.37	10	2052.37	-51	2052.37	-13
2053.37	9	2053.37	-51	2053.37	-12
2054.37	9	2054.37	-50	2054.37	-11
2055.37	9	2055.37	-50	2055.37	-11
2056.37	8	2056.37	-50	2056.37	-11
2057.37	7	2057.37	-50	2057.37	-11
2058.37	7	2058.37	-50	2058.37	-11
2059.37	6	2059.37	-51	2059.37	-10
2060.37	6	2060.37	-51	2060.37	-10
2061.37	6	2061.37	-51	2061.37	-10
2062.37	6	2062.37	-51	2062.37	-9
2063.38	6	2063.38	-52	2063.38	-8
2064.38	5	2064.38	-52	2064.38	-7
2065.38	5	2065.38	-51	2065.38	-8
2066.38	4	2066.38	-51	2066.38	-8
2067.38	3	2067.38	-51	2067.38	-8
2068.38	3	2068.38	-51	2068.38	-7
2069.38	3	2069.38	-51	2069.38	-7
2070.38	3	2070.38	-51	2070.38	-7
2071.38	3	2071.38	-51	2071.38	-7
2072.38	2	2072.38	-51	2072.38	-7
2073.38	2	2073.38	-51	2073.38	-8
2074.38	2	2074.38	-51	2074.38	-8
2075.38	1	2075.38	-52	2075.38	-9
2076.38	1	2076.38	-52	2076.38	-9
2077.38	0	2077.38	-52	2077.38	-10
2078.39	0	2078.39	-51	2078.39	-11
2079.39	0	2079.39	-51	2079.39	-11
2080.39	0	2080.39	-51	2080.39	-11
2081.39	-1	2081.39	-51	2081.39	-11
2082.39	-2	2082.39	-51	2082.39	-11
2083.39	-2	2083.39	-51	2083.39	-12
2084.39	-2	2084.39	-51	2084.39	-13
2085.39	-1	2085.39	-52	2085.39	-12
2086.39	-1	2086.39	-51	2086.39	-11
2087.39	0	2087.39	-51	2087.39	-10
2088.39	-1	2088.39	-50	2088.39	-11
2089.39	-1	2089.39	-50	2089.39	-12
2090.39	0	2090.39	-50	2090.39	-12
2091.39	0	2091.39	-50	2091.39	-13
2092.39	0	2092.39	-50	2092.39	-13
2093.4	0	2093.4	-50	2093.4	-13
2094.4	-1	2094.4	-50	2094.4	-13
2095.4	-2	2095.4	-51	2095.4	-13
2096.4	-2	2096.4	-52	2096.4	-13
2097.4	-2	2097.4	-52	2097.4	-12
2098.4	-1	2098.4	-52	2098.4	-12
2099.4	0	2099.4	-51	2099.4	-12
2100.4	1	2100.4	-51	2100.4	-12
2101.4	1	2101.4	-51	2101.4	-12
2102.4	1	2102.4	-52	2102.4	-12
2103.4	0	2103.4	-52	2103.4	-12
2104.4	0	2104.4	-52	2104.4	-12
2105.4	0	2105.4	-52	2105.4	-11
2106.4	0	2106.4	-52	2106.4	-10
2107.4	1	2107.4	-53	2107.4	-9
2108.41	1	2108.41	-53	2108.41	-9
2109.41	1	2109.41	-53	2109.41	-9
2110.41	1	2110.41	-53	2110.41	-8
2111.41	0	2111.41	-54	2111.41	-7
2112.41	0	2112.41	-54	2112.41	-6
2113.41	1	2113.41	-54	2113.41	-5
2114.41	2	2114.41	-53	2114.41	-3
2115.41	2	2115.41	-52	2115.41	-2
2116.41	1	2116.41	-51	2116.41	-1
2117.41	0	2117.41	-52	2117.41	-1
2118.41	0	2118.41	-52	2118.41	-1
2119.41	0	2119.41	-52	2119.41	0
2120.41	2	2120.41	-52	2120.41	2
2121.41	3	2121.41	-51	2121.41	3
2122.41	5	2122.41	-51	2122.41	4
2123.42	6	2123.42	-51	2123.42	5
2124.42	5	2124.42	-51	2124.42	5
2125.42	5	2125.42	-52	2125.42	6
2126.42	4	2126.42	-53	2126.42	7
2127.42	4	2127.42	-53	2127.42	8
2128.42	5	2128.42	-52	2128.42	10
2129.42	6	2129.42	-51	2129.42	11
2130.42	6	2130.42	-50	2130.42	12
2131.42	7	2131.42	-49	2131.42	12
2132.42	7	2132.42	-49	2132.42	13
2133.42	6	2133.42	-49	2133.42	14
2134.42	6	2134.42	-50	2134.42	15
2135.42	6	2135.42	-51	2135.42	17
2136.42	7	2136.42	-51	2136.42	19
2137.42	8	2137.42	-51	2137.42	21
2138.43	9	2138.43	-49	2138.43	22
2139.43	9	2139.43	-48	2139.43	23
2140.43	10	2140.43	-47	2140.43	23
2141.43	11	2141.43	-47	2141.43	24
2142.43	12	2142.43	-47	2142.43	25
2143.43	12	2143.43	-48	2143.43	26
2144.43	12	2144.43	-47	2144.43	27
2145.43	12	2145.43	-47	2145.43	28
2146.43	13	2146.43	-47	2146.43	29
2147.43	14	2147.43	-47	2147.43	30
2148.43	14	2148.43	-46	2148.43	31
2149.43	15	2149.43	-45	2149.43	32
2150.43	15	2150.43	-45	2150.43	34
2151.43	14	2151.43	-44	2151.43	35
2152.43	14	2152.43	-43	2152.43	36
2153.44	15	2153.44	-43	2153.44	37
2154.44	17	2154.44	-43	2154.44	38
2155.44	18	2155.44	-43	2155.44	39
2156.44	20	2156.44	-43	2156.44	41
2157.44	21	2157.44	-42	2157.44	42
2158.44	22	2158.44	-41	2158.44	44
2159.44	22	2159.44	-40	2159.44	45
2160.44	23	2160.44	-39	2160.44	46
2161.44	24	2161.44	-38	2161.44	46
2162.44	25	2162.44	-37	2162.44	47
2163.44	26	2163.44	-37	2163.44	49
2164.44	26	2164.44	-37	2164.44	50
2165.44	27	2165.44	-36	2165.44	51
2166.44	27	2166.44	-36	2166.44	52
2167.44	27	2167.44	-35	2167.44	53
2168.45	28	2168.45	-34	2168.45	55
2169.45	30	2169.45	-34	2169.45	56
2170.45	32	2170.45	-35	2170.45	57
2171.45	33	2171.45	-34	2171.45	57
2172.45	33	2172.45	-33	2172.45	58
2173.45	34	2173.45	-31	2173.45	59
2174.45	34	2174.45	-30	2174.45	60
2175.45	34	2175.45	-29	2175.45	61
2176.45	33	2176.45	-28	2176.45	62
2177.45	33	2177.45	-27	2177.45	64
2178.45	34	2178.45	-26	2178.45	65
2179.45	35	2179.45	-26	2179.45	66
2180.45	36	2180.45	-25	2180.45	66
2181.45	36	2181.45	-24	2181.45	67
2182.45	37	2182.45	-22	2182.45	67
2183.46	38	2183.46	-21	2183.46	68
2184.46	39	2184.46	-20	2184.46	68
2185.46	40	2185.46	-20	2185.46	68
2186.46	41	2186.46	-20	2186.46	68
2187.46	41	2187.46	-19	2187.46	68
2188.46	42	2188.46	-19	2188.46	68
2189.46	43	2189.46	-19	2189.46	68
2190.46	43	2190.46	-19	2190.46	69
2191.46	44	2191.46	-19	2191.46	70
2192.46	44	2192.46	-18	2192.46	70
2193.46	46	2193.46	-16	2193.46	71
2194.46	46	2194.46	-15	2194.46	72
2195.46	46	2195.46	-14	2195.46	73
2196.46	45	2196.46	-14	2196.46	74
2197.46	45	2197.46	-12	2197.46	74
2198.47	45	2198.47	-11	2198.47	75
2199.47	46	2199.47	-10	2199.47	75
2200.47	47	2200.47	-9	2200.47	75
2201.47	48	2201.47	-9	2201.47	75
2202.47	49	2202.47	-9	2202.47	75
2203.47	50	2203.47	-7	2203.47	76
2204.47	51	2204.47	-5	2204.47	76
2205.47	52	2205.47	-4	2205.47	77
2206.47	53	2206.47	-3	2206.47	76
2207.47	54	2207.47	-3	2207.47	76
2208.47	54	2208.47	-2	2208.47	76
2209.47	54	2209.47	-1	2209.47	76
2210.47	54	2210.47	-1	2210.47	76
2211.47	55	2211.47	0	2211.47	75
2212.47	57	2212.47	0	2212.47	75
2213.48	57	2213.48	1	2213.48	74
2214.48	57	2214.48	1	2214.48	74
2215.48	55	2215.48	2	2215.48	75
2216.48	54	2216.48	4	2216.48	75
2217.48	55	2217.48	6	2217.48	75
2218.48	56	2218.48	7	2218.48	75
2219.48	57	2219.48	7	2219.48	75
2220.48	58	2220.48	7	2220.48	76
2221.48	59	2221.48	8	2221.48	77
2222.48	61	2222.48	10	2222.48	77
2223.48	62	2223.48	11	2223.48	77
2224.48	63	2224.48	12	2224.48	77
2225.48	62	2225.48	12	2225.48	77
2226.48	61	2226.48	11	2226.48	76
2227.48	58	2227.48	11	2227.48	75
2228.49	59	2228.49	11	2228.49	73
2229.49	60	2229.49	11	2229.49	71
2230.49	60	2230.49	11	2230.49	70
2231.49	60	2231.49	10	2231.49	69
2232.49	59	2232.49	10	2232.49	69
2233.49	58	2233.49	11	2233.49	69
2234.49	57	2234.49	12	2234.49	70
2235.49	58	2235.49	14	2235.49	70
2236.49	58	2236.49	14	2236.49	69
2237.49	58	2237.49	15	2237.49	69
2238.49	58	2238.49	15	2238.49	69
2239.49	60	2239.49	16	2239.49	68
2240.49	61	2240.49	17	2240.49	67
2241.49	62	2241.49	18	2241.49	66
2242.49	61	2242.49	18	2242.49	65
2243.5	59	2243.5	19	2243.5	64
2244.5	57	2244.5	18	2244.5	63
2245.5	55	2245.5	16	2245.5	62
2246.5	53	2246.5	14	2246.5	61
2247.5	52	2247.5	13	2247.5	60
2248.5	51	2248.5	13	2248.5	59
2249.5	48	2249.5	13	2249.5	58
2250.5	46	2250.5	13	2250.5	56
2251.5	44	2251.5	13	2251.5	55
2252.5	43	2252.5	13	2252.5	54
2253.5	43	2253.5	13	2253.5	54
2254.5	43	2254.5	13	2254.5	53
2255.5	42	2255.5	13	2255.5	52
2256.5	42	2256.5	13	2256.5	51
2257.51	42	2257.51	13	2257.51	52
2258.51	43	2258.51	13	2258.51	53
2259.51	44	2259.51	13	2259.51	53
2260.51	45	2260.51	14	2260.51	53
2261.51	47	2261.51	14	2261.51	53
2262.51	47	2262.51	15	2262.51	51
2263.51	47	2263.51	15	2263.51	49
2264.51	46	2264.51	14	2264.51	48
2265.51	43	2265.51	13	2265.51	47
2266.51	42	2266.51	13	2266.51	46
2267.51	42	2267.51	13	2267.51	45
2268.51	41	2268.51	13	2268.51	45
2269.51	40	2269.51	12	2269.51	45
2270.51	40	2270.51	10	2270.51	46
2271.51	39	2271.51	9	2271.51	46
2272.52	40	2272.52	9	2272.52	47
2273.52	41	2273.52	10	2273.52	47
2274.52	43	2274.52	13	2274.52	48
2275.52	44	2275.52	16	2275.52	49
2276.52	44	2276.52	17	2276.52	50
2277.52	42	2277.52	18	2277.52	50
2278.52	39	2278.52	17	2278.52	49
2279.52	37	2279.52	15	2279.52	48
2280.52	35	2280.52	14	2280.52	47
2281.52	34	2281.52	14	2281.52	47
2282.52	34	2282.52	13	2282.52	46
2283.52	34	2283.52	14	2283.52	45
2284.52	36	2284.52	15	2284.52	45
2285.52	37	2285.52	16	2285.52	44
2286.52	39	2286.52	17	2286.52	45
2287.53	40	2287.53	16	2287.53	46
2288.53	39	2288.53	15	2288.53	47
2289.53	37	2289.53	13	2289.53	48
2290.53	33	2290.53	12	2290.53	49
2291.53	30	2291.53	10	2291.53	46
2292.53	27	2292.53	8	2292.53	42
2293.53	26	2293.53	7	2293.53	38
2294.53	24	2294.53	7	2294.53	36
2295.53	23	2295.53	7	2295.53	34
2296.53	23	2296.53	6	2296.53	34
2297.53	23	2297.53	6	2297.53	34
2298.53	23	2298.53	6	2298.53	34
2299.53	21	2299.53	6	2299.53	34
2300.53	19	2300.53	7	2300.53	33
2301.53	18	2301.53	6	2301.53	33
2302.54	18	2302.54	5	2302.54	33
2303.54	19	2303.54	4	2303.54	33
2304.54	22	2304.54	3	2304.54	33
2305.54	23	2305.54	2	2305.54	34
2306.54	25	2306.54	3	2306.54	34
2307.54	26	2307.54	5	2307.54	36
2308.54	26	2308.54	7	2308.54	39
2309.54	24	2309.54	9	2309.54	40
2310.54	24	2310.54	10	2310.54	39
2311.54	26	2311.54	10	2311.54	38
2312.54	29	2312.54	9	2312.54	37
2313.54	30	2313.54	5	2313.54	39
2314.54	31	2314.54	4	2314.54	40
2315.54	31	2315.54	3	2315.54	41
2316.54	31	2316.54	3	2316.54	40
2317.55	32	2317.55	3	2317.55	39
2318.55	31	2318.55	3	2318.55	38
2319.55	29	2319.55	3	2319.55	37
2320.55	27	2320.55	3	2320.55	36
2321.55	25	2321.55	2	2321.55	35
2322.55	23	2322.55	1	2322.55	33
2323.55	21	2323.55	0	2323.55	30
2324.55	20	2324.55	0	2324.55	27
2325.55	21	2325.55	0	2325.55	25
2326.55	23	2326.55	0	2326.55	24
2327.55	27	2327.55	-1	2327.55	23
2328.55	28	2328.55	-1	2328.55	23
2329.55	29	2329.55	0	2329.55	24
2330.55	29	2330.55	3	2330.55	26
2331.55	29	2331.55	5	2331.55	29
2332.56	28	2332.56	6	2332.56	30
2333.56	26	2333.56	7	2333.56	31
2334.56	23	2334.56	7	2334.56	33
2335.56	21	2335.56	7	2335.56	34
2336.56	20	2336.56	7	2336.56	35
2337.56	20	2337.56	7	2337.56	36
2338.56	19	2338.56	7	2338.56	37
2339.56	18	2339.56	7	2339.56	35
2340.56	20	2340.56	8	2340.56	33
2341.56	23	2341.56	8	2341.56	31
2342.56	23	2342.56	8	2342.56	30
2343.56	21	2343.56	8	2343.56	29
2344.56	21	2344.56	9	2344.56	29
2345.56	20	2345.56	11	2345.56	29
2346.56	20	2346.56	15	2346.56	29
2347.57	19	2347.57	18	2347.57	29
2348.57	19	2348.57	20	2348.57	30
2349.57	20	2349.57	22	2349.57	34
2350.57	21	2350.57	27	2350.57	43
2351.57	25	2351.57	43	2351.57	69
2352.57	38	2352.57	86	2352.57	137
2353.57	80	2353.57	190	2353.57	287
2354.57	188	2354.57	403	2354.57	583
2355.57	426	2355.57	784	2355.57	1097
2356.57	873	2356.57	1377	2356.57	1892
2357.57	1590	2357.57	2184	2357.57	2976
2358.57	2566	2358.57	3131	2358.57	4261
2359.57	3669	2359.57	4063	2359.57	5550
2360.57	4643	2360.57	4772	2360.57	6571
2361.57	5202	2361.57	5065	2361.57	7069
2362.58	5176	2362.58	4854	2362.58	6915
2363.58	4607	2363.58	4211	2363.58	6162
2364.58	3698	2364.58	3327	2364.58	5019
2365.58	2700	2365.58	2415	2365.58	3764
2366.58	1812	2366.58	1628	2366.58	2629
2367.58	1137	2367.58	1036	2367.58	1736
2368.58	685	2368.58	641	2368.58	1108
2369.58	409	2369.58	397	2369.58	705
2370.58	251	2370.58	253	2370.58	462
2371.58	163	2371.58	168	2371.58	317
2372.58	111	2372.58	116	2372.58	228
2373.58	79	2373.58	84	2373.58	170
2374.58	59	2374.58	64	2374.58	133
2375.58	47	2375.58	49	2375.58	109
2376.58	38	2376.58	38	2376.58	95
2377.59	31	2377.59	30	2377.59	84
2378.59	25	2378.59	23	2378.59	73
2379.59	19	2379.59	17	2379.59	60
2380.59	10	2380.59	12	2380.59	49
2381.59	7	2381.59	7	2381.59	40
2382.59	4	2382.59	2	2382.59	34
2383.59	2	2383.59	-2	2383.59	31
2384.59	2	2384.59	-4	2384.59	29
2385.59	2	2385.59	-6	2385.59	27
2386.59	2	2386.59	-6	2386.59	25
2387.59	1	2387.59	-8	2387.59	21
2388.59	-1	2388.59	-10	2388.59	17
2389.59	-1	2389.59	-11	2389.59	14
2390.59	-3	2390.59	-12	2390.59	13
2391.59	-6	2391.59	-12	2391.59	13
2392.6	-8	2392.6	-13	2392.6	12
2393.6	-9	2393.6	-14	2393.6	10
2394.6	-8	2394.6	-16	2394.6	9
2395.6	-7	2395.6	-17	2395.6	10
2396.6	-6	2396.6	-17	2396.6	11
2397.6	-5	2397.6	-17	2397.6	12
2398.6	-5	2398.6	-18	2398.6	13
2399.6	-8	2399.6	-19	2399.6	14
2400.6	-11	2400.6	-20	2400.6	15
2401.6	-13	2401.6	-20	2401.6	15
2402.6	-13	2402.6	-20	2402.6	14
2403.6	-13	2403.6	-20	2403.6	11
2404.6	-12	2404.6	-21	2404.6	9
2405.6	-10	2405.6	-21	2405.6	6
2406.6	-10	2406.6	-20	2406.6	5
2407.61	-11	2407.61	-20	2407.61	5
2408.61	-12	2408.61	-20	2408.61	5
2409.61	-11	2409.61	-20	2409.61	3
2410.61	-10	2410.61	-19	2410.61	2
2411.61	-11	2411.61	-22	2411.61	1
2412.61	-12	2412.61	-23	2412.61	1
2413.61	-13	2413.61	-23	2413.61	1
2414.61	-13	2414.61	-23	2414.61	1
2415.61	-13	2415.61	-24	2415.61	0
2416.61	-13	2416.61	-25	2416.61	-1
2417.61	-14	2417.61	-26	2417.61	-1
2418.61	-16	2418.61	-24	2418.61	-2
2419.61	-17	2419.61	-24	2419.61	-2
2420.61	-19	2420.61	-23	2420.61	-3
2421.61	-20	2421.61	-23	2421.61	-3
2422.62	-18	2422.62	-24	2422.62	-3
2423.62	-17	2423.62	-24	2423.62	-3
2424.62	-16	2424.62	-24	2424.62	-3
2425.62	-16	2425.62	-23	2425.62	-3
2426.62	-17	2426.62	-23	2426.62	-4
2427.62	-18	2427.62	-23	2427.62	-4
2428.62	-18	2428.62	-23	2428.62	-5
2429.62	-18	2429.62	-24	2429.62	-5
2430.62	-17	2430.62	-24	2430.62	-6
2431.62	-17	2431.62	-24	2431.62	-6
2432.62	-16	2432.62	-24	2432.62	-6
2433.62	-15	2433.62	-24	2433.62	-6
2434.62	-16	2434.62	-25	2434.62	-6
2435.62	-15	2435.62	-25	2435.62	-6
2436.62	-15	2436.62	-25	2436.62	-6
2437.63	-16	2437.63	-25	2437.63	-6
2438.63	-16	2438.63	-25	2438.63	-6
2439.63	-17	2439.63	-25	2439.63	-6
2440.63	-18	2440.63	-26	2440.63	-6
2441.63	-19	2441.63	-26	2441.63	-7
2442.63	-20	2442.63	-26	2442.63	-7
2443.63	-19	2443.63	-26	2443.63	-6
2444.63	-18	2444.63	-26	2444.63	-6
2445.63	-17	2445.63	-26	2445.63	-6
2446.63	-17	2446.63	-27	2446.63	-7
2447.63	-18	2447.63	-27	2447.63	-8
2448.63	-18	2448.63	-27	2448.63	-8
2449.63	-18	2449.63	-26	2449.63	-8
2450.63	-18	2450.63	-25	2450.63	-8
2451.63	-18	2451.63	-25	2451.63	-8
2452.64	-18	2452.64	-25	2452.64	-8
2453.64	-17	2453.64	-25	2453.64	-7
2454.64	-17	2454.64	-26	2454.64	-6
2455.64	-17	2455.64	-26	2455.64	-6
2456.64	-18	2456.64	-26	2456.64	-6
2457.64	-18	2457.64	-26	2457.64	-7
2458.64	-17	2458.64	-26	2458.64	-7
2459.64	-17	2459.64	-26	2459.64	-7
2460.64	-17	2460.64	-26	2460.64	-7
2461.64	-18	2461.64	-26	2461.64	-7
2462.64	-19	2462.64	-26	2462.64	-6
2463.64	-20	2463.64	-26	2463.64	-6
2464.64	-20	2464.64	-26	2464.64	-7
2465.64	-20	2465.64	-26	2465.64	-7
2466.64	-20	2466.64	-27	2466.64	-7
2467.65	-20	2467.65	-27	2467.65	-7
2468.65	-20	2468.65	-26	2468.65	-7
2469.65	-21	2469.65	-25	2469.65	-8
2470.65	-21	2470.65	-24	2470.65	-8
2471.65	-21	2471.65	-23	2471.65	-8
2472.65	-20	2472.65	-23	2472.65	-7
2473.65	-20	2473.65	-23	2473.65	-8
2474.65	-20	2474.65	-24	2474.65	-8
2475.65	-20	2475.65	-25	2475.65	-9
2476.65	-19	2476.65	-25	2476.65	-9
2477.65	-18	2477.65	-25	2477.65	-9
2478.65	-18	2478.65	-25	2478.65	-8
2479.65	-18	2479.65	-25	2479.65	-8
2480.65	-19	2480.65	-24	2480.65	-7
2481.65	-19	2481.65	-24	2481.65	-6
2482.66	-20	2482.66	-24	2482.66	-6
2483.66	-20	2483.66	-24	2483.66	-6
2484.66	-20	2484.66	-25	2484.66	-6
2485.66	-21	2485.66	-24	2485.66	-7
2486.66	-21	2486.66	-24	2486.66	-7
2487.66	-19	2487.66	-24	2487.66	-7
2488.66	-17	2488.66	-24	2488.66	-7
2489.66	-17	2489.66	-24	2489.66	-7
2490.66	-18	2490.66	-24	2490.66	-7
2491.66	-19	2491.66	-23	2491.66	-7
2492.66	-20	2492.66	-23	2492.66	-7
2493.66	-20	2493.66	-23	2493.66	-7
2494.66	-20	2494.66	-24	2494.66	-8
2495.66	-20	2495.66	-24	2495.66	-8
2496.66	-20	2496.66	-24	2496.66	-8
2497.67	-20	2497.67	-24	2497.67	-8
2498.67	-20	2498.67	-24	2498.67	-8
2499.67	-20	2499.67	-24	2499.67	-8
2500.67	-21	2500.67	-23	2500.67	-8
2501.67	-21	2501.67	-23	2501.67	-7
2502.67	-22	2502.67	-23	2502.67	-7
2503.67	-22	2503.67	-23	2503.67	-7
2504.67	-21	2504.67	-24	2504.67	-7
2505.67	-20	2505.67	-24	2505.67	-8
2506.67	-20	2506.67	-25	2506.67	-8
2507.67	-20	2507.67	-24	2507.67	-9
2508.67	-20	2508.67	-24	2508.67	-9
2509.67	-20	2509.67	-23	2509.67	-8
2510.67	-20	2510.67	-23	2510.67	-7
2511.67	-21	2511.67	-23	2511.67	-7
2512.68	-22	2512.68	-24	2512.68	-7
2513.68	-23	2513.68	-24	2513.68	-7
2514.68	-23	2514.68	-24	2514.68	-8
2515.68	-22	2515.68	-24	2515.68	-8
2516.68	-21	2516.68	-23	2516.68	-8
2517.68	-20	2517.68	-22	2517.68	-8
2518.68	-18	2518.68	-22	2518.68	-8
2519.68	-18	2519.68	-23	2519.68	-8
2520.68	-18	2520.68	-23	2520.68	-9
2521.68	-19	2521.68	-23	2521.68	-9
2522.68	-19	2522.68	-23	2522.68	-9
2523.68	-18	2523.68	-23	2523.68	-8
2524.68	-17	2524.68	-23	2524.68	-8
2525.68	-18	2525.68	-23	2525.68	-8
2526.68	-19	2526.68	-24	2526.68	-8
2527.69	-21	2527.69	-25	2527.69	-8
2528.69	-22	2528.69	-25	2528.69	-7
2529.69	-21	2529.69	-24	2529.69	-7
2530.69	-20	2530.69	-24	2530.69	-7
2531.69	-19	2531.69	-23	2531.69	-7
2532.69	-18	2532.69	-22	2532.69	-8
2533.69	-16	2533.69	-22	2533.69	-8
2534.69	-17	2534.69	-22	2534.69	-9
2535.69	-18	2535.69	-22	2535.69	-9
2536.69	-18	2536.69	-22	2536.69	-9
2537.69	-18	2537.69	-21	2537.69	-8
2538.69	-19	2538.69	-21	2538.69	-7
2539.69	-19	2539.69	-21	2539.69	-8
2540.69	-20	2540.69	-22	2540.69	-8
2541.69	-20	2541.69	-22	2541.69	-8
2542.7	-20	2542.7	-22	2542.7	-8
2543.7	-21	2543.7	-23	2543.7	-8
2544.7	-21	2544.7	-23	2544.7	-8
2545.7	-21	2545.7	-22	2545.7	-7
2546.7	-20	2546.7	-22	2546.7	-7
2547.7	-19	2547.7	-23	2547.7	-6
2548.7	-19	2548.7	-23	2548.7	-7
2549.7	-20	2549.7	-23	2549.7	-8
2550.7	-20	2550.7	-23	2550.7	-9
2551.7	-20	2551.7	-22	2551.7	-9
2552.7	-19	2552.7	-21	2552.7	-9
2553.7	-19	2553.7	-21	2553.7	-8
2554.7	-19	2554.7	-21	2554.7	-7
2555.7	-19	2555.7	-21	2555.7	-7
2556.7	-19	2556.7	-20	2556.7	-7
2557.71	-19	2557.71	-19	2557.71	-7
2558.71	-19	2558.71	-18	2558.71	-7
2559.71	-20	2559.71	-18	2559.71	-7
2560.71	-21	2560.71	-18	2560.71	-7
2561.71	-21	2561.71	-18	2561.71	-7
2562.71	-21	2562.71	-19	2562.71	-7
2563.71	-21	2563.71	-19	2563.71	-7
2564.71	-21	2564.71	-19	2564.71	-7
2565.71	-21	2565.71	-20	2565.71	-7
2566.71	-21	2566.71	-20	2566.71	-7
2567.71	-21	2567.71	-20	2567.71	-7
2568.71	-22	2568.71	-20	2568.71	-6
2569.71	-22	2569.71	-20	2569.71	-6
2570.71	-22	2570.71	-20	2570.71	-6
2571.71	-22	2571.71	-20	2571.71	-7
2572.72	-21	2572.72	-20	2572.72	-7
2573.72	-20	2573.72	-20	2573.72	-7
2574.72	-20	2574.72	-20	2574.72	-8
2575.72	-19	2575.72	-20	2575.72	-8
2576.72	-19	2576.72	-20	2576.72	-8
2577.72	-18	2577.72	-20	2577.72	-8
2578.72	-19	2578.72	-20	2578.72	-8
2579.72	-19	2579.72	-19	2579.72	-8
2580.72	-20	2580.72	-19	2580.72	-8
2581.72	-21	2581.72	-19	2581.72	-7
2582.72	-20	2582.72	-20	2582.72	-7
2583.72	-20	2583.72	-20	2583.72	-7
2584.72	-20	2584.72	-20	2584.72	-7
2585.72	-21	2585.72	-20	2585.72	-7
2586.72	-21	2586.72	-21	2586.72	-7
2587.73	-21	2587.73	-20	2587.73	-7
2588.73	-21	2588.73	-19	2588.73	-6
2589.73	-20	2589.73	-19	2589.73	-5
2590.73	-20	2590.73	-20	2590.73	-5
2591.73	-20	2591.73	-21	2591.73	-5
2592.73	-20	2592.73	-21	2592.73	-6
2593.73	-20	2593.73	-21	2593.73	-7
2594.73	-19	2594.73	-20	2594.73	-7
2595.73	-18	2595.73	-20	2595.73	-7
2596.73	-17	2596.73	-19	2596.73	-7
2597.73	-17	2597.73	-18	2597.73	-6
2598.73	-18	2598.73	-18	2598.73	-6
2599.73	-18	2599.73	-19	2599.73	-5
2600.73	-17	2600.73	-19	2600.73	-5
2601.73	-18	2601.73	-18	2601.73	-5
2602.74	-18	2602.74	-17	2602.74	-5
2603.74	-19	2603.74	-17	2603.74	-6
2604.74	-18	2604.74	-18	2604.74	-7
2605.74	-17	2605.74	-19	2605.74	-7
2606.74	-17	2606.74	-19	2606.74	-6
2607.74	-18	2607.74	-18	2607.74	-6
2608.74	-18	2608.74	-17	2608.74	-5
2609.74	-19	2609.74	-16	2609.74	-6
2610.74	-18	2610.74	-17	2610.74	-6
2611.74	-17	2611.74	-17	2611.74	-7
2612.74	-16	2612.74	-18	2612.74	-7
2613.74	-16	2613.74	-18	2613.74	-7
2614.74	-16	2614.74	-19	2614.74	-7
2615.74	-16	2615.74	-19	2615.74	-7
2616.74	-16	2616.74	-18	2616.74	-6
2617.75	-16	2617.75	-18	2617.75	-6
2618.75	-17	2618.75	-18	2618.75	-5
2619.75	-17	2619.75	-17	2619.75	-5
2620.75	-17	2620.75	-17	2620.75	-5
2621.75	-17	2621.75	-16	2621.75	-5
2622.75	-17	2622.75	-16	2622.75	-6
2623.75	-17	2623.75	-17	2623.75	-6
2624.75	-16	2624.75	-17	2624.75	-6
2625.75	-15	2625.75	-17	2625.75	-6
2626.75	-15	2626.75	-17	2626.75	-6
2627.75	-16	2627.75	-17	2627.75	-7
2628.75	-17	2628.75	-17	2628.75	-7
2629.75	-17	2629.75	-17	2629.75	-7
2630.75	-17	2630.75	-18	2630.75	-7
2631.75	-17	2631.75	-18	2631.75	-7
2632.76	-17	2632.76	-18	2632.76	-7
2633.76	-17	2633.76	-18	2633.76	-7
2634.76	-17	2634.76	-18	2634.76	-7
2635.76	-17	2635.76	-18	2635.76	-7
2636.76	-16	2636.76	-18	2636.76	-7
2637.76	-15	2637.76	-18	2637.76	-7
2638.76	-15	2638.76	-18	2638.76	-7
2639.76	-15	2639.76	-17	2639.76	-7
2640.76	-15	2640.76	-16	2640.76	-7
2641.76	-15	2641.76	-15	2641.76	-7
2642.76	-15	2642.76	-15	2642.76	-7
2643.76	-15	2643.76	-16	2643.76	-7
2644.76	-16	2644.76	-16	2644.76	-6
2645.76	-16	2645.76	-16	2645.76	-5
2646.76	-16	2646.76	-15	2646.76	-5
2647.77	-16	2647.77	-15	2647.77	-6
2648.77	-15	2648.77	-15	2648.77	-6
2649.77	-15	2649.77	-16	2649.77	-6
2650.77	-15	2650.77	-16	2650.77	-6
2651.77	-16	2651.77	-17	2651.77	-6
2652.77	-17	2652.77	-16	2652.77	-6
2653.77	-17	2653.77	-16	2653.77	-5
2654.77	-17	2654.77	-16	2654.77	-6
2655.77	-16	2655.77	-16	2655.77	-6
2656.77	-15	2656.77	-15	2656.77	-6
2657.77	-15	2657.77	-15	2657.77	-6
2658.77	-15	2658.77	-15	2658.77	-5
2659.77	-15	2659.77	-15	2659.77	-5
2660.77	-15	2660.77	-16	2660.77	-6
2661.77	-15	2661.77	-16	2661.77	-6
2662.78	-15	2662.78	-16	2662.78	-6
2663.78	-15	2663.78	-16	2663.78	-5
2664.78	-15	2664.78	-16	2664.78	-5
2665.78	-14	2665.78	-16	2665.78	-5
2666.78	-14	2666.78	-16	2666.78	-6
2667.78	-14	2667.78	-15	2667.78	-6
2668.78	-14	2668.78	-15	2668.78	-6
2669.78	-14	2669.78	-16	2669.78	-6
2670.78	-14	2670.78	-16	2670.78	-6
2671.78	-14	2671.78	-16	2671.78	-6
2672.78	-14	2672.78	-16	2672.78	-6
2673.78	-14	2673.78	-15	2673.78	-6
2674.78	-15	2674.78	-15	2674.78	-6
2675.78	-16	2675.78	-14	2675.78	-6
2676.78	-16	2676.78	-15	2676.78	-6
2677.79	-15	2677.79	-15	2677.79	-7
2678.79	-14	2678.79	-16	2678.79	-6
2679.79	-13	2679.79	-16	2679.79	-6
2680.79	-13	2680.79	-16	2680.79	-5
2681.79	-13	2681.79	-16	2681.79	-5
2682.79	-14	2682.79	-16	2682.79	-6
2683.79	-14	2683.79	-15	2683.79	-6
2684.79	-14	2684.79	-15	2684.79	-6
2685.79	-14	2685.79	-14	2685.79	-6
2686.79	-15	2686.79	-14	2686.79	-6
2687.79	-15	2687.79	-14	2687.79	-6
2688.79	-15	2688.79	-14	2688.79	-6
2689.79	-15	2689.79	-15	2689.79	-6
2690.79	-15	2690.79	-15	2690.79	-6
2691.79	-15	2691.79	-15	2691.79	-6
2692.8	-15	2692.8	-15	2692.8	-6
2693.8	-14	2693.8	-14	2693.8	-6
2694.8	-14	2694.8	-14	2694.8	-6
2695.8	-13	2695.8	-15	2695.8	-6
2696.8	-12	2696.8	-16	2696.8	-6
2697.8	-12	2697.8	-17	2697.8	-5
2698.8	-12	2698.8	-16	2698.8	-5
2699.8	-12	2699.8	-16	2699.8	-6
2700.8	-13	2700.8	-15	2700.8	-6
2701.8	-13	2701.8	-14	2701.8	-6
2702.8	-13	2702.8	-14	2702.8	-6
2703.8	-12	2703.8	-14	2703.8	-6
2704.8	-12	2704.8	-15	2704.8	-5
2705.8	-12	2705.8	-14	2705.8	-4
2706.8	-12	2706.8	-13	2706.8	-4
2707.81	-13	2707.81	-13	2707.81	-4
2708.81	-13	2708.81	-14	2708.81	-5
2709.81	-12	2709.81	-14	2709.81	-5
2710.81	-12	2710.81	-14	2710.81	-4
2711.81	-12	2711.81	-14	2711.81	-4
2712.81	-12	2712.81	-15	2712.81	-4
2713.81	-12	2713.81	-15	2713.81	-4
2714.81	-12	2714.81	-15	2714.81	-4
2715.81	-11	2715.81	-15	2715.81	-4
2716.81	-11	2716.81	-14	2716.81	-5
2717.81	-11	2717.81	-14	2717.81	-5
2718.81	-12	2718.81	-14	2718.81	-6
2719.81	-12	2719.81	-13	2719.81	-5
2720.81	-12	2720.81	-13	2720.81	-5
2721.81	-11	2721.81	-13	2721.81	-5
2722.82	-11	2722.82	-12	2722.82	-5
2723.82	-11	2723.82	-12	2723.82	-4
2724.82	-11	2724.82	-12	2724.82	-4
2725.82	-10	2725.82	-13	2725.82	-5
2726.82	-10	2726.82	-14	2726.82	-5
2727.82	-10	2727.82	-14	2727.82	-5
2728.82	-11	2728.82	-13	2728.82	-5
2729.82	-10	2729.82	-12	2729.82	-5
2730.82	-10	2730.82	-12	2730.82	-6
2731.82	-11	2731.82	-13	2731.82	-6
2732.82	-11	2732.82	-13	2732.82	-5
2733.82	-11	2733.82	-13	2733.82	-5
2734.82	-10	2734.82	-13	2734.82	-4
2735.82	-10	2735.82	-13	2735.82	-4
2736.82	-11	2736.82	-13	2736.82	-5
2737.83	-11	2737.83	-13	2737.83	-5
2738.83	-11	2738.83	-13	2738.83	-5
2739.83	-10	2739.83	-13	2739.83	-5
2740.83	-10	2740.83	-12	2740.83	-5
2741.83	-10	2741.83	-12	2741.83	-4
2742.83	-10	2742.83	-12	2742.83	-4
2743.83	-10	2743.83	-12	2743.83	-4
2744.83	-11	2744.83	-12	2744.83	-4
2745.83	-11	2745.83	-12	2745.83	-4
2746.83	-11	2746.83	-12	2746.83	-4
2747.83	-11	2747.83	-12	2747.83	-4
2748.83	-11	2748.83	-12	2748.83	-3
2749.83	-11	2749.83	-12	2749.83	-3
2750.83	-10	2750.83	-11	2750.83	-4
2751.83	-10	2751.83	-12	2751.83	-4
2752.84	-10	2752.84	-12	2752.84	-4
2753.84	-10	2753.84	-12	2753.84	-4
2754.84	-9	2754.84	-12	2754.84	-3
2755.84	-9	2755.84	-12	2755.84	-4
2756.84	-10	2756.84	-11	2756.84	-4
2757.84	-11	2757.84	-10	2757.84	-4
2758.84	-11	2758.84	-10	2758.84	-3
2759.84	-11	2759.84	-10	2759.84	-3
2760.84	-10	2760.84	-11	2760.84	-3
2761.84	-9	2761.84	-11	2761.84	-3
2762.84	-11	2762.84	-12	2762.84	-3
2763.84	-11	2763.84	-12	2763.84	-3
2764.84	-10	2764.84	-12	2764.84	-4
2765.84	-10	2765.84	-12	2765.84	-4
2766.84	-9	2766.84	-12	2766.84	-4
2767.85	-9	2767.85	-11	2767.85	-4
2768.85	-9	2768.85	-10	2768.85	-4
2769.85	-9	2769.85	-11	2769.85	-4
2770.85	-9	2770.85	-11	2770.85	-3
2771.85	-9	2771.85	-12	2771.85	-3
2772.85	-10	2772.85	-12	2772.85	-3
2773.85	-10	2773.85	-12	2773.85	-4
2774.85	-10	2774.85	-12	2774.85	-4
2775.85	-10	2775.85	-12	2775.85	-4
2776.85	-9	2776.85	-12	2776.85	-3
2777.85	-9	2777.85	-12	2777.85	-3
2778.85	-8	2778.85	-11	2778.85	-3
2779.85	-8	2779.85	-10	2779.85	-4
2780.85	-9	2780.85	-10	2780.85	-3
2781.85	-9	2781.85	-10	2781.85	-4
2782.86	-8	2782.86	-9	2782.86	-4
2783.86	-8	2783.86	-9	2783.86	-4
2784.86	-7	2784.86	-8	2784.86	-3
2785.86	-7	2785.86	-8	2785.86	-3
2786.86	-7	2786.86	-8	2786.86	-3
2787.86	-7	2787.86	-9	2787.86	-4
2788.86	-7	2788.86	-9	2788.86	-3
2789.86	-7	2789.86	-9	2789.86	-3
2790.86	-7	2790.86	-10	2790.86	-3
2791.86	-7	2791.86	-10	2791.86	-4
2792.86	-8	2792.86	-10	2792.86	-4
2793.86	-8	2793.86	-10	2793.86	-4
2794.86	-8	2794.86	-10	2794.86	-4
2795.86	-7	2795.86	-10	2795.86	-4
2796.86	-7	2796.86	-11	2796.86	-3
2797.87	-6	2797.87	-10	2797.87	-4
2798.87	-7	2798.87	-10	2798.87	-4
2799.87	-7	2799.87	-10	2799.87	-3
2800.87	-7	2800.87	-10	2800.87	-2
2801.87	-7	2801.87	-9	2801.87	-2
2802.87	-7	2802.87	-9	2802.87	-2
2803.87	-7	2803.87	-10	2803.87	-3
2804.87	-7	2804.87	-10	2804.87	-2
2805.87	-7	2805.87	-10	2805.87	-2
2806.87	-7	2806.87	-10	2806.87	-3
2807.87	-7	2807.87	-10	2807.87	-3
2808.87	-6	2808.87	-9	2808.87	-3
2809.87	-6	2809.87	-8	2809.87	-4
2810.87	-6	2810.87	-8	2810.87	-4
2811.87	-6	2811.87	-9	2811.87	-4
2812.88	-6	2812.88	-9	2812.88	-3
2813.88	-7	2813.88	-9	2813.88	-3
2814.88	-7	2814.88	-8	2814.88	-3
2815.88	-7	2815.88	-8	2815.88	-2
2816.88	-7	2816.88	-8	2816.88	-1
2817.88	-6	2817.88	-8	2817.88	-1
2818.88	-6	2818.88	-8	2818.88	-2
2819.88	-6	2819.88	-9	2819.88	-4
2820.88	-6	2820.88	-9	2820.88	-5
2821.88	-6	2821.88	-9	2821.88	-4
2822.88	-6	2822.88	-9	2822.88	-3
2823.88	-6	2823.88	-8	2823.88	-3
2824.88	-6	2824.88	-9	2824.88	-2
2825.88	-5	2825.88	-9	2825.88	-3
2826.88	-5	2826.88	-9	2826.88	-3
2827.89	-6	2827.89	-9	2827.89	-3
2828.89	-6	2828.89	-8	2828.89	-2
2829.89	-6	2829.89	-8	2829.89	-2
2830.89	-6	2830.89	-8	2830.89	-2
2831.89	-5	2831.89	-7	2831.89	-2
2832.89	-5	2832.89	-7	2832.89	-1
2833.89	-5	2833.89	-7	2833.89	-1
2834.89	-5	2834.89	-7	2834.89	-1
2835.89	-5	2835.89	-7	2835.89	-2
2836.89	-5	2836.89	-7	2836.89	-3
2837.89	-5	2837.89	-7	2837.89	-3
2838.89	-5	2838.89	-7	2838.89	-3
2839.89	-5	2839.89	-7	2839.89	-4
2840.89	-5	2840.89	-7	2840.89	-4
2841.89	-5	2841.89	-7	2841.89	-4
2842.9	-5	2842.9	-8	2842.9	-4
2843.9	-5	2843.9	-9	2843.9	-4
2844.9	-5	2844.9	-9	2844.9	-4
2845.9	-5	2845.9	-9	2845.9	-3
2846.9	-5	2846.9	-9	2846.9	-3
2847.9	-6	2847.9	-9	2847.9	-2
2848.9	-6	2848.9	-9	2848.9	-2
2849.9	-5	2849.9	-8	2849.9	-2
2850.9	-4	2850.9	-8	2850.9	-3
2851.9	-3	2851.9	-8	2851.9	-3
2852.9	-3	2852.9	-8	2852.9	-4
2853.9	-3	2853.9	-8	2853.9	-4
2854.9	-3	2854.9	-8	2854.9	-4
2855.9	-3	2855.9	-8	2855.9	-4
2856.9	-3	2856.9	-8	2856.9	-4
2857.91	-3	2857.91	-8	2857.91	-3
2858.91	-4	2858.91	-9	2858.91	-3
2859.91	-3	2859.91	-8	2859.91	-4
2860.91	-3	2860.91	-8	2860.91	-4
2861.91	-3	2861.91	-7	2861.91	-4
2862.91	-3	2862.91	-7	2862.91	-3
2863.91	-3	2863.91	-8	2863.91	-3
2864.91	-3	2864.91	-8	2864.91	-4
2865.91	-4	2865.91	-8	2865.91	-4
2866.91	-4	2866.91	-8	2866.91	-3
2867.91	-4	2867.91	-7	2867.91	-4
2868.91	-4	2868.91	-7	2868.91	-3
2869.91	-4	2869.91	-7	2869.91	-3
2870.91	-4	2870.91	-7	2870.91	-3
2871.91	-3	2871.91	-7	2871.91	-3
2872.92	-4	2872.92	-8	2872.92	-4
2873.92	-4	2873.92	-8	2873.92	-4
2874.92	-4	2874.92	-8	2874.92	-4
2875.92	-3	2875.92	-8	2875.92	-4
2876.92	-2	2876.92	-8	2876.92	-4
2877.92	-2	2877.92	-8	2877.92	-4
2878.92	-3	2878.92	-8	2878.92	-4
2879.92	-3	2879.92	-8	2879.92	-4
2880.92	-3	2880.92	-8	2880.92	-4
2881.92	-3	2881.92	-8	2881.92	-4
2882.92	-2	2882.92	-8	2882.92	-5
2883.92	-2	2883.92	-8	2883.92	-5
2884.92	-2	2884.92	-8	2884.92	-4
2885.92	-1	2885.92	-8	2885.92	-4
2886.92	-1	2886.92	-7	2886.92	-4
2887.93	-2	2887.93	-7	2887.93	-4
2888.93	-2	2888.93	-7	2888.93	-5
2889.93	-2	2889.93	-7	2889.93	-5
2890.93	-2	2890.93	-8	2890.93	-4
2891.93	-1	2891.93	-8	2891.93	-3
2892.93	-1	2892.93	-7	2892.93	-3
2893.93	-1	2893.93	-7	2893.93	-4
2894.93	-1	2894.93	-7	2894.93	-4
2895.93	-2	2895.93	-7	2895.93	-3
2896.93	-2	2896.93	-7	2896.93	-4
2897.93	-1	2897.93	-8	2897.93	-4
2898.93	-1	2898.93	-8	2898.93	-4
2899.93	-1	2899.93	-7	2899.93	-3
2900.93	-1	2900.93	-6	2900.93	-3
2901.93	0	2901.93	-5	2901.93	-4
2902.94	0	2902.94	-6	2902.94	-5
2903.94	-1	2903.94	-6	2903.94	-5
2904.94	-1	2904.94	-6	2904.94	-4
2905.94	-1	2905.94	-6	2905.94	-4
2906.94	-2	2906.94	-6	2906.94	-4
2907.94	-2	2907.94	-7	2907.94	-4
2908.94	-2	2908.94	-7	2908.94	-4
2909.94	-2	2909.94	-7	2909.94	-4
2910.94	-2	2910.94	-7	2910.94	-4
2911.94	-1	2911.94	-7	2911.94	-3
2912.94	0	2912.94	-6	2912.94	-3
2913.94	0	2913.94	-6	2913.94	-3
2914.94	0	2914.94	-6	2914.94	-4
2915.94	0	2915.94	-6	2915.94	-5
2916.94	0	2916.94	-6	2916.94	-5
2917.95	1	2917.95	-6	2917.95	-5
2918.95	1	2918.95	-6	2918.95	-4
2919.95	1	2919.95	-6	2919.95	-4
2920.95	1	2920.95	-6	2920.95	-3
2921.95	1	2921.95	-7	2921.95	-3
2922.95	1	2922.95	-7	2922.95	-4
2923.95	1	2923.95	-6	2923.95	-4
2924.95	1	2924.95	-5	2924.95	-4
2925.95	0	2925.95	-5	2925.95	-4
2926.95	0	2926.95	-5	2926.95	-5
2927.95	-1	2927.95	-5	2927.95	-5
2928.95	-1	2928.95	-5	2928.95	-5
2929.95	-1	2929.95	-5	2929.95	-4
2930.95	-1	2930.95	-5	2930.95	-4
2931.95	-1	2931.95	-5	2931.95	-3
2932.96	-1	2932.96	-5	2932.96	-3
2933.96	0	2933.96	-5	2933.96	-4
2934.96	0	2934.96	-5	2934.96	-5
2935.96	0	2935.96	-5	2935.96	-5
2936.96	0	2936.96	-5	2936.96	-5
2937.96	0	2937.96	-6	2937.96	-4
2938.96	0	2938.96	-5	2938.96	-4
2939.96	0	2939.96	-5	2939.96	-4
2940.96	0	2940.96	-5	2940.96	-4
2941.96	0	2941.96	-5	2941.96	-4
2942.96	0	2942.96	-5	2942.96	-4
2943.96	0	2943.96	-5	2943.96	-4
2944.96	0	2944.96	-6	2944.96	-4
2945.96	0	2945.96	-6	2945.96	-3
2946.96	0	2946.96	-6	2946.96	-4
2947.97	0	2947.97	-5	2947.97	-4
2948.97	0	2948.97	-5	2948.97	-4
2949.97	0	2949.97	-5	2949.97	-4
2950.97	0	2950.97	-5	2950.97	-4
2951.97	0	2951.97	-6	2951.97	-5
2952.97	0	2952.97	-7	2952.97	-5
2953.97	0	2953.97	-7	2953.97	-4
2954.97	0	2954.97	-5	2954.97	-4
2955.97	0	2955.97	-4	2955.97	-3
2956.97	0	2956.97	-4	2956.97	-3
2957.97	0	2957.97	-4	2957.97	-3
2958.97	0	2958.97	-4	2958.97	-4
2959.97	0	2959.97	-5	2959.97	-4
2960.97	0	2960.97	-4	2960.97	-5
2961.97	0	2961.97	-4	2961.97	-5
2962.98	0	2962.98	-4	2962.98	-5
2963.98	0	2963.98	-5	2963.98	-5
2964.98	0	2964.98	-5	2964.98	-5
2965.98	0	2965.98	-4	2965.98	-4
2966.98	0	2966.98	-4	2966.98	-3
2967.98	0	2967.98	-3	2967.98	-3
2968.98	0	2968.98	-3	2968.98	-3
2969.98	0	2969.98	-2	2969.98	-3
2970.98	0	2970.98	-3	2970.98	-3
2971.98	0	2971.98	-4	2971.98	-3
2972.98	0	2972.98	-5	2972.98	-3
2973.98	0	2973.98	-5	2973.98	-2
2974.98	0	2974.98	-4	2974.98	-2
2975.98	0	2975.98	-2	2975.98	-3
2976.98	0	2976.98	-2	2976.98	-3
2977.99	0	2977.99	-2	2977.99	-4
2978.99	0	2978.99	-3	2978.99	-4
2979.99	0	2979.99	-3	2979.99	-3
2980.99	0	2980.99	-3	2980.99	-3
2981.99	0	2981.99	-4	2981.99	-3
2982.99	0	2982.99	-4	2982.99	-3
2983.99	0	2983.99	-4	2983.99	-4
2984.99	0	2984.99	-3	2984.99	-4
2985.99	0	2985.99	-3	2985.99	-4
2986.99	0	2986.99	-3	2986.99	-3
2987.99	0	2987.99	-4	2987.99	-3
2988.99	0	2988.99	-4	2988.99	-3
2989.99	0	2989.99	-4	2989.99	-3
2990.99	0	2990.99	-4	2990.99	-3
2991.99	0	2991.99	-3	2991.99	-3
2993	0	2993	-2	2993	-3
2994	0	2994	-1	2994	-3
2995	0	2995	-2	2995	-2
2996	0	2996	-2	2996	-2
2997	0	2997	-1	2997	-1
2998	0	2998	1	2998	-1
2999	0	2999	3	2999	-2
