Time (HH:MM:SS) - Plot 0	RFU - Plot 0	Time (HH:MM:SS) - Plot 1	RFU - Plot 1	Time (HH:MM:SS) - Plot 2	RFU - Plot 2
0	0	0	0	0	0
1.00067	0	1.00067	0	1.00067	0
2.00133	0	2.00133	0	2.00133	0
3.002	0	3.002	0	3.002	0
4.00267	0	4.00267	0	4.00267	0
5.00334	0	5.00334	0	5.00334	0
6.004	0	6.004	0	6.004	0
7.00467	0	7.00467	0	7.00467	0
8.00534	0	8.00534	0	8.00534	0
9.006	0	9.006	0	9.006	0
10.0067	0	10.0067	0	10.0067	0
11.0073	0	11.0073	0	11.0073	0
12.008	0	12.008	0	12.008	0
13.0087	0	13.0087	0	13.0087	0
14.0093	0	14.0093	0	14.0093	0
15.01	0	15.01	0	15.01	0
16.0107	0	16.0107	0	16.0107	0
17.0113	0	17.0113	0	17.0113	0
18.012	0	18.012	0	18.012	0
19.0127	0	19.0127	0	19.0127	0
20.0133	0	20.0133	0	20.0133	0
21.014	0	21.014	0	21.014	0
22.0147	0	22.0147	0	22.0147	0
23.0153	0	23.0153	0	23.0153	0
24.016	0	24.016	0	24.016	0
25.0167	0	25.0167	0	25.0167	0
26.0173	0	26.0173	0	26.0173	0
27.018	0	27.018	0	27.018	0
28.0187	0	28.0187	0	28.0187	0
29.0193	0	29.0193	0	29.0193	0
30.02	0	30.02	0	30.02	0
31.0207	0	31.0207	0	31.0207	0
32.0213	0	32.0213	0	32.0213	0
33.022	0	33.022	0	33.022	0
34.0227	0	34.0227	0	34.0227	0
35.0233	0	35.0233	0	35.0233	0
36.024	0	36.024	0	36.024	0
37.0247	0	37.0247	0	37.0247	0
38.0254	0	38.0254	0	38.0254	0
39.026	0	39.026	0	39.026	0
40.0267	0	40.0267	0	40.0267	0
41.0274	0	41.0274	0	41.0274	0
42.028	0	42.028	0	42.028	0
43.0287	0	43.0287	0	43.0287	0
44.0294	0	44.0294	0	44.0294	0
45.03	0	45.03	0	45.03	0
46.0307	0	46.0307	0	46.0307	0
47.0314	0	47.0314	0	47.0314	0
48.032	0	48.032	0	48.032	0
49.0327	0	49.0327	0	49.0327	0
50.0334	0	50.0334	0	50.0334	0
51.034	0	51.034	0	51.034	0
52.0347	0	52.0347	0	52.0347	0
53.0354	0	53.0354	0	53.0354	0
54.036	0	54.036	0	54.036	0
55.0367	0	55.0367	0	55.0367	0
56.0374	0	56.0374	0	56.0374	0
57.038	0	57.038	0	57.038	0
58.0387	0	58.0387	0	58.0387	0
59.0394	0	59.0394	0	59.0394	0
60.04	0	60.04	0	60.04	0
61.0407	0	61.0407	0	61.0407	0
62.0414	0	62.0414	0	62.0414	0
63.042	0	63.042	0	63.042	0
64.0427	0	64.0427	0	64.0427	0
65.0434	0	65.0434	0	65.0434	0
66.044	0	66.044	0	66.044	0
67.0447	0	67.0447	0	67.0447	0
68.0454	0	68.0454	0	68.0454	0
69.046	0	69.046	0	69.046	0
70.0467	0	70.0467	0	70.0467	0
71.0474	0	71.0474	0	71.0474	0
72.048	0	72.048	0	72.048	0
73.0487	0	73.0487	0	73.0487	0
74.0494	0	74.0494	0	74.0494	0
75.05	0	75.05	0	75.05	0
76.0507	0	76.0507	0	76.0507	0
77.0514	0	77.0514	0	77.0514	0
78.052	0	78.052	0	78.052	0
79.0527	0	79.0527	0	79.0527	0
80.0534	0	80.0534	0	80.0534	0
81.054	0	81.054	0	81.054	0
82.0547	0	82.0547	0	82.0547	0
83.0554	0	83.0554	0	83.0554	0
84.056	0	84.056	0	84.056	0
85.0567	0	85.0567	0	85.0567	0
86.0574	0	86.0574	0	86.0574	0
87.058	0	87.058	0	87.058	0
88.0587	0	88.0587	0	88.0587	0
89.0594	0	89.0594	0	89.0594	0
90.06	0	90.06	0	90.06	0
91.0607	0	91.0607	0	91.0607	0
92.0614	0	92.0614	0	92.0614	0
93.062	0	93.062	0	93.062	0
94.0627	0	94.0627	0	94.0627	0
95.0634	0	95.0634	0	95.0634	0
96.064	0	96.064	0	96.064	0
97.0647	0	97.0647	0	97.0647	0
98.0654	0	98.0654	0	98.0654	0
99.066	0	99.066	0	99.066	0
100.067	0	100.067	0	100.067	0
101.067	0	101.067	0	101.067	0
102.068	0	102.068	0	102.068	0
103.069	0	103.069	0	103.069	0
104.069	0	104.069	0	104.069	0
105.07	0	105.07	0	105.07	0
106.071	0	106.071	0	106.071	0
107.071	0	107.071	0	107.071	0
108.072	0	108.072	0	108.072	0
109.073	0	109.073	0	109.073	0
110.073	0	110.073	0	110.073	0
111.074	0	111.074	0	111.074	0
112.075	0	112.075	0	112.075	0
113.075	0	113.075	0	113.075	0
114.076	0	114.076	0	114.076	0
115.077	0	115.077	0	115.077	0
116.077	0	116.077	0	116.077	0
117.078	0	117.078	0	117.078	0
118.079	0	118.079	0	118.079	0
119.079	0	119.079	0	119.079	0
120.08	0	120.08	0	120.08	0
121.081	0	121.081	0	121.081	0
122.081	0	122.081	0	122.081	0
123.082	0	123.082	0	123.082	0
124.083	0	124.083	0	124.083	0
125.083	0	125.083	0	125.083	0
126.084	0	126.084	0	126.084	0
127.085	0	127.085	0	127.085	0
128.085	0	128.085	0	128.085	0
129.086	0	129.086	0	129.086	0
130.087	0	130.087	0	130.087	0
131.087	0	131.087	0	131.087	0
132.088	0	132.088	0	132.088	0
133.089	0	133.089	0	133.089	0
134.089	0	134.089	0	134.089	0
135.09	0	135.09	0	135.09	0
136.091	0	136.091	0	136.091	0
137.091	0	137.091	0	137.091	0
138.092	0	138.092	0	138.092	0
139.093	0	139.093	0	139.093	0
140.093	0	140.093	0	140.093	0
141.094	0	141.094	0	141.094	0
142.095	0	142.095	0	142.095	0
143.095	0	143.095	0	143.095	0
144.096	0	144.096	0	144.096	0
145.097	0	145.097	0	145.097	0
146.097	0	146.097	0	146.097	0
147.098	0	147.098	0	147.098	0
148.099	0	148.099	0	148.099	0
149.099	0	149.099	0	149.099	0
150.1	0	150.1	0	150.1	0
151.101	0	151.101	0	151.101	0
152.101	0	152.101	0	152.101	0
153.102	0	153.102	0	153.102	0
154.103	0	154.103	0	154.103	0
155.103	0	155.103	0	155.103	0
156.104	0	156.104	0	156.104	0
157.105	0	157.105	0	157.105	0
158.105	0	158.105	0	158.105	0
159.106	0	159.106	0	159.106	0
160.107	0	160.107	0	160.107	0
161.107	0	161.107	0	161.107	0
162.108	0	162.108	0	162.108	0
163.109	0	163.109	0	163.109	0
164.109	0	164.109	0	164.109	0
165.11	0	165.11	0	165.11	0
166.111	0	166.111	0	166.111	0
167.111	0	167.111	0	167.111	0
168.112	0	168.112	0	168.112	0
169.113	0	169.113	0	169.113	0
170.113	0	170.113	0	170.113	0
171.114	0	171.114	0	171.114	0
172.115	0	172.115	0	172.115	0
173.115	0	173.115	0	173.115	0
174.116	0	174.116	0	174.116	0
175.117	0	175.117	0	175.117	0
176.117	0	176.117	0	176.117	0
177.118	0	177.118	0	177.118	0
178.119	0	178.119	0	178.119	0
179.119	0	179.119	0	179.119	0
180.12	0	180.12	0	180.12	0
181.121	0	181.121	0	181.121	0
182.121	0	182.121	0	182.121	0
183.122	0	183.122	0	183.122	0
184.123	0	184.123	0	184.123	0
185.123	0	185.123	0	185.123	0
186.124	0	186.124	0	186.124	0
187.125	0	187.125	0	187.125	0
188.125	0	188.125	0	188.125	0
189.126	0	189.126	0	189.126	0
190.127	0	190.127	0	190.127	0
191.127	0	191.127	0	191.127	0
192.128	0	192.128	0	192.128	0
193.129	0	193.129	0	193.129	0
194.129	0	194.129	0	194.129	0
195.13	0	195.13	0	195.13	0
196.131	0	196.131	0	196.131	0
197.131	0	197.131	0	197.131	0
198.132	0	198.132	0	198.132	0
199.133	0	199.133	0	199.133	0
200.133	0	200.133	0	200.133	0
201.134	0	201.134	0	201.134	2
202.135	0	202.135	0	202.135	3
203.135	0	203.135	0	203.135	3
204.136	0	204.136	1	204.136	3
205.137	0	205.137	1	205.137	2
206.137	0	206.137	1	206.137	1
207.138	0	207.138	1	207.138	2
208.139	0	208.139	1	208.139	3
209.139	0	209.139	1	209.139	4
210.14	0	210.14	2	210.14	4
211.141	0	211.141	3	211.141	5
212.141	0	212.141	3	212.141	5
213.142	0	213.142	4	213.142	5
214.143	0	214.143	4	214.143	6
215.143	0	215.143	4	215.143	7
216.144	0	216.144	4	216.144	9
217.145	0	217.145	4	217.145	8
218.145	0	218.145	4	218.145	8
219.146	0	219.146	4	219.146	7
220.147	0	220.147	4	220.147	7
221.147	0	221.147	4	221.147	7
222.148	0	222.148	5	222.148	7
223.149	0	223.149	5	223.149	7
224.149	0	224.149	6	224.149	6
225.15	0	225.15	5	225.15	5
226.151	0	226.151	5	226.151	6
227.151	0	227.151	5	227.151	6
228.152	0	228.152	5	228.152	6
229.153	0	229.153	6	229.153	5
230.153	0	230.153	6	230.153	5
231.154	0	231.154	6	231.154	4
232.155	0	232.155	5	232.155	4
233.155	0	233.155	5	233.155	4
234.156	0	234.156	4	234.156	4
235.157	0	235.157	4	235.157	4
236.157	0	236.157	5	236.157	3
237.158	0	237.158	5	237.158	4
238.159	0	238.159	6	238.159	5
239.159	0	239.159	7	239.159	6
240.16	0	240.16	8	240.16	6
241.161	0	241.161	8	241.161	7
242.161	0	242.161	7	242.161	9
243.162	0	243.162	7	243.162	10
244.163	0	244.163	6	244.163	10
245.163	0	245.163	5	245.163	10
246.164	0	246.164	5	246.164	9
247.165	0	247.165	6	247.165	9
248.165	0	248.165	6	248.165	10
249.166	0	249.166	6	249.166	10
250.167	0	250.167	5	250.167	11
251.167	0	251.167	6	251.167	12
252.168	1	252.168	6	252.168	12
253.169	2	253.169	7	253.169	13
254.169	2	254.169	7	254.169	13
255.17	2	255.17	7	255.17	13
256.171	2	256.171	6	256.171	12
257.171	2	257.171	5	257.171	11
258.172	3	258.172	5	258.172	9
259.173	4	259.173	5	259.173	6
260.173	5	260.173	5	260.173	5
261.174	5	261.174	5	261.174	4
262.175	5	262.175	4	262.175	4
263.175	5	263.175	4	263.175	5
264.176	5	264.176	4	264.176	6
265.177	5	265.177	5	265.177	5
266.177	4	266.177	5	266.177	4
267.178	2	267.178	5	267.178	3
268.179	0	268.179	5	268.179	4
269.179	0	269.179	4	269.179	5
270.18	1	270.18	3	270.18	7
271.181	2	271.181	3	271.181	8
272.181	2	272.181	3	272.181	9
273.182	2	273.182	3	273.182	9
274.183	2	274.183	3	274.183	9
275.183	3	275.183	3	275.183	8
276.184	4	276.184	3	276.184	5
277.185	3	277.185	2	277.185	3
278.185	3	278.185	3	278.185	2
279.186	3	279.186	3	279.186	2
280.187	4	280.187	4	280.187	2
281.187	5	281.187	4	281.187	2
282.188	6	282.188	4	282.188	2
283.189	6	283.189	3	283.189	3
284.189	5	284.189	3	284.189	4
285.19	5	285.19	4	285.19	6
286.191	5	286.191	4	286.191	6
287.191	6	287.191	4	287.191	7
288.192	6	288.192	4	288.192	8
289.193	7	289.193	4	289.193	8
290.193	9	290.193	5	290.193	7
291.194	12	291.194	5	291.194	6
292.195	13	292.195	6	292.195	4
293.195	12	293.195	6	293.195	3
294.196	11	294.196	5	294.196	2
295.197	9	295.197	5	295.197	3
296.197	6	296.197	5	296.197	3
297.198	4	297.198	5	297.198	4
298.199	4	298.199	5	298.199	6
299.199	5	299.199	5	299.199	7
300.2	6	300.2	6	300.2	9
301.201	6	301.201	6	301.201	9
302.201	6	302.201	6	302.201	8
303.202	6	303.202	5	303.202	7
304.203	6	304.203	4	304.203	5
305.203	6	305.203	4	305.203	5
306.204	5	306.204	3	306.204	5
307.205	3	307.205	3	307.205	6
308.205	3	308.205	2	308.205	7
309.206	3	309.206	2	309.206	6
310.207	3	310.207	2	310.207	6
311.207	2	311.207	2	311.207	7
312.208	1	312.208	3	312.208	7
313.209	1	313.209	4	313.209	8
314.209	2	314.209	4	314.209	9
315.21	4	315.21	3	315.21	8
316.211	4	316.211	3	316.211	8
317.211	3	317.211	3	317.211	9
318.212	2	318.212	3	318.212	9
319.213	2	319.213	4	319.213	8
320.213	2	320.213	5	320.213	7
321.214	2	321.214	5	321.214	5
322.215	2	322.215	5	322.215	3
323.215	3	323.215	5	323.215	3
324.216	2	324.216	5	324.216	2
325.217	1	325.217	4	325.217	3
326.217	0	326.217	4	326.217	4
327.218	0	327.218	4	327.218	5
328.219	0	328.219	5	328.219	5
329.219	0	329.219	5	329.219	5
330.22	1	330.22	6	330.22	4
331.221	1	331.221	6	331.221	2
332.221	1	332.221	6	332.221	1
333.222	2	333.222	6	333.222	0
334.223	2	334.223	5	334.223	0
335.223	3	335.223	5	335.223	1
336.224	3	336.224	4	336.224	1
337.225	2	337.225	4	337.225	2
338.225	2	338.225	3	338.225	4
339.226	2	339.226	3	339.226	6
340.227	3	340.227	3	340.227	6
341.227	5	341.227	3	341.227	6
342.228	6	342.228	3	342.228	5
343.229	6	343.229	4	343.229	4
344.229	6	344.229	4	344.229	2
345.23	5	345.23	4	345.23	3
346.231	4	346.231	4	346.231	3
347.231	4	347.231	5	347.231	5
348.232	4	348.232	5	348.232	5
349.233	3	349.233	4	349.233	5
350.233	3	350.233	3	350.233	5
351.234	3	351.234	3	351.234	5
352.235	3	352.235	3	352.235	4
353.235	2	353.235	4	353.235	4
354.236	3	354.236	4	354.236	4
355.237	4	355.237	4	355.237	3
356.237	4	356.237	4	356.237	3
357.238	4	357.238	4	357.238	3
358.239	3	358.239	4	358.239	3
359.239	2	359.239	4	359.239	3
360.24	2	360.24	4	360.24	3
361.241	2	361.241	4	361.241	4
362.241	2	362.241	4	362.241	4
363.242	3	363.242	4	363.242	4
364.243	3	364.243	5	364.243	3
365.243	2	365.243	6	365.243	1
366.244	2	366.244	7	366.244	1
367.245	3	367.245	6	367.245	1
368.245	4	368.245	6	368.245	3
369.246	5	369.246	5	369.246	3
370.247	6	370.247	4	370.247	3
371.247	5	371.247	4	371.247	2
372.248	5	372.248	4	372.248	2
373.249	5	373.249	5	373.249	2
374.249	4	374.249	5	374.249	2
375.25	3	375.25	5	375.25	3
376.251	2	376.251	4	376.251	3
377.252	1	377.252	4	377.252	2
378.252	0	378.252	4	378.252	2
379.253	0	379.253	4	379.253	2
380.254	0	380.254	4	380.254	1
381.254	1	381.254	4	381.254	1
382.255	1	382.255	4	382.255	1
383.256	1	383.256	3	383.256	1
384.256	1	384.256	3	384.256	0
385.257	0	385.257	3	385.257	0
386.258	0	386.258	4	386.258	0
387.258	0	387.258	4	387.258	0
388.259	0	388.259	4	388.259	0
389.26	0	389.26	3	389.26	1
390.26	0	390.26	2	390.26	2
391.261	0	391.261	2	391.261	3
392.262	0	392.262	2	392.262	4
393.262	0	393.262	3	393.262	4
394.263	0	394.263	3	394.263	4
395.264	0	395.264	3	395.264	5
396.264	0	396.264	2	396.264	5
397.265	0	397.265	1	397.265	4
398.266	1	398.266	1	398.266	3
399.266	2	399.266	1	399.266	2
400.267	4	400.267	1	400.267	2
401.268	4	401.268	1	401.268	1
402.268	5	402.268	1	402.268	0
403.269	5	403.269	1	403.269	0
404.27	5	404.27	1	404.27	0
405.27	5	405.27	1	405.27	0
406.271	5	406.271	2	406.271	0
407.272	5	407.272	3	407.272	1
408.272	6	408.272	3	408.272	2
409.273	6	409.273	3	409.273	3
410.274	5	410.274	2	410.274	3
411.274	4	411.274	1	411.274	2
412.275	4	412.275	0	412.275	2
413.276	6	413.276	0	413.276	1
414.276	7	414.276	1	414.276	0
415.277	7	415.277	2	415.277	0
416.278	7	416.278	2	416.278	1
417.278	7	417.278	1	417.278	2
418.279	7	418.279	2	418.279	2
419.28	7	419.28	3	419.28	2
420.28	6	420.28	3	420.28	2
421.281	7	421.281	3	421.281	3
422.282	7	422.282	2	422.282	4
423.282	7	423.282	1	423.282	4
424.283	6	424.283	1	424.283	4
425.284	5	425.284	2	425.284	3
426.284	5	426.284	2	426.284	2
427.285	4	427.285	2	427.285	0
428.286	3	428.286	2	428.286	0
429.286	3	429.286	2	429.286	1
430.287	4	430.287	2	430.287	2
431.288	5	431.288	2	431.288	3
432.288	5	432.288	2	432.288	3
433.289	4	433.289	2	433.289	3
434.29	3	434.29	3	434.29	2
435.29	3	435.29	3	435.29	2
436.291	3	436.291	3	436.291	1
437.292	2	437.292	2	437.292	1
438.292	1	438.292	2	438.292	1
439.293	1	439.293	2	439.293	0
440.294	1	440.294	2	440.294	0
441.294	1	441.294	2	441.294	0
442.295	0	442.295	2	442.295	1
443.296	0	443.296	2	443.296	2
444.296	0	444.296	2	444.296	2
445.297	1	445.297	2	445.297	2
446.298	1	446.298	1	446.298	2
447.298	1	447.298	1	447.298	3
448.299	1	448.299	1	448.299	4
449.3	1	449.3	1	449.3	5
450.3	1	450.3	2	450.3	5
451.301	1	451.301	3	451.301	5
452.302	0	452.302	3	452.302	4
453.302	0	453.302	3	453.302	4
454.303	0	454.303	3	454.303	5
455.304	0	455.304	2	455.304	6
456.304	0	456.304	2	456.304	7
457.305	0	457.305	1	457.305	8
458.306	0	458.306	1	458.306	7
459.306	0	459.306	1	459.306	6
460.307	0	460.307	1	460.307	5
461.308	0	461.308	1	461.308	4
462.308	0	462.308	0	462.308	4
463.309	0	463.309	0	463.309	4
464.31	0	464.31	0	464.31	4
465.31	0	465.31	0	465.31	4
466.311	0	466.311	0	466.311	5
467.312	0	467.312	0	467.312	5
468.312	0	468.312	0	468.312	5
469.313	0	469.313	0	469.313	4
470.314	1	470.314	0	470.314	2
471.314	2	471.314	0	471.314	1
472.315	3	472.315	0	472.315	0
473.316	4	473.316	0	473.316	0
474.316	4	474.316	0	474.316	0
475.317	5	475.317	1	475.317	0
476.318	6	476.318	1	476.318	0
477.318	6	477.318	1	477.318	0
478.319	6	478.319	1	478.319	0
479.32	6	479.32	2	479.32	0
480.32	5	480.32	2	480.32	1
481.321	4	481.321	3	481.321	1
482.322	3	482.322	3	482.322	2
483.322	3	483.322	2	483.322	1
484.323	3	484.323	1	484.323	0
485.324	4	485.324	0	485.324	0
486.324	5	486.324	0	486.324	0
487.325	5	487.325	0	487.325	0
488.326	5	488.326	1	488.326	0
489.326	5	489.326	1	489.326	0
490.327	6	490.327	2	490.327	9
491.328	7	491.328	2	491.328	42
492.328	7	492.328	2	492.328	100
493.329	7	493.329	2	493.329	158
494.33	6	494.33	2	494.33	188
495.33	5	495.33	2	495.33	192
496.331	5	496.331	2	496.331	187
497.332	4	497.332	2	497.332	181
498.332	3	498.332	2	498.332	176
499.333	3	499.333	1	499.333	172
500.334	2	500.334	2	500.334	169
501.334	2	501.334	2	501.334	167
502.335	3	502.335	3	502.335	162
503.336	3	503.336	3	503.336	158
504.336	4	504.336	3	504.336	153
505.337	4	505.337	2	505.337	148
506.338	5	506.338	2	506.338	142
507.338	5	507.338	3	507.338	137
508.339	5	508.339	3	508.339	133
509.34	4	509.34	3	509.34	130
510.34	4	510.34	3	510.34	126
511.341	2	511.341	3	511.341	122
512.342	1	512.342	3	512.342	121
513.342	0	513.342	2	513.342	119
514.343	0	514.343	3	514.343	115
515.344	1	515.344	3	515.344	111
516.344	2	516.344	3	516.344	108
517.345	4	517.345	3	517.345	105
518.346	6	518.346	3	518.346	102
519.346	7	519.346	3	519.346	99
520.347	7	520.347	3	520.347	96
521.348	7	521.348	3	521.348	93
522.348	6	522.348	3	522.348	88
523.349	5	523.349	3	523.349	84
524.35	3	524.35	3	524.35	81
525.35	3	525.35	3	525.35	80
526.351	3	526.351	2	526.351	79
527.352	3	527.352	2	527.352	77
528.352	3	528.352	1	528.352	73
529.353	3	529.353	1	529.353	69
530.354	1	530.354	1	530.354	66
531.354	0	531.354	1	531.354	63
532.355	0	532.355	0	532.355	60
533.356	0	533.356	0	533.356	58
534.356	0	534.356	1	534.356	55
535.357	0	535.357	1	535.357	52
536.358	0	536.358	2	536.358	50
537.358	0	537.358	2	537.358	49
538.359	1	538.359	1	538.359	48
539.36	2	539.36	1	539.36	45
540.36	3	540.36	1	540.36	42
541.361	4	541.361	1	541.361	38
542.362	5	542.362	1	542.362	35
543.362	5	543.362	0	543.362	32
544.363	4	544.363	0	544.363	29
545.364	3	545.364	0	545.364	26
546.364	3	546.364	0	546.364	24
547.365	3	547.365	0	547.365	22
548.366	3	548.366	0	548.366	19
549.366	3	549.366	0	549.366	17
550.367	2	550.367	0	550.367	16
551.368	2	551.368	0	551.368	14
552.368	3	552.368	0	552.368	12
553.369	3	553.369	0	553.369	9
554.37	4	554.37	0	554.37	6
555.37	4	555.37	0	555.37	3
556.371	4	556.371	0	556.371	0
557.372	3	557.372	0	557.372	0
558.372	3	558.372	0	558.372	0
559.373	3	559.373	0	559.373	0
560.374	3	560.374	0	560.374	0
561.374	4	561.374	0	561.374	0
562.375	5	562.375	0	562.375	0
563.376	6	563.376	0	563.376	0
564.376	6	564.376	0	564.376	0
565.377	5	565.377	0	565.377	2
566.378	5	566.378	0	566.378	3
567.378	5	567.378	0	567.378	4
568.379	4	568.379	0	568.379	4
569.38	4	569.38	1	569.38	4
570.38	6	570.38	1	570.38	4
571.381	7	571.381	1	571.381	5
572.382	6	572.382	1	572.382	5
573.382	4	573.382	1	573.382	5
574.383	3	574.383	1	574.383	5
575.384	2	575.384	1	575.384	5
576.384	1	576.384	0	576.384	5
577.385	0	577.385	0	577.385	4
578.386	0	578.386	0	578.386	4
579.386	0	579.386	1	579.386	4
580.387	0	580.387	1	580.387	4
581.388	0	581.388	1	581.388	5
582.388	0	582.388	1	582.388	5
583.389	0	583.389	1	583.389	5
584.39	0	584.39	1	584.39	4
585.39	0	585.39	2	585.39	4
586.391	0	586.391	3	586.391	4
587.392	0	587.392	3	587.392	4
588.392	0	588.392	2	588.392	4
589.393	0	589.393	1	589.393	4
590.394	-1	590.394	1	590.394	4
591.394	-1	591.394	1	591.394	3
592.395	-1	592.395	2	592.395	2
593.396	-1	593.396	2	593.396	2
594.396	0	594.396	2	594.396	3
595.397	0	595.397	3	595.397	3
596.398	0	596.398	3	596.398	4
597.398	-1	597.398	4	597.398	3
598.399	-2	598.399	4	598.399	3
599.4	-3	599.4	3	599.4	4
600.4	-3	600.4	3	600.4	4
601.401	-2	601.401	2	601.401	4
602.402	-2	602.402	2	602.402	4
603.402	-2	603.402	1	603.402	4
604.403	-3	604.403	1	604.403	3
605.404	-4	605.404	1	605.404	3
606.404	-4	606.404	1	606.404	3
607.405	-4	607.405	1	607.405	2
608.406	-4	608.406	1	608.406	2
609.406	-5	609.406	2	609.406	1
610.407	-5	610.407	2	610.407	0
611.408	-3	611.408	2	611.408	0
612.408	-2	612.408	2	612.408	0
613.409	-2	613.409	2	613.409	0
614.41	-3	614.41	2	614.41	0
615.41	-3	615.41	2	615.41	0
616.411	-2	616.411	2	616.411	0
617.412	-1	617.412	2	617.412	0
618.412	-1	618.412	2	618.412	0
619.413	-1	619.413	2	619.413	0
620.414	-1	620.414	2	620.414	0
621.414	0	621.414	3	621.414	0
622.415	-1	622.415	3	622.415	0
623.416	-1	623.416	2	623.416	0
624.416	-2	624.416	1	624.416	0
625.417	-2	625.417	0	625.417	0
626.418	-1	626.418	0	626.418	0
627.418	-1	627.418	0	627.418	0
628.419	-1	628.419	0	628.419	0
629.42	-1	629.42	0	629.42	0
630.42	-1	630.42	0	630.42	0
631.421	0	631.421	0	631.421	-1
632.422	0	632.422	0	632.422	0
633.422	0	633.422	0	633.422	0
634.423	0	634.423	0	634.423	0
635.424	0	635.424	0	635.424	0
636.424	0	636.424	0	636.424	-1
637.425	0	637.425	0	637.425	-1
638.426	0	638.426	0	638.426	-1
639.426	0	639.426	0	639.426	-1
640.427	0	640.427	0	640.427	-1
641.428	0	641.428	0	641.428	-2
642.428	0	642.428	0	642.428	-2
643.429	2	643.429	0	643.429	-1
644.43	3	644.43	1	644.43	0
645.43	3	645.43	1	645.43	0
646.431	3	646.431	1	646.431	-1
647.432	2	647.432	1	647.432	0
648.432	1	648.432	0	648.432	0
649.433	1	649.433	1	649.433	0
650.434	1	650.434	1	650.434	-1
651.434	1	651.434	1	651.434	-1
652.435	2	652.435	2	652.435	-2
653.436	3	653.436	2	653.436	-2
654.436	2	654.436	3	654.436	-3
655.437	1	655.437	3	655.437	-4
656.438	1	656.438	2	656.438	-4
657.438	1	657.438	2	657.438	-4
658.439	1	658.439	2	658.439	-3
659.44	1	659.44	2	659.44	-3
660.44	2	660.44	2	660.44	-1
661.441	3	661.441	2	661.441	-1
662.442	3	662.442	2	662.442	-1
663.442	2	663.442	2	663.442	-2
664.443	1	664.443	1	664.443	-3
665.444	1	665.444	1	665.444	-3
666.444	1	666.444	1	666.444	-3
667.445	1	667.445	1	667.445	-1
668.446	1	668.446	0	668.446	0
669.446	1	669.446	0	669.446	0
670.447	0	670.447	0	670.447	0
671.448	0	671.448	0	671.448	0
672.448	0	672.448	1	672.448	0
673.449	0	673.449	1	673.449	0
674.45	0	674.45	1	674.45	0
675.45	0	675.45	1	675.45	0
676.451	1	676.451	1	676.451	0
677.452	0	677.452	0	677.452	0
678.452	1	678.452	0	678.452	0
679.453	3	679.453	0	679.453	0
680.454	4	680.454	0	680.454	0
681.454	5	681.454	1	681.454	0
682.455	6	682.455	1	682.455	0
683.456	6	683.456	1	683.456	0
684.456	5	684.456	2	684.456	0
685.457	4	685.457	2	685.457	0
686.458	2	686.458	2	686.458	1
687.458	1	687.458	2	687.458	2
688.459	2	688.459	1	688.459	2
689.46	2	689.46	1	689.46	2
690.46	3	690.46	1	690.46	1
691.461	2	691.461	1	691.461	1
692.462	1	692.462	1	692.462	0
693.462	1	693.462	1	693.462	0
694.463	0	694.463	1	694.463	1
695.464	0	695.464	1	695.464	1
696.464	1	696.464	1	696.464	2
697.465	2	697.465	1	697.465	1
698.466	3	698.466	0	698.466	0
699.466	3	699.466	0	699.466	0
700.467	3	700.467	0	700.467	1
701.468	3	701.468	0	701.468	1
702.468	3	702.468	0	702.468	1
703.469	2	703.469	0	703.469	2
704.47	1	704.47	0	704.47	3
705.47	0	705.47	1	705.47	4
706.471	0	706.471	1	706.471	5
707.472	2	707.472	2	707.472	6
708.472	3	708.472	2	708.472	5
709.473	4	709.473	2	709.473	5
710.474	4	710.474	2	710.474	4
711.474	3	711.474	2	711.474	4
712.475	3	712.475	1	712.475	4
713.476	5	713.476	1	713.476	4
714.476	6	714.476	1	714.476	4
715.477	8	715.477	2	715.477	4
716.478	7	716.478	2	716.478	4
717.478	7	717.478	2	717.478	4
718.479	7	718.479	2	718.479	3
719.48	7	719.48	2	719.48	2
720.48	7	720.48	2	720.48	2
721.481	6	721.481	1	721.481	3
722.482	5	722.482	1	722.482	3
723.482	4	723.482	1	723.482	2
724.483	3	724.483	1	724.483	1
725.484	2	725.484	0	725.484	1
726.484	2	726.484	0	726.484	1
727.485	1	727.485	0	727.485	1
728.486	1	728.486	1	728.486	0
729.486	0	729.486	2	729.486	0
730.487	0	730.487	2	730.487	0
731.488	0	731.488	2	731.488	1
732.488	1	732.488	2	732.488	2
733.489	2	733.489	1	733.489	2
734.49	2	734.49	1	734.49	3
735.49	3	735.49	0	735.49	4
736.491	4	736.491	0	736.491	3
737.492	5	737.492	0	737.492	1
738.492	5	738.492	0	738.492	0
739.493	4	739.493	0	739.493	0
740.494	3	740.494	1	740.494	0
741.494	3	741.494	1	741.494	0
742.495	3	742.495	1	742.495	0
743.496	2	743.496	1	743.496	0
744.496	2	744.496	1	744.496	0
745.497	2	745.497	0	745.497	0
746.498	2	746.498	0	746.498	0
747.498	3	747.498	0	747.498	0
748.499	4	748.499	0	748.499	0
749.5	4	749.5	0	749.5	0
750.5	4	750.5	0	750.5	0
751.501	3	751.501	0	751.501	0
752.502	3	752.502	0	752.502	0
753.502	2	753.502	0	753.502	1
754.503	2	754.503	0	754.503	2
755.504	3	755.504	0	755.504	2
756.504	4	756.504	0	756.504	2
757.505	4	757.505	0	757.505	2
758.506	4	758.506	0	758.506	1
759.506	3	759.506	0	759.506	0
760.507	2	760.507	0	760.507	0
761.508	2	761.508	0	761.508	0
762.508	1	762.508	0	762.508	0
763.509	1	763.509	0	763.509	0
764.51	1	764.51	0	764.51	0
765.51	0	765.51	0	765.51	0
766.511	0	766.511	0	766.511	1
767.512	0	767.512	0	767.512	1
768.512	0	768.512	0	768.512	2
769.513	1	769.513	0	769.513	2
770.514	1	770.514	1	770.514	2
771.514	1	771.514	2	771.514	2
772.515	0	772.515	2	772.515	2
773.516	0	773.516	2	773.516	2
774.516	0	774.516	2	774.516	1
775.517	0	775.517	2	775.517	0
776.518	0	776.518	2	776.518	0
777.518	0	777.518	1	777.518	0
778.519	0	778.519	1	778.519	0
779.52	0	779.52	1	779.52	0
780.52	0	780.52	2	780.52	1
781.521	0	781.521	2	781.521	0
782.522	0	782.522	2	782.522	0
783.522	0	783.522	2	783.522	0
784.523	0	784.523	1	784.523	1
785.524	0	785.524	1	785.524	1
786.524	0	786.524	1	786.524	2
787.525	1	787.525	1	787.525	3
788.526	3	788.526	1	788.526	3
789.526	3	789.526	1	789.526	2
790.527	3	790.527	1	790.527	2
791.528	3	791.528	1	791.528	1
792.528	4	792.528	1	792.528	0
793.529	5	793.529	1	793.529	1
794.53	5	794.53	1	794.53	1
795.53	6	795.53	1	795.53	1
796.531	7	796.531	1	796.531	0
797.532	7	797.532	1	797.532	0
798.532	7	798.532	1	798.532	1
799.533	6	799.533	1	799.533	2
800.534	6	800.534	1	800.534	2
801.534	5	801.534	1	801.534	2
802.535	5	802.535	1	802.535	2
803.536	5	803.536	1	803.536	2
804.536	5	804.536	0	804.536	2
805.537	5	805.537	0	805.537	3
806.538	4	806.538	0	806.538	3
807.538	4	807.538	0	807.538	3
808.539	5	808.539	1	808.539	3
809.54	6	809.54	1	809.54	2
810.54	6	810.54	1	810.54	1
811.541	5	811.541	1	811.541	1
812.542	4	812.542	0	812.542	2
813.542	5	813.542	0	813.542	2
814.543	6	814.543	0	814.543	3
815.544	6	815.544	0	815.544	3
816.544	4	816.544	0	816.544	2
817.545	2	817.545	0	817.545	1
818.546	0	818.546	0	818.546	0
819.546	0	819.546	0	819.546	0
820.547	1	820.547	0	820.547	0
821.548	2	821.548	0	821.548	1
822.548	3	822.548	0	822.548	1
823.549	3	823.549	0	823.549	2
824.55	2	824.55	0	824.55	2
825.55	2	825.55	0	825.55	2
826.551	2	826.551	1	826.551	3
827.552	3	827.552	1	827.552	3
828.552	3	828.552	2	828.552	3
829.553	3	829.553	2	829.553	3
830.554	3	830.554	2	830.554	2
831.554	2	831.554	1	831.554	2
832.555	2	832.555	1	832.555	2
833.556	2	833.556	1	833.556	2
834.556	1	834.556	1	834.556	2
835.557	1	835.557	1	835.557	2
836.558	1	836.558	1	836.558	2
837.558	2	837.558	2	837.558	2
838.559	3	838.559	2	838.559	2
839.56	3	839.56	2	839.56	2
840.56	2	840.56	2	840.56	2
841.561	1	841.561	1	841.561	2
842.562	1	842.562	1	842.562	2
843.562	1	843.562	1	843.562	2
844.563	2	844.563	1	844.563	2
845.564	2	845.564	1	845.564	2
846.564	2	846.564	1	846.564	2
847.565	1	847.565	1	847.565	2
848.566	0	848.566	1	848.566	2
849.566	0	849.566	1	849.566	3
850.567	0	850.567	0	850.567	3
851.568	0	851.568	0	851.568	2
852.568	0	852.568	0	852.568	2
853.569	0	853.569	1	853.569	2
854.57	0	854.57	1	854.57	2
855.57	0	855.57	1	855.57	2
856.571	0	856.571	0	856.571	1
857.572	0	857.572	0	857.572	0
858.572	0	858.572	0	858.572	1
859.573	0	859.573	1	859.573	2
860.574	0	860.574	2	860.574	3
861.574	-1	861.574	2	861.574	2
862.575	-3	862.575	2	862.575	1
863.576	-4	863.576	2	863.576	1
864.576	-3	864.576	2	864.576	0
865.577	-2	865.577	1	865.577	0
866.578	-1	866.578	1	866.578	0
867.578	-1	867.578	1	867.578	0
868.579	-1	868.579	1	868.579	0
869.58	-2	869.58	1	869.58	0
870.58	-2	870.58	1	870.58	0
871.581	-2	871.581	1	871.581	0
872.582	-1	872.582	1	872.582	0
873.582	0	873.582	1	873.582	0
874.583	0	874.583	1	874.583	0
875.584	0	875.584	1	875.584	0
876.584	-1	876.584	1	876.584	0
877.585	-2	877.585	1	877.585	0
878.586	-3	878.586	0	878.586	0
879.586	-3	879.586	0	879.586	0
880.587	-2	880.587	0	880.587	0
881.588	-1	881.588	0	881.588	0
882.588	0	882.588	0	882.588	0
883.589	0	883.589	0	883.589	0
884.59	0	884.59	0	884.59	0
885.59	0	885.59	0	885.59	0
886.591	0	886.591	0	886.591	0
887.592	0	887.592	0	887.592	0
888.592	0	888.592	0	888.592	1
889.593	0	889.593	0	889.593	0
890.594	0	890.594	0	890.594	0
891.594	0	891.594	0	891.594	0
892.595	0	892.595	0	892.595	0
893.596	0	893.596	0	893.596	0
894.596	0	894.596	0	894.596	1
895.597	0	895.597	0	895.597	1
896.598	0	896.598	0	896.598	2
897.598	1	897.598	0	897.598	3
898.599	1	898.599	0	898.599	3
899.6	1	899.6	0	899.6	2
900.6	1	900.6	0	900.6	2
901.601	2	901.601	0	901.601	3
902.602	2	902.602	1	902.602	3
903.602	2	903.602	0	903.602	3
904.603	2	904.603	0	904.603	3
905.604	1	905.604	0	905.604	4
906.604	0	906.604	1	906.604	5
907.605	0	907.605	0	907.605	5
908.606	1	908.606	0	908.606	6
909.606	2	909.606	0	909.606	7
910.607	2	910.607	0	910.607	7
911.608	2	911.608	1	911.608	7
912.608	3	912.608	1	912.608	7
913.609	3	913.609	1	913.609	7
914.61	2	914.61	2	914.61	6
915.61	2	915.61	2	915.61	6
916.611	1	916.611	2	916.611	5
917.612	0	917.612	1	917.612	5
918.612	0	918.612	1	918.612	6
919.613	1	919.613	1	919.613	7
920.614	1	920.614	1	920.614	6
921.614	3	921.614	1	921.614	5
922.615	4	922.615	1	922.615	5
923.616	4	923.616	0	923.616	5
924.616	3	924.616	0	924.616	5
925.617	2	925.617	0	925.617	5
926.618	1	926.618	0	926.618	5
927.618	1	927.618	1	927.618	4
928.619	0	928.619	1	928.619	4
929.62	0	929.62	2	929.62	4
930.62	0	930.62	2	930.62	4
931.621	0	931.621	2	931.621	4
932.622	0	932.622	2	932.622	4
933.622	0	933.622	2	933.622	4
934.623	0	934.623	2	934.623	4
935.624	0	935.624	2	935.624	4
936.624	0	936.624	2	936.624	4
937.625	0	937.625	2	937.625	3
938.626	0	938.626	2	938.626	3
939.626	0	939.626	1	939.626	2
940.627	0	940.627	1	940.627	2
941.628	1	941.628	1	941.628	3
942.628	1	942.628	1	942.628	3
943.629	2	943.629	2	943.629	4
944.63	2	944.63	2	944.63	3
945.63	2	945.63	2	945.63	2
946.631	3	946.631	2	946.631	2
947.632	4	947.632	2	947.632	2
948.632	5	948.632	1	948.632	2
949.633	5	949.633	1	949.633	1
950.634	5	950.634	1	950.634	1
951.634	4	951.634	1	951.634	1
952.635	2	952.635	1	952.635	0
953.636	2	953.636	0	953.636	0
954.636	3	954.636	0	954.636	0
955.637	4	955.637	0	955.637	0
956.638	3	956.638	0	956.638	2
957.638	2	957.638	0	957.638	3
958.639	0	958.639	1	958.639	3
959.64	0	959.64	1	959.64	3
960.64	0	960.64	1	960.64	3
961.641	1	961.641	1	961.641	4
962.642	1	962.642	1	962.642	3
963.642	2	963.642	1	963.642	3
964.643	2	964.643	1	964.643	2
965.644	3	965.644	1	965.644	1
966.644	3	966.644	1	966.644	1
967.645	3	967.645	1	967.645	1
968.646	3	968.646	1	968.646	2
969.646	2	969.646	1	969.646	3
970.647	1	970.647	1	970.647	3
971.648	0	971.648	1	971.648	3
972.648	0	972.648	1	972.648	3
973.649	1	973.649	0	973.649	2
974.65	2	974.65	0	974.65	2
975.65	3	975.65	0	975.65	3
976.651	3	976.651	0	976.651	4
977.652	3	977.652	0	977.652	5
978.652	3	978.652	0	978.652	5
979.653	3	979.653	0	979.653	5
980.654	2	980.654	0	980.654	5
981.654	1	981.654	0	981.654	6
982.655	0	982.655	0	982.655	6
983.656	1	983.656	1	983.656	6
984.656	2	984.656	1	984.656	5
985.657	3	985.657	2	985.657	5
986.658	3	986.658	2	986.658	4
987.658	2	987.658	2	987.658	4
988.659	2	988.659	2	988.659	4
989.66	3	989.66	2	989.66	3
990.66	4	990.66	1	990.66	2
991.661	3	991.661	2	991.661	2
992.662	3	992.662	2	992.662	1
993.662	3	993.662	1	993.662	2
994.663	3	994.663	1	994.663	3
995.664	2	995.664	1	995.664	3
996.664	2	996.664	1	996.664	2
997.665	3	997.665	1	997.665	1
998.666	4	998.666	2	998.666	1
999.666	4	999.666	2	999.666	0
1000.67	4	1000.67	2	1000.67	1
1001.67	4	1001.67	1	1001.67	1
1002.67	4	1002.67	1	1002.67	2
1003.67	4	1003.67	1	1003.67	2
1004.67	3	1004.67	1	1004.67	2
1005.67	3	1005.67	1	1005.67	1
1006.67	3	1006.67	1	1006.67	1
1007.67	4	1007.67	1	1007.67	1
1008.67	4	1008.67	1	1008.67	2
1009.67	3	1009.67	1	1009.67	3
1010.67	3	1010.67	1	1010.67	3
1011.67	3	1011.67	1	1011.67	3
1012.68	3	1012.68	0	1012.68	2
1013.68	2	1013.68	0	1013.68	1
1014.68	1	1014.68	0	1014.68	1
1015.68	0	1015.68	0	1015.68	1
1016.68	2	1016.68	1	1016.68	1
1017.68	3	1017.68	2	1017.68	1
1018.68	4	1018.68	2	1018.68	1
1019.68	4	1019.68	2	1019.68	1
1020.68	3	1020.68	2	1020.68	1
1021.68	2	1021.68	1	1021.68	1
1022.68	2	1022.68	1	1022.68	1
1023.68	2	1023.68	1	1023.68	1
1024.68	1	1024.68	1	1024.68	2
1025.68	0	1025.68	0	1025.68	2
1026.68	1	1026.68	0	1026.68	2
1027.69	2	1027.69	0	1027.69	2
1028.69	3	1028.69	0	1028.69	2
1029.69	4	1029.69	0	1029.69	2
1030.69	4	1030.69	1	1030.69	2
1031.69	4	1031.69	0	1031.69	2
1032.69	4	1032.69	0	1032.69	2
1033.69	3	1033.69	0	1033.69	3
1034.69	1	1034.69	0	1034.69	2
1035.69	1	1035.69	0	1035.69	2
1036.69	2	1036.69	0	1036.69	1
1037.69	3	1037.69	0	1037.69	1
1038.69	2	1038.69	0	1038.69	1
1039.69	1	1039.69	0	1039.69	1
1040.69	0	1040.69	0	1040.69	1
1041.69	0	1041.69	0	1041.69	1
1042.7	1	1042.7	0	1042.7	1
1043.7	3	1043.7	0	1043.7	1
1044.7	4	1044.7	0	1044.7	0
1045.7	4	1045.7	0	1045.7	0
1046.7	4	1046.7	0	1046.7	0
1047.7	3	1047.7	0	1047.7	0
1048.7	3	1048.7	0	1048.7	1
1049.7	3	1049.7	0	1049.7	2
1050.7	2	1050.7	0	1050.7	3
1051.7	1	1051.7	1	1051.7	3
1052.7	0	1052.7	1	1052.7	4
1053.7	0	1053.7	0	1053.7	4
1054.7	1	1054.7	0	1054.7	4
1055.7	1	1055.7	1	1055.7	4
1056.7	1	1056.7	1	1056.7	4
1057.71	1	1057.71	1	1057.71	5
1058.71	1	1058.71	0	1058.71	6
1059.71	2	1059.71	0	1059.71	6
1060.71	3	1060.71	0	1060.71	6
1061.71	4	1061.71	0	1061.71	5
1062.71	4	1062.71	0	1062.71	4
1063.71	3	1063.71	0	1063.71	3
1064.71	2	1064.71	1	1064.71	3
1065.71	0	1065.71	1	1065.71	2
1066.71	0	1066.71	1	1066.71	2
1067.71	0	1067.71	0	1067.71	2
1068.71	1	1068.71	0	1068.71	3
1069.71	1	1069.71	0	1069.71	3
1070.71	1	1070.71	0	1070.71	4
1071.71	1	1071.71	0	1071.71	3
1072.72	1	1072.72	0	1072.72	2
1073.72	0	1073.72	1	1073.72	1
1074.72	0	1074.72	1	1074.72	0
1075.72	0	1075.72	1	1075.72	0
1076.72	0	1076.72	1	1076.72	0
1077.72	0	1077.72	1	1077.72	1
1078.72	1	1078.72	1	1078.72	1
1079.72	1	1079.72	1	1079.72	2
1080.72	2	1080.72	2	1080.72	2
1081.72	2	1081.72	2	1081.72	2
1082.72	3	1082.72	2	1082.72	2
1083.72	4	1083.72	2	1083.72	2
1084.72	4	1084.72	2	1084.72	3
1085.72	3	1085.72	1	1085.72	5
1086.72	3	1086.72	1	1086.72	5
1087.73	2	1087.73	0	1087.73	5
1088.73	2	1088.73	0	1088.73	3
1089.73	3	1089.73	0	1089.73	2
1090.73	3	1090.73	1	1090.73	3
1091.73	2	1091.73	1	1091.73	3
1092.73	2	1092.73	1	1092.73	3
1093.73	2	1093.73	1	1093.73	4
1094.73	2	1094.73	0	1094.73	3
1095.73	1	1095.73	0	1095.73	3
1096.73	1	1096.73	1	1096.73	3
1097.73	0	1097.73	1	1097.73	3
1098.73	0	1098.73	1	1098.73	2
1099.73	0	1099.73	2	1099.73	2
1100.73	1	1100.73	2	1100.73	2
1101.73	1	1101.73	2	1101.73	2
1102.74	2	1102.74	1	1102.74	1
1103.74	2	1103.74	1	1103.74	1
1104.74	2	1104.74	1	1104.74	1
1105.74	1	1105.74	2	1105.74	1
1106.74	1	1106.74	1	1106.74	2
1107.74	2	1107.74	1	1107.74	2
1108.74	3	1108.74	1	1108.74	2
1109.74	4	1109.74	1	1109.74	1
1110.74	4	1110.74	1	1110.74	0
1111.74	3	1111.74	1	1111.74	0
1112.74	2	1112.74	1	1112.74	0
1113.74	2	1113.74	1	1113.74	1
1114.74	2	1114.74	1	1114.74	1
1115.74	3	1115.74	1	1115.74	1
1116.74	3	1116.74	1	1116.74	1
1117.75	3	1117.75	1	1117.75	1
1118.75	2	1118.75	0	1118.75	2
1119.75	1	1119.75	0	1119.75	2
1120.75	0	1120.75	0	1120.75	2
1121.75	0	1121.75	1	1121.75	2
1122.75	2	1122.75	2	1122.75	3
1123.75	4	1123.75	2	1123.75	3
1124.75	5	1124.75	2	1124.75	3
1125.75	5	1125.75	2	1125.75	3
1126.75	5	1126.75	1	1126.75	3
1127.75	5	1127.75	1	1127.75	3
1128.75	5	1128.75	2	1128.75	2
1129.75	5	1129.75	2	1129.75	2
1130.75	5	1130.75	2	1130.75	2
1131.75	5	1131.75	2	1131.75	2
1132.76	4	1132.76	1	1132.76	2
1133.76	4	1133.76	1	1133.76	2
1134.76	5	1134.76	0	1134.76	2
1135.76	4	1135.76	0	1135.76	1
1136.76	3	1136.76	0	1136.76	1
1137.76	1	1137.76	0	1137.76	1
1138.76	0	1138.76	0	1138.76	1
1139.76	0	1139.76	0	1139.76	1
1140.76	1	1140.76	1	1140.76	1
1141.76	1	1141.76	1	1141.76	1
1142.76	1	1142.76	1	1142.76	1
1143.76	0	1143.76	0	1143.76	1
1144.76	1	1144.76	0	1144.76	1
1145.76	1	1145.76	0	1145.76	1
1146.76	2	1146.76	0	1146.76	2
1147.77	3	1147.77	1	1147.77	2
1148.77	3	1148.77	1	1148.77	1
1149.77	2	1149.77	2	1149.77	1
1150.77	2	1150.77	3	1150.77	1
1151.77	1	1151.77	3	1151.77	2
1152.77	1	1152.77	3	1152.77	2
1153.77	2	1153.77	3	1153.77	1
1154.77	3	1154.77	1	1154.77	1
1155.77	4	1155.77	0	1155.77	1
1156.77	5	1156.77	0	1156.77	1
1157.77	5	1157.77	1	1157.77	1
1158.77	4	1158.77	1	1158.77	1
1159.77	3	1159.77	1	1159.77	1
1160.77	2	1160.77	1	1160.77	1
1161.77	1	1161.77	0	1161.77	0
1162.78	0	1162.78	0	1162.78	0
1163.78	0	1163.78	1	1163.78	0
1164.78	1	1164.78	1	1164.78	0
1165.78	1	1165.78	1	1165.78	0
1166.78	2	1166.78	1	1166.78	0
1167.78	2	1167.78	0	1167.78	0
1168.78	2	1168.78	0	1168.78	0
1169.78	3	1169.78	0	1169.78	0
1170.78	3	1170.78	0	1170.78	0
1171.78	3	1171.78	0	1171.78	0
1172.78	2	1172.78	0	1172.78	0
1173.78	3	1173.78	0	1173.78	0
1174.78	3	1174.78	0	1174.78	0
1175.78	3	1175.78	0	1175.78	1
1176.78	2	1176.78	1	1176.78	1
1177.79	2	1177.79	2	1177.79	2
1178.79	2	1178.79	2	1178.79	2
1179.79	3	1179.79	2	1179.79	3
1180.79	3	1180.79	2	1180.79	4
1181.79	5	1181.79	2	1181.79	5
1182.79	6	1182.79	3	1182.79	7
1183.79	7	1183.79	4	1183.79	8
1184.79	8	1184.79	6	1184.79	8
1185.79	8	1185.79	8	1185.79	10
1186.79	9	1186.79	12	1186.79	14
1187.79	13	1187.79	14	1187.79	20
1188.79	18	1188.79	17	1188.79	27
1189.79	26	1189.79	24	1189.79	35
1190.79	34	1190.79	32	1190.79	50
1191.79	46	1191.79	47	1191.79	88
1192.8	71	1192.8	86	1192.8	144
1193.8	142	1193.8	198	1193.8	200
1194.8	323	1194.8	467	1194.8	475
1195.8	699	1195.8	964	1195.8	983
1196.8	1293	1196.8	1629	1196.8	1656
1197.8	1960	1197.8	2210	1197.8	2229
1198.8	2394	1198.8	2394	1198.8	2394
1199.8	2351	1199.8	2078	1199.8	2064
1200.8	1871	1200.8	1471	1200.8	1451
1201.8	1242	1201.8	888	1201.8	868
1202.8	734	1202.8	506	1202.8	488
1203.8	438	1203.8	318	1203.8	308
1204.8	307	1204.8	248	1204.8	279
1205.8	267	1205.8	233	1205.8	250
1206.8	268	1206.8	239	1206.8	245
1207.81	282	1207.81	249	1207.81	253
1208.81	293	1208.81	254	1208.81	254
1209.81	296	1209.81	256	1209.81	247
1210.81	297	1210.81	257	1210.81	237
1211.81	305	1211.81	263	1211.81	236
1212.81	326	1212.81	277	1212.81	246
1213.81	353	1213.81	298	1213.81	263
1214.81	371	1214.81	316	1214.81	274
1215.81	369	1215.81	321	1215.81	276
1216.81	349	1216.81	311	1216.81	266
1217.81	316	1217.81	287	1217.81	257
1218.81	279	1218.81	254	1218.81	249
1219.81	241	1219.81	216	1219.81	227
1220.81	204	1220.81	176	1220.81	202
1221.81	167	1221.81	140	1221.81	174
1222.82	134	1222.82	110	1222.82	144
1223.82	105	1223.82	88	1223.82	114
1224.82	84	1224.82	73	1224.82	88
1225.82	70	1225.82	62	1225.82	69
1226.82	61	1226.82	55	1226.82	57
1227.82	55	1227.82	51	1227.82	49
1228.82	51	1228.82	49	1228.82	45
1229.82	49	1229.82	49	1229.82	44
1230.82	47	1230.82	49	1230.82	42
1231.82	45	1231.82	49	1231.82	41
1232.82	43	1232.82	47	1232.82	40
1233.82	40	1233.82	44	1233.82	39
1234.82	37	1234.82	40	1234.82	36
1235.82	33	1235.82	35	1235.82	32
1236.82	31	1236.82	32	1236.82	29
1237.83	31	1237.83	30	1237.83	26
1238.83	33	1238.83	31	1238.83	26
1239.83	35	1239.83	33	1239.83	28
1240.83	38	1240.83	36	1240.83	29
1241.83	38	1241.83	38	1241.83	29
1242.83	37	1242.83	37	1242.83	27
1243.83	32	1243.83	34	1243.83	26
1244.83	27	1244.83	30	1244.83	21
1245.83	22	1245.83	27	1245.83	17
1246.83	19	1246.83	24	1246.83	13
1247.83	16	1247.83	21	1247.83	10
1248.83	14	1248.83	18	1248.83	9
1249.83	13	1249.83	17	1249.83	9
1250.83	12	1250.83	16	1250.83	9
1251.83	11	1251.83	15	1251.83	9
1252.84	0	1252.84	15	1252.84	7
1253.84	-1	1253.84	13	1253.84	6
1254.84	-1	1254.84	12	1254.84	6
1255.84	-3	1255.84	0	1255.84	6
1256.84	-4	1256.84	0	1256.84	6
1257.84	-6	1257.84	1	1257.84	6
1258.84	-5	1258.84	1	1258.84	6
1259.84	-4	1259.84	1	1259.84	5
1260.84	-3	1260.84	2	1260.84	5
1261.84	-2	1261.84	2	1261.84	6
1262.84	-3	1262.84	1	1262.84	6
1263.84	-4	1263.84	0	1263.84	7
1264.84	-6	1264.84	-1	1264.84	6
1265.84	-7	1265.84	-2	1265.84	5
1266.84	-8	1266.84	-2	1266.84	4
1267.85	-8	1267.85	-3	1267.85	4
1268.85	-8	1268.85	-3	1268.85	3
1269.85	-8	1269.85	-3	1269.85	3
1270.85	-7	1270.85	-4	1270.85	3
1271.85	-8	1271.85	-4	1271.85	3
1272.85	-8	1272.85	-5	1272.85	3
1273.85	-8	1273.85	-5	1273.85	3
1274.85	-8	1274.85	-5	1274.85	3
1275.85	-8	1275.85	-5	1275.85	3
1276.85	-8	1276.85	-5	1276.85	2
1277.85	-8	1277.85	-5	1277.85	1
1278.85	-7	1278.85	-5	1278.85	0
1279.85	-7	1279.85	-5	1279.85	0
1280.85	-6	1280.85	-4	1280.85	1
1281.85	-5	1281.85	-3	1281.85	1
1282.86	-5	1282.86	-3	1282.86	1
1283.86	-5	1283.86	-3	1283.86	1
1284.86	-5	1284.86	-3	1284.86	1
1285.86	-5	1285.86	-3	1285.86	1
1286.86	-4	1286.86	-3	1286.86	0
1287.86	-3	1287.86	-3	1287.86	0
1288.86	-2	1288.86	-4	1288.86	1
1289.86	-2	1289.86	-4	1289.86	2
1290.86	-2	1290.86	-5	1290.86	3
1291.86	-3	1291.86	-4	1291.86	3
1292.86	-2	1292.86	-3	1292.86	3
1293.86	0	1293.86	-3	1293.86	3
1294.86	2	1294.86	-3	1294.86	3
1295.86	3	1295.86	-2	1295.86	3
1296.86	4	1296.86	0	1296.86	4
1297.87	3	1297.87	1	1297.87	5
1298.87	3	1298.87	2	1298.87	0
1299.87	3	1299.87	2	1299.87	2
1300.87	5	1300.87	3	1300.87	3
1301.87	5	1301.87	3	1301.87	3
1302.87	6	1302.87	3	1302.87	3
1303.87	6	1303.87	3	1303.87	3
1304.87	6	1304.87	3	1304.87	4
1305.87	7	1305.87	3	1305.87	4
1306.87	9	1306.87	2	1306.87	4
1307.87	10	1307.87	2	1307.87	4
1308.87	10	1308.87	2	1308.87	4
1309.87	10	1309.87	2	1309.87	5
1310.87	9	1310.87	2	1310.87	6
1311.87	9	1311.87	2	1311.87	6
1312.88	8	1312.88	1	1312.88	6
1313.88	6	1313.88	0	1313.88	5
1314.88	4	1314.88	0	1314.88	4
1315.88	3	1315.88	0	1315.88	3
1316.88	3	1316.88	0	1316.88	3
1317.88	4	1317.88	-1	1317.88	2
1318.88	4	1318.88	-1	1318.88	1
1319.88	4	1319.88	-1	1319.88	0
1320.88	3	1320.88	-1	1320.88	0
1321.88	3	1321.88	-1	1321.88	0
1322.88	2	1322.88	-1	1322.88	1
1323.88	1	1323.88	-2	1323.88	0
1324.88	2	1324.88	-2	1324.88	0
1325.88	3	1325.88	-2	1325.88	-1
1326.88	4	1326.88	-2	1326.88	-2
1327.89	4	1327.89	-2	1327.89	-1
1328.89	3	1328.89	-2	1328.89	-1
1329.89	2	1329.89	-2	1329.89	-1
1330.89	2	1330.89	-2	1330.89	-1
1331.89	2	1331.89	-2	1331.89	-1
1332.89	2	1332.89	-2	1332.89	-1
1333.89	2	1333.89	-1	1333.89	-1
1334.89	2	1334.89	-2	1334.89	-1
1335.89	2	1335.89	-2	1335.89	-1
1336.89	2	1336.89	-2	1336.89	-1
1337.89	2	1337.89	-2	1337.89	-1
1338.89	3	1338.89	-2	1338.89	-1
1339.89	3	1339.89	-2	1339.89	0
1340.89	4	1340.89	-2	1340.89	0
1341.89	4	1341.89	-2	1341.89	1
1342.9	4	1342.9	-2	1342.9	2
1343.9	4	1343.9	-3	1343.9	2
1344.9	3	1344.9	-4	1344.9	2
1345.9	4	1345.9	-4	1345.9	2
1346.9	5	1346.9	-4	1346.9	2
1347.9	7	1347.9	-4	1347.9	1
1348.9	7	1348.9	-4	1348.9	1
1349.9	8	1349.9	-4	1349.9	0
1350.9	9	1350.9	-3	1350.9	1
1351.9	9	1351.9	-3	1351.9	2
1352.9	10	1352.9	-2	1352.9	3
1353.9	12	1353.9	-2	1353.9	3
1354.9	14	1354.9	-1	1354.9	2
1355.9	15	1355.9	-1	1355.9	2
1356.9	15	1356.9	-1	1356.9	1
1357.91	15	1357.91	-1	1357.91	1
1358.91	16	1358.91	-1	1358.91	2
1359.91	17	1359.91	0	1359.91	3
1360.91	18	1360.91	1	1360.91	5
1361.91	19	1361.91	1	1361.91	7
1362.91	20	1362.91	2	1362.91	9
1363.91	22	1363.91	3	1363.91	11
1364.91	23	1364.91	3	1364.91	13
1365.91	25	1365.91	3	1365.91	13
1366.91	27	1366.91	4	1366.91	14
1367.91	29	1367.91	4	1367.91	14
1368.91	32	1368.91	4	1368.91	14
1369.91	36	1369.91	5	1369.91	15
1370.91	39	1370.91	5	1370.91	16
1371.91	42	1371.91	5	1371.91	17
1372.92	46	1372.92	5	1372.92	17
1373.92	49	1373.92	6	1373.92	18
1374.92	52	1374.92	7	1374.92	18
1375.92	55	1375.92	8	1375.92	20
1376.92	58	1376.92	8	1376.92	22
1377.92	61	1377.92	9	1377.92	25
1378.92	64	1378.92	10	1378.92	27
1379.92	68	1379.92	11	1379.92	29
1380.92	72	1380.92	11	1380.92	30
1381.92	77	1381.92	12	1381.92	30
1382.92	83	1382.92	13	1382.92	32
1383.92	89	1383.92	15	1383.92	34
1384.92	96	1384.92	17	1384.92	37
1385.92	104	1385.92	19	1385.92	41
1386.92	113	1386.92	20	1386.92	44
1387.93	123	1387.93	22	1387.93	47
1388.93	133	1388.93	24	1388.93	51
1389.93	143	1389.93	27	1389.93	55
1390.93	154	1390.93	30	1390.93	62
1391.93	165	1391.93	34	1391.93	69
1392.93	175	1392.93	37	1392.93	78
1393.93	186	1393.93	40	1393.93	84
1394.93	195	1394.93	43	1394.93	90
1395.93	205	1395.93	45	1395.93	105
1396.93	218	1396.93	48	1396.93	121
1397.93	232	1397.93	50	1397.93	133
1398.93	246	1398.93	53	1398.93	138
1399.93	258	1399.93	56	1399.93	139
1400.93	271	1400.93	58	1400.93	138
1401.93	285	1401.93	59	1401.93	138
1402.94	302	1402.94	63	1402.94	140
1403.94	320	1403.94	67	1403.94	144
1404.94	337	1404.94	70	1404.94	149
1405.94	353	1405.94	74	1405.94	153
1406.94	368	1406.94	79	1406.94	156
1407.94	385	1407.94	84	1407.94	159
1408.94	403	1408.94	88	1408.94	166
1409.94	423	1409.94	93	1409.94	174
1410.94	445	1410.94	97	1410.94	183
1411.94	468	1411.94	102	1411.94	192
1412.94	493	1412.94	106	1412.94	202
1413.94	519	1413.94	111	1413.94	214
1414.94	549	1414.94	116	1414.94	227
1415.94	582	1415.94	121	1415.94	240
1416.94	619	1416.94	125	1416.94	255
1417.95	659	1417.95	131	1417.95	271
1418.95	703	1418.95	138	1418.95	280
1419.95	751	1419.95	145	1419.95	289
1420.95	802	1420.95	154	1420.95	308
1421.95	919	1421.95	158	1421.95	329
1422.95	983	1422.95	163	1422.95	352
1423.95	1050	1423.95	172	1423.95	377
1424.95	1120	1424.95	183	1424.95	405
1425.95	1195	1425.95	194	1425.95	433
1426.95	1273	1426.95	207	1426.95	462
1427.95	1352	1427.95	222	1427.95	491
1428.95	1431	1428.95	237	1428.95	521
1429.95	1508	1429.95	253	1429.95	553
1430.95	1582	1430.95	269	1430.95	585
1431.95	1655	1431.95	286	1431.95	601
1432.96	1727	1432.96	305	1432.96	616
1433.96	1797	1433.96	326	1433.96	646
1434.96	1861	1434.96	347	1434.96	675
1435.96	1916	1435.96	367	1435.96	702
1436.96	1962	1436.96	386	1436.96	725
1437.96	2002	1437.96	405	1437.96	745
1438.96	2041	1438.96	425	1438.96	762
1439.96	2078	1439.96	445	1439.96	777
1440.96	2107	1440.96	463	1440.96	788
1441.96	2128	1441.96	481	1441.96	797
1442.96	2141	1442.96	488	1442.96	804
1443.96	2150	1443.96	496	1443.96	806
1444.96	2152	1444.96	509	1444.96	807
1445.96	2145	1445.96	519	1445.96	806
1446.96	2129	1446.96	528	1446.96	802
1447.97	2107	1447.97	537	1447.97	796
1448.97	2082	1448.97	545	1448.97	788
1449.97	2052	1449.97	551	1449.97	777
1450.97	2015	1450.97	555	1450.97	762
1451.97	1974	1451.97	556	1451.97	746
1452.97	1931	1452.97	556	1452.97	729
1453.97	1887	1453.97	553	1453.97	711
1454.97	1837	1454.97	548	1454.97	692
1455.97	1784	1455.97	541	1455.97	672
1456.97	1732	1456.97	533	1456.97	662
1457.97	1683	1457.97	524	1457.97	651
1458.97	1635	1458.97	513	1458.97	629
1459.97	1585	1459.97	501	1459.97	608
1460.97	1533	1460.97	487	1460.97	587
1461.97	1480	1461.97	470	1461.97	568
1462.98	1428	1462.98	453	1462.98	548
1463.98	1377	1463.98	445	1463.98	529
1464.98	1325	1464.98	437	1464.98	510
1465.98	1272	1465.98	422	1465.98	492
1466.98	1219	1466.98	408	1466.98	472
1467.98	1168	1467.98	394	1467.98	453
1468.98	1118	1468.98	379	1468.98	436
1469.98	1071	1469.98	363	1469.98	427
1470.98	1028	1470.98	346	1470.98	418
1471.98	989	1471.98	329	1471.98	401
1472.98	950	1472.98	315	1472.98	384
1473.98	912	1473.98	301	1473.98	370
1474.98	874	1474.98	289	1474.98	356
1475.98	836	1475.98	277	1475.98	342
1476.98	800	1476.98	264	1476.98	326
1477.99	766	1477.99	251	1477.99	311
1478.99	735	1478.99	238	1478.99	297
1479.99	705	1479.99	227	1479.99	284
1480.99	674	1480.99	216	1480.99	272
1481.99	643	1481.99	204	1481.99	266
1482.99	614	1482.99	192	1482.99	260
1483.99	587	1483.99	182	1483.99	249
1484.99	562	1484.99	177	1484.99	238
1485.99	537	1485.99	173	1485.99	227
1486.99	513	1486.99	165	1486.99	217
1487.99	488	1487.99	157	1487.99	208
1488.99	464	1488.99	149	1488.99	200
1489.99	442	1489.99	141	1489.99	191
1490.99	422	1490.99	134	1490.99	183
1491.99	403	1491.99	128	1491.99	174
1493	385	1493	121	1493	165
1494	366	1494	116	1494	158
1495	348	1495	110	1495	154
1496	330	1496	106	1496	151
1497	312	1497	101	1497	145
1498	295	1498	97	1498	140
1499	279	1499	92	1499	135
1500	266	1500	87	1500	130
1501	254	1501	82	1501	124
1502	244	1502	77	1502	118
1503	235	1503	73	1503	112
1504	226	1504	69	1504	106
1505	216	1505	66	1505	101
1506	204	1506	63	1506	97
1507	191	1507	61	1507	95
1508.01	179	1508.01	60	1508.01	93
1509.01	169	1509.01	57	1509.01	90
1510.01	160	1510.01	54	1510.01	88
1511.01	151	1511.01	52	1511.01	87
1512.01	142	1512.01	50	1512.01	87
1513.01	135	1513.01	48	1513.01	85
1514.01	129	1514.01	46	1514.01	83
1515.01	122	1515.01	44	1515.01	79
1516.01	116	1516.01	42	1516.01	75
1517.01	112	1517.01	41	1517.01	71
1518.01	107	1518.01	40	1518.01	68
1519.01	103	1519.01	39	1519.01	65
1520.01	99	1520.01	38	1520.01	63
1521.01	94	1521.01	37	1521.01	62
1522.01	90	1522.01	36	1522.01	59
1523.02	85	1523.02	36	1523.02	57
1524.02	83	1524.02	35	1524.02	56
1525.02	81	1525.02	35	1525.02	55
1526.02	78	1526.02	35	1526.02	55
1527.02	76	1527.02	35	1527.02	56
1528.02	73	1528.02	36	1528.02	59
1529.02	69	1529.02	36	1529.02	60
1530.02	66	1530.02	37	1530.02	61
1531.02	64	1531.02	37	1531.02	61
1532.02	63	1532.02	37	1532.02	61
1533.02	61	1533.02	37	1533.02	61
1534.02	59	1534.02	38	1534.02	62
1535.02	57	1535.02	39	1535.02	62
1536.02	57	1536.02	39	1536.02	63
1537.02	57	1537.02	40	1537.02	65
1538.03	57	1538.03	40	1538.03	66
1539.03	56	1539.03	41	1539.03	68
1540.03	54	1540.03	42	1540.03	70
1541.03	52	1541.03	43	1541.03	72
1542.03	50	1542.03	44	1542.03	75
1543.03	49	1543.03	44	1543.03	78
1544.03	48	1544.03	44	1544.03	79
1545.03	47	1545.03	45	1545.03	80
1546.03	46	1546.03	46	1546.03	80
1547.03	45	1547.03	46	1547.03	82
1548.03	45	1548.03	46	1548.03	83
1549.03	45	1549.03	45	1549.03	85
1550.03	44	1550.03	45	1550.03	87
1551.03	41	1551.03	45	1551.03	89
1552.03	38	1552.03	45	1552.03	91
1553.04	37	1553.04	44	1553.04	91
1554.04	37	1554.04	43	1554.04	92
1555.04	38	1555.04	43	1555.04	94
1556.04	38	1556.04	43	1556.04	96
1557.04	37	1557.04	44	1557.04	98
1558.04	35	1558.04	44	1558.04	98
1559.04	35	1559.04	43	1559.04	99
1560.04	35	1560.04	42	1560.04	99
1561.04	35	1561.04	42	1561.04	100
1562.04	34	1562.04	41	1562.04	101
1563.04	34	1563.04	41	1563.04	103
1564.04	33	1564.04	40	1564.04	103
1565.04	32	1565.04	39	1565.04	104
1566.04	31	1566.04	39	1566.04	105
1567.04	31	1567.04	38	1567.04	105
1568.05	31	1568.05	38	1568.05	105
1569.05	31	1569.05	37	1569.05	105
1570.05	30	1570.05	37	1570.05	105
1571.05	29	1571.05	36	1571.05	105
1572.05	28	1572.05	36	1572.05	106
1573.05	28	1573.05	36	1573.05	106
1574.05	29	1574.05	36	1574.05	105
1575.05	29	1575.05	35	1575.05	104
1576.05	29	1576.05	34	1576.05	104
1577.05	30	1577.05	33	1577.05	104
1578.05	30	1578.05	32	1578.05	105
1579.05	30	1579.05	31	1579.05	105
1580.05	31	1580.05	30	1580.05	104
1581.05	31	1581.05	29	1581.05	103
1582.05	32	1582.05	29	1582.05	101
1583.06	31	1583.06	30	1583.06	101
1584.06	31	1584.06	29	1584.06	100
1585.06	31	1585.06	29	1585.06	98
1586.06	30	1586.06	28	1586.06	96
1587.06	31	1587.06	26	1587.06	95
1588.06	31	1588.06	26	1588.06	95
1589.06	33	1589.06	25	1589.06	96
1590.06	35	1590.06	24	1590.06	96
1591.06	36	1591.06	24	1591.06	94
1592.06	36	1592.06	24	1592.06	92
1593.06	36	1593.06	23	1593.06	90
1594.06	36	1594.06	22	1594.06	90
1595.06	38	1595.06	21	1595.06	90
1596.06	39	1596.06	21	1596.06	90
1597.06	40	1597.06	20	1597.06	89
1598.07	42	1598.07	20	1598.07	88
1599.07	43	1599.07	20	1599.07	87
1600.07	45	1600.07	20	1600.07	86
1601.07	46	1601.07	19	1601.07	86
1602.07	47	1602.07	19	1602.07	84
1603.07	49	1603.07	18	1603.07	83
1604.07	51	1604.07	18	1604.07	82
1605.07	53	1605.07	18	1605.07	82
1606.07	56	1606.07	18	1606.07	81
1607.07	59	1607.07	18	1607.07	81
1608.07	63	1608.07	18	1608.07	80
1609.07	67	1609.07	18	1609.07	80
1610.07	71	1610.07	18	1610.07	79
1611.07	73	1611.07	18	1611.07	77
1612.07	75	1612.07	19	1612.07	76
1613.08	77	1613.08	19	1613.08	76
1614.08	80	1614.08	18	1614.08	76
1615.08	84	1615.08	18	1615.08	76
1616.08	87	1616.08	17	1616.08	76
1617.08	90	1617.08	17	1617.08	76
1618.08	94	1618.08	17	1618.08	75
1619.08	99	1619.08	16	1619.08	75
1620.08	104	1620.08	16	1620.08	75
1621.08	108	1621.08	17	1621.08	75
1622.08	112	1622.08	17	1622.08	75
1623.08	119	1623.08	17	1623.08	74
1624.08	126	1624.08	18	1624.08	74
1625.08	132	1625.08	17	1625.08	75
1626.08	138	1626.08	17	1626.08	76
1627.08	143	1627.08	17	1627.08	77
1628.09	149	1628.09	17	1628.09	76
1629.09	154	1629.09	18	1629.09	74
1630.09	160	1630.09	19	1630.09	74
1631.09	167	1631.09	19	1631.09	74
1632.09	173	1632.09	20	1632.09	76
1633.09	180	1633.09	20	1633.09	76
1634.09	186	1634.09	20	1634.09	77
1635.09	192	1635.09	20	1635.09	78
1636.09	197	1636.09	21	1636.09	79
1637.09	202	1637.09	22	1637.09	79
1638.09	207	1638.09	23	1638.09	80
1639.09	212	1639.09	24	1639.09	80
1640.09	218	1640.09	25	1640.09	81
1641.09	222	1641.09	26	1641.09	82
1642.09	225	1642.09	27	1642.09	83
1643.1	228	1643.1	28	1643.1	84
1644.1	232	1644.1	28	1644.1	85
1645.1	236	1645.1	28	1645.1	84
1646.1	239	1646.1	28	1646.1	84
1647.1	243	1647.1	28	1647.1	83
1648.1	247	1648.1	27	1648.1	83
1649.1	251	1649.1	28	1649.1	83
1650.1	253	1650.1	28	1650.1	83
1651.1	255	1651.1	30	1651.1	82
1652.1	257	1652.1	31	1652.1	82
1653.1	258	1653.1	33	1653.1	80
1654.1	261	1654.1	34	1654.1	78
1655.1	263	1655.1	34	1655.1	77
1656.1	266	1656.1	34	1656.1	76
1657.1	269	1657.1	33	1657.1	77
1658.11	270	1658.11	32	1658.11	77
1659.11	271	1659.11	32	1659.11	77
1660.11	271	1660.11	34	1660.11	77
1661.11	270	1661.11	35	1661.11	76
1662.11	271	1662.11	35	1662.11	75
1663.11	273	1663.11	35	1663.11	75
1664.11	275	1664.11	34	1664.11	76
1665.11	275	1665.11	32	1665.11	76
1666.11	273	1666.11	31	1666.11	76
1667.11	272	1667.11	31	1667.11	75
1668.11	272	1668.11	32	1668.11	75
1669.11	274	1669.11	33	1669.11	76
1670.11	277	1670.11	33	1670.11	76
1671.11	280	1671.11	33	1671.11	76
1672.11	284	1672.11	32	1672.11	76
1673.12	286	1673.12	31	1673.12	77
1674.12	286	1674.12	31	1674.12	76
1675.12	286	1675.12	30	1675.12	76
1676.12	287	1676.12	30	1676.12	75
1677.12	288	1677.12	30	1677.12	75
1678.12	290	1678.12	31	1678.12	75
1679.12	291	1679.12	31	1679.12	75
1680.12	290	1680.12	31	1680.12	76
1681.12	288	1681.12	31	1681.12	78
1682.12	289	1682.12	31	1682.12	80
1683.12	292	1683.12	31	1683.12	81
1684.12	296	1684.12	30	1684.12	81
1685.12	300	1685.12	30	1685.12	82
1686.12	302	1686.12	29	1686.12	83
1687.12	304	1687.12	29	1687.12	85
1688.13	308	1688.13	30	1688.13	86
1689.13	314	1689.13	30	1689.13	86
1690.13	321	1690.13	30	1690.13	87
1691.13	324	1691.13	30	1691.13	87
1692.13	325	1692.13	31	1692.13	88
1693.13	324	1693.13	31	1693.13	87
1694.13	325	1694.13	31	1694.13	86
1695.13	327	1695.13	31	1695.13	85
1696.13	331	1696.13	31	1696.13	85
1697.13	335	1697.13	31	1697.13	84
1698.13	340	1698.13	31	1698.13	84
1699.13	344	1699.13	31	1699.13	85
1700.13	346	1700.13	31	1700.13	85
1701.13	348	1701.13	31	1701.13	84
1702.13	351	1702.13	32	1702.13	84
1703.14	352	1703.14	33	1703.14	84
1704.14	352	1704.14	34	1704.14	84
1705.14	351	1705.14	34	1705.14	84
1706.14	349	1706.14	34	1706.14	84
1707.14	347	1707.14	33	1707.14	84
1708.14	347	1708.14	32	1708.14	85
1709.14	348	1709.14	33	1709.14	84
1710.14	352	1710.14	33	1710.14	84
1711.14	357	1711.14	33	1711.14	83
1712.14	359	1712.14	33	1712.14	82
1713.14	359	1713.14	34	1713.14	82
1714.14	357	1714.14	35	1714.14	83
1715.14	355	1715.14	35	1715.14	85
1716.14	352	1716.14	36	1716.14	86
1717.14	349	1717.14	37	1717.14	87
1718.15	347	1718.15	36	1718.15	87
1719.15	344	1719.15	36	1719.15	87
1720.15	343	1720.15	35	1720.15	86
1721.15	341	1721.15	35	1721.15	86
1722.15	338	1722.15	36	1722.15	85
1723.15	334	1723.15	36	1723.15	84
1724.15	330	1724.15	36	1724.15	83
1725.15	328	1725.15	35	1725.15	84
1726.15	327	1726.15	35	1726.15	84
1727.15	325	1727.15	35	1727.15	83
1728.15	321	1728.15	36	1728.15	81
1729.15	318	1729.15	37	1729.15	79
1730.15	315	1730.15	37	1730.15	77
1731.15	312	1731.15	36	1731.15	77
1732.15	308	1732.15	36	1732.15	77
1733.16	304	1733.16	35	1733.16	78
1734.16	301	1734.16	35	1734.16	78
1735.16	298	1735.16	35	1735.16	78
1736.16	296	1736.16	35	1736.16	79
1737.16	293	1737.16	34	1737.16	79
1738.16	289	1738.16	34	1738.16	79
1739.16	284	1739.16	34	1739.16	79
1740.16	279	1740.16	34	1740.16	78
1741.16	274	1741.16	34	1741.16	76
1742.16	269	1742.16	34	1742.16	76
1743.16	266	1743.16	33	1743.16	76
1744.16	265	1744.16	32	1744.16	76
1745.16	263	1745.16	32	1745.16	75
1746.16	260	1746.16	31	1746.16	74
1747.16	255	1747.16	30	1747.16	74
1748.17	251	1748.17	30	1748.17	73
1749.17	247	1749.17	30	1749.17	74
1750.17	243	1750.17	30	1750.17	74
1751.17	238	1751.17	30	1751.17	74
1752.17	234	1752.17	29	1752.17	74
1753.17	230	1753.17	29	1753.17	75
1754.17	227	1754.17	29	1754.17	76
1755.17	223	1755.17	29	1755.17	75
1756.17	219	1756.17	28	1756.17	73
1757.17	214	1757.17	27	1757.17	72
1758.17	209	1758.17	26	1758.17	71
1759.17	205	1759.17	26	1759.17	71
1760.17	202	1760.17	26	1760.17	71
1761.17	199	1761.17	26	1761.17	71
1762.17	195	1762.17	25	1762.17	72
1763.18	191	1763.18	25	1763.18	71
1764.18	187	1764.18	25	1764.18	71
1765.18	183	1765.18	24	1765.18	71
1766.18	178	1766.18	24	1766.18	71
1767.18	174	1767.18	24	1767.18	71
1768.18	171	1768.18	24	1768.18	72
1769.18	169	1769.18	24	1769.18	72
1770.18	166	1770.18	22	1770.18	71
1771.18	162	1771.18	21	1771.18	72
1772.18	159	1772.18	20	1772.18	72
1773.18	154	1773.18	20	1773.18	73
1774.18	150	1774.18	20	1774.18	74
1775.18	146	1775.18	21	1775.18	74
1776.18	145	1776.18	21	1776.18	73
1777.18	145	1777.18	20	1777.18	72
1778.19	142	1778.19	20	1778.19	72
1779.19	136	1779.19	20	1779.19	72
1780.19	130	1780.19	19	1780.19	72
1781.19	125	1781.19	18	1781.19	72
1782.19	122	1782.19	18	1782.19	72
1783.19	120	1783.19	17	1783.19	72
1784.19	118	1784.19	17	1784.19	71
1785.19	116	1785.19	18	1785.19	71
1786.19	113	1786.19	18	1786.19	71
1787.19	109	1787.19	17	1787.19	72
1788.19	105	1788.19	17	1788.19	74
1789.19	100	1789.19	16	1789.19	75
1790.19	96	1790.19	16	1790.19	76
1791.19	94	1791.19	16	1791.19	76
1792.19	92	1792.19	16	1792.19	76
1793.2	90	1793.2	15	1793.2	75
1794.2	88	1794.2	15	1794.2	75
1795.2	86	1795.2	14	1795.2	75
1796.2	83	1796.2	14	1796.2	74
1797.2	82	1797.2	13	1797.2	74
1798.2	81	1798.2	13	1798.2	73
1799.2	81	1799.2	13	1799.2	72
1800.2	82	1800.2	13	1800.2	69
1801.2	82	1801.2	12	1801.2	68
1802.2	80	1802.2	12	1802.2	67
1803.2	77	1803.2	11	1803.2	68
1804.2	73	1804.2	11	1804.2	69
1805.2	70	1805.2	11	1805.2	70
1806.2	68	1806.2	11	1806.2	71
1807.2	67	1807.2	11	1807.2	72
1808.21	66	1808.21	11	1808.21	71
1809.21	65	1809.21	11	1809.21	71
1810.21	65	1810.21	10	1810.21	70
1811.21	66	1811.21	9	1811.21	70
1812.21	66	1812.21	9	1812.21	70
1813.21	66	1813.21	8	1813.21	72
1814.21	65	1814.21	8	1814.21	74
1815.21	64	1815.21	8	1815.21	74
1816.21	62	1816.21	8	1816.21	73
1817.21	61	1817.21	8	1817.21	72
1818.21	62	1818.21	8	1818.21	73
1819.21	61	1819.21	8	1819.21	73
1820.21	60	1820.21	7	1820.21	72
1821.21	58	1821.21	6	1821.21	71
1822.21	57	1822.21	6	1822.21	70
1823.22	57	1823.22	6	1823.22	69
1824.22	58	1824.22	6	1824.22	69
1825.22	58	1825.22	6	1825.22	70
1826.22	58	1826.22	6	1826.22	71
1827.22	58	1827.22	5	1827.22	71
1828.22	59	1828.22	5	1828.22	70
1829.22	59	1829.22	4	1829.22	70
1830.22	58	1830.22	4	1830.22	71
1831.22	57	1831.22	4	1831.22	70
1832.22	58	1832.22	4	1832.22	70
1833.22	59	1833.22	4	1833.22	69
1834.22	60	1834.22	3	1834.22	68
1835.22	60	1835.22	3	1835.22	68
1836.22	60	1836.22	3	1836.22	68
1837.22	61	1837.22	3	1837.22	68
1838.23	60	1838.23	3	1838.23	69
1839.23	59	1839.23	2	1839.23	68
1840.23	59	1840.23	2	1840.23	66
1841.23	60	1841.23	2	1841.23	64
1842.23	60	1842.23	2	1842.23	63
1843.23	60	1843.23	3	1843.23	63
1844.23	60	1844.23	2	1844.23	63
1845.23	60	1845.23	2	1845.23	63
1846.23	60	1846.23	2	1846.23	64
1847.23	60	1847.23	1	1847.23	63
1848.23	60	1848.23	1	1848.23	63
1849.23	60	1849.23	1	1849.23	62
1850.23	60	1850.23	1	1850.23	61
1851.23	59	1851.23	1	1851.23	60
1852.23	58	1852.23	1	1852.23	59
1853.24	57	1853.24	1	1853.24	60
1854.24	57	1854.24	1	1854.24	59
1855.24	58	1855.24	1	1855.24	58
1856.24	60	1856.24	0	1856.24	58
1857.24	61	1857.24	-1	1857.24	57
1858.24	62	1858.24	-1	1858.24	57
1859.24	62	1859.24	-2	1859.24	56
1860.24	61	1860.24	-2	1860.24	56
1861.24	61	1861.24	-2	1861.24	56
1862.24	61	1862.24	-1	1862.24	56
1863.24	63	1863.24	-1	1863.24	56
1864.24	65	1864.24	-1	1864.24	55
1865.24	64	1865.24	-2	1865.24	54
1866.24	63	1866.24	-2	1866.24	53
1867.24	63	1867.24	-2	1867.24	52
1868.25	63	1868.25	-3	1868.25	52
1869.25	62	1869.25	-3	1869.25	52
1870.25	61	1870.25	-3	1870.25	53
1871.25	61	1871.25	-2	1871.25	53
1872.25	62	1872.25	-2	1872.25	53
1873.25	64	1873.25	-2	1873.25	53
1874.25	65	1874.25	-3	1874.25	53
1875.25	65	1875.25	-3	1875.25	52
1876.25	64	1876.25	-4	1876.25	51
1877.25	63	1877.25	-4	1877.25	50
1878.25	64	1878.25	-3	1878.25	51
1879.25	66	1879.25	-3	1879.25	52
1880.25	66	1880.25	-4	1880.25	51
1881.25	65	1881.25	-5	1881.25	50
1882.25	64	1882.25	-6	1882.25	50
1883.26	65	1883.26	-7	1883.26	51
1884.26	66	1884.26	-7	1884.26	51
1885.26	67	1885.26	-7	1885.26	51
1886.26	67	1886.26	-7	1886.26	51
1887.26	68	1887.26	-7	1887.26	50
1888.26	67	1888.26	-7	1888.26	49
1889.26	67	1889.26	-7	1889.26	49
1890.26	67	1890.26	-6	1890.26	48
1891.26	68	1891.26	-6	1891.26	47
1892.26	69	1892.26	-6	1892.26	45
1893.26	69	1893.26	-7	1893.26	43
1894.26	70	1894.26	-7	1894.26	42
1895.26	70	1895.26	-6	1895.26	42
1896.26	71	1896.26	-6	1896.26	42
1897.26	72	1897.26	-6	1897.26	42
1898.27	74	1898.27	-6	1898.27	42
1899.27	75	1899.27	-6	1899.27	43
1900.27	76	1900.27	-7	1900.27	44
1901.27	75	1901.27	-8	1901.27	44
1902.27	74	1902.27	-8	1902.27	44
1903.27	74	1903.27	-8	1903.27	43
1904.27	74	1904.27	-8	1904.27	42
1905.27	75	1905.27	-8	1905.27	42
1906.27	77	1906.27	-9	1906.27	42
1907.27	79	1907.27	-9	1907.27	41
1908.27	80	1908.27	-9	1908.27	40
1909.27	80	1909.27	-9	1909.27	40
1910.27	80	1910.27	-9	1910.27	39
1911.27	81	1911.27	-9	1911.27	39
1912.27	84	1912.27	-9	1912.27	38
1913.28	86	1913.28	-8	1913.28	38
1914.28	87	1914.28	-8	1914.28	38
1915.28	85	1915.28	-8	1915.28	39
1916.28	83	1916.28	-9	1916.28	39
1917.28	82	1917.28	-9	1917.28	37
1918.28	83	1918.28	-9	1918.28	36
1919.28	85	1919.28	-9	1919.28	37
1920.28	86	1920.28	-9	1920.28	38
1921.28	86	1921.28	-9	1921.28	39
1922.28	87	1922.28	-9	1922.28	38
1923.28	87	1923.28	-9	1923.28	38
1924.28	88	1924.28	-9	1924.28	38
1925.28	88	1925.28	-9	1925.28	38
1926.28	88	1926.28	-9	1926.28	38
1927.28	87	1927.28	-9	1927.28	38
1928.29	87	1928.29	-9	1928.29	38
1929.29	88	1929.29	-10	1929.29	39
1930.29	89	1930.29	-9	1930.29	41
1931.29	90	1931.29	-9	1931.29	42
1932.29	90	1932.29	-9	1932.29	43
1933.29	91	1933.29	-9	1933.29	42
1934.29	93	1934.29	-8	1934.29	42
1935.29	93	1935.29	-8	1935.29	41
1936.29	92	1936.29	-8	1936.29	41
1937.29	91	1937.29	-8	1937.29	40
1938.29	89	1938.29	-9	1938.29	40
1939.29	88	1939.29	-9	1939.29	39
1940.29	87	1940.29	-10	1940.29	39
1941.29	87	1941.29	-9	1941.29	39
1942.29	88	1942.29	-9	1942.29	39
1943.3	91	1943.3	-9	1943.3	39
1944.3	93	1944.3	-9	1944.3	39
1945.3	93	1945.3	-9	1945.3	38
1946.3	92	1946.3	-8	1946.3	38
1947.3	93	1947.3	-8	1947.3	38
1948.3	94	1948.3	-8	1948.3	38
1949.3	94	1949.3	-9	1949.3	39
1950.3	92	1950.3	-10	1950.3	38
1951.3	90	1951.3	-10	1951.3	37
1952.3	88	1952.3	-9	1952.3	37
1953.3	86	1953.3	-9	1953.3	38
1954.3	83	1954.3	-9	1954.3	38
1955.3	81	1955.3	-8	1955.3	39
1956.3	80	1956.3	-8	1956.3	41
1957.3	80	1957.3	-8	1957.3	43
1958.31	80	1958.31	-8	1958.31	45
1959.31	80	1959.31	-8	1959.31	45
1960.31	79	1960.31	-8	1960.31	44
1961.31	79	1961.31	-9	1961.31	44
1962.31	78	1962.31	-9	1962.31	43
1963.31	78	1963.31	-9	1963.31	42
1964.31	78	1964.31	-9	1964.31	42
1965.31	78	1965.31	-9	1965.31	42
1966.31	76	1966.31	-9	1966.31	42
1967.31	74	1967.31	-9	1967.31	42
1968.31	73	1968.31	-10	1968.31	41
1969.31	74	1969.31	-11	1969.31	40
1970.31	73	1970.31	-11	1970.31	40
1971.31	71	1971.31	-12	1971.31	39
1972.31	70	1972.31	-12	1972.31	39
1973.32	69	1973.32	-11	1973.32	38
1974.32	68	1974.32	-11	1974.32	38
1975.32	67	1975.32	-10	1975.32	37
1976.32	66	1976.32	-10	1976.32	36
1977.32	66	1977.32	-10	1977.32	35
1978.32	66	1978.32	-10	1978.32	34
1979.32	66	1979.32	-11	1979.32	35
1980.32	65	1980.32	-11	1980.32	35
1981.32	63	1981.32	-11	1981.32	36
1982.32	61	1982.32	-11	1982.32	37
1983.32	61	1983.32	-11	1983.32	37
1984.32	61	1984.32	-12	1984.32	37
1985.32	61	1985.32	-12	1985.32	36
1986.32	59	1986.32	-12	1986.32	35
1987.32	57	1987.32	-13	1987.32	35
1988.33	55	1988.33	-13	1988.33	34
1989.33	55	1989.33	-13	1989.33	34
1990.33	55	1990.33	-14	1990.33	35
1991.33	54	1991.33	-13	1991.33	35
1992.33	53	1992.33	-13	1992.33	35
1993.33	52	1993.33	-13	1993.33	34
1994.33	51	1994.33	-13	1994.33	33
1995.33	50	1995.33	-13	1995.33	33
1996.33	51	1996.33	-13	1996.33	33
1997.33	52	1997.33	-13	1997.33	32
1998.33	52	1998.33	-13	1998.33	32
1999.33	51	1999.33	-14	1999.33	32
2000.33	49	2000.33	-14	2000.33	32
2001.33	47	2001.33	-14	2001.33	32
2002.33	46	2002.33	-14	2002.33	32
2003.34	45	2003.34	-14	2003.34	33
2004.34	45	2004.34	-13	2004.34	33
2005.34	47	2005.34	-14	2005.34	33
2006.34	49	2006.34	-14	2006.34	32
2007.34	49	2007.34	-15	2007.34	32
2008.34	48	2008.34	-15	2008.34	32
2009.34	48	2009.34	-15	2009.34	32
2010.34	49	2010.34	-15	2010.34	32
2011.34	49	2011.34	-15	2011.34	32
2012.34	48	2012.34	-15	2012.34	32
2013.34	50	2013.34	-15	2013.34	32
2014.34	52	2014.34	-14	2014.34	32
2015.34	53	2015.34	-14	2015.34	32
2016.34	51	2016.34	-14	2016.34	32
2017.34	48	2017.34	-14	2017.34	32
2018.35	44	2018.35	-15	2018.35	32
2019.35	42	2019.35	-14	2019.35	32
2020.35	42	2020.35	-14	2020.35	33
2021.35	41	2021.35	-13	2021.35	34
2022.35	41	2022.35	-13	2022.35	36
2023.35	39	2023.35	-13	2023.35	37
2024.35	39	2024.35	-12	2024.35	38
2025.35	38	2025.35	-12	2025.35	40
2026.35	38	2026.35	-13	2026.35	41
2027.35	37	2027.35	-14	2027.35	41
2028.35	36	2028.35	-15	2028.35	42
2029.35	36	2029.35	-15	2029.35	43
2030.35	36	2030.35	-16	2030.35	46
2031.35	34	2031.35	-15	2031.35	49
2032.35	31	2032.35	-15	2032.35	51
2033.36	29	2033.36	-15	2033.36	52
2034.36	28	2034.36	-15	2034.36	52
2035.36	28	2035.36	-15	2035.36	53
2036.36	27	2036.36	-14	2036.36	53
2037.36	26	2037.36	-14	2037.36	54
2038.36	25	2038.36	-14	2038.36	54
2039.36	25	2039.36	-15	2039.36	53
2040.36	25	2040.36	-16	2040.36	53
2041.36	24	2041.36	-16	2041.36	52
2042.36	22	2042.36	-16	2042.36	50
2043.36	21	2043.36	-16	2043.36	49
2044.36	23	2044.36	-17	2044.36	49
2045.36	24	2045.36	-16	2045.36	47
2046.36	25	2046.36	-16	2046.36	46
2047.36	24	2047.36	-15	2047.36	43
2048.37	22	2048.37	-15	2048.37	42
2049.37	21	2049.37	-16	2049.37	41
2050.37	20	2050.37	-16	2050.37	41
2051.37	18	2051.37	-17	2051.37	41
2052.37	16	2052.37	-17	2052.37	40
2053.37	15	2053.37	-17	2053.37	38
2054.37	15	2054.37	-17	2054.37	36
2055.37	16	2055.37	-17	2055.37	35
2056.37	17	2056.37	-17	2056.37	36
2057.37	17	2057.37	-17	2057.37	36
2058.37	18	2058.37	-17	2058.37	36
2059.37	21	2059.37	-17	2059.37	35
2060.37	23	2060.37	-17	2060.37	33
2061.37	25	2061.37	-18	2061.37	32
2062.37	26	2062.37	-18	2062.37	31
2063.38	25	2063.38	-19	2063.38	29
2064.38	24	2064.38	-19	2064.38	29
2065.38	23	2065.38	-19	2065.38	28
2066.38	22	2066.38	-19	2066.38	28
2067.38	20	2067.38	-18	2067.38	28
2068.38	18	2068.38	-18	2068.38	28
2069.38	17	2069.38	-17	2069.38	28
2070.38	18	2070.38	-17	2070.38	28
2071.38	18	2071.38	-18	2071.38	26
2072.38	18	2072.38	-18	2072.38	25
2073.38	18	2073.38	-17	2073.38	25
2074.38	19	2074.38	-17	2074.38	26
2075.38	21	2075.38	-17	2075.38	27
2076.38	21	2076.38	-17	2076.38	29
2077.38	21	2077.38	-18	2077.38	30
2078.39	19	2078.39	-18	2078.39	29
2079.39	18	2079.39	-18	2079.39	27
2080.39	16	2080.39	-18	2080.39	26
2081.39	16	2081.39	-19	2081.39	27
2082.39	16	2082.39	-19	2082.39	27
2083.39	16	2083.39	-19	2083.39	26
2084.39	18	2084.39	-20	2084.39	25
2085.39	21	2085.39	-20	2085.39	25
2086.39	23	2086.39	-20	2086.39	25
2087.39	23	2087.39	-20	2087.39	26
2088.39	23	2088.39	-20	2088.39	27
2089.39	22	2089.39	-20	2089.39	27
2090.39	21	2090.39	-20	2090.39	27
2091.39	20	2091.39	-20	2091.39	25
2092.39	20	2092.39	-21	2092.39	24
2093.4	20	2093.4	-20	2093.4	24
2094.4	20	2094.4	-20	2094.4	24
2095.4	19	2095.4	-20	2095.4	24
2096.4	19	2096.4	-20	2096.4	23
2097.4	20	2097.4	-20	2097.4	23
2098.4	21	2098.4	-20	2098.4	23
2099.4	21	2099.4	-20	2099.4	23
2100.4	20	2100.4	-20	2100.4	23
2101.4	18	2101.4	-20	2101.4	24
2102.4	18	2102.4	-21	2102.4	24
2103.4	18	2103.4	-21	2103.4	25
2104.4	19	2104.4	-21	2104.4	26
2105.4	18	2105.4	-21	2105.4	27
2106.4	18	2106.4	-21	2106.4	27
2107.4	18	2107.4	-21	2107.4	26
2108.41	17	2108.41	-22	2108.41	26
2109.41	16	2109.41	-22	2109.41	25
2110.41	16	2110.41	-22	2110.41	24
2111.41	17	2111.41	-22	2111.41	24
2112.41	18	2112.41	-21	2112.41	23
2113.41	19	2113.41	-21	2113.41	23
2114.41	19	2114.41	-21	2114.41	23
2115.41	19	2115.41	-21	2115.41	23
2116.41	19	2116.41	-22	2116.41	23
2117.41	21	2117.41	-23	2117.41	23
2118.41	22	2118.41	-23	2118.41	23
2119.41	23	2119.41	-23	2119.41	23
2120.41	22	2120.41	-22	2120.41	23
2121.41	20	2121.41	-21	2121.41	24
2122.41	17	2122.41	-21	2122.41	24
2123.42	16	2123.42	-20	2123.42	23
2124.42	15	2124.42	-20	2124.42	23
2125.42	15	2125.42	-20	2125.42	22
2126.42	15	2126.42	-20	2126.42	23
2127.42	15	2127.42	-21	2127.42	23
2128.42	15	2128.42	-22	2128.42	24
2129.42	14	2129.42	-22	2129.42	24
2130.42	15	2130.42	-22	2130.42	24
2131.42	15	2131.42	-21	2131.42	24
2132.42	16	2132.42	-21	2132.42	24
2133.42	17	2133.42	-20	2133.42	24
2134.42	17	2134.42	-20	2134.42	24
2135.42	17	2135.42	-21	2135.42	24
2136.42	15	2136.42	-21	2136.42	23
2137.42	14	2137.42	-20	2137.42	23
2138.43	14	2138.43	-20	2138.43	23
2139.43	14	2139.43	-21	2139.43	23
2140.43	14	2140.43	-21	2140.43	24
2141.43	14	2141.43	-21	2141.43	24
2142.43	15	2142.43	-20	2142.43	24
2143.43	16	2143.43	-20	2143.43	23
2144.43	15	2144.43	-20	2144.43	23
2145.43	14	2145.43	-20	2145.43	25
2146.43	14	2146.43	-20	2146.43	26
2147.43	15	2147.43	-21	2147.43	26
2148.43	15	2148.43	-22	2148.43	25
2149.43	14	2149.43	-22	2149.43	25
2150.43	12	2150.43	-22	2150.43	25
2151.43	11	2151.43	-22	2151.43	24
2152.43	10	2152.43	-21	2152.43	23
2153.44	10	2153.44	-20	2153.44	22
2154.44	10	2154.44	-21	2154.44	22
2155.44	9	2155.44	-22	2155.44	22
2156.44	7	2156.44	-22	2156.44	22
2157.44	6	2157.44	-22	2157.44	23
2158.44	6	2158.44	-22	2158.44	24
2159.44	8	2159.44	-21	2159.44	25
2160.44	9	2160.44	-21	2160.44	24
2161.44	11	2161.44	-22	2161.44	24
2162.44	11	2162.44	-22	2162.44	23
2163.44	9	2163.44	-22	2163.44	23
2164.44	5	2164.44	-22	2164.44	22
2165.44	5	2165.44	-22	2165.44	22
2166.44	5	2166.44	-22	2166.44	22
2167.44	6	2167.44	-22	2167.44	22
2168.45	6	2168.45	-22	2168.45	22
2169.45	7	2169.45	-22	2169.45	21
2170.45	7	2170.45	-22	2170.45	21
2171.45	5	2171.45	-22	2171.45	21
2172.45	2	2172.45	-21	2172.45	21
2173.45	0	2173.45	-21	2173.45	21
2174.45	-1	2174.45	-22	2174.45	21
2175.45	-1	2175.45	-22	2175.45	20
2176.45	0	2176.45	-23	2176.45	19
2177.45	0	2177.45	-23	2177.45	18
2178.45	0	2178.45	-22	2178.45	18
2179.45	1	2179.45	-22	2179.45	18
2180.45	1	2180.45	-23	2180.45	18
2181.45	1	2181.45	-24	2181.45	19
2182.45	2	2182.45	-24	2182.45	21
2183.46	2	2183.46	-24	2183.46	21
2184.46	1	2184.46	-24	2184.46	21
2185.46	2	2185.46	-24	2185.46	20
2186.46	2	2186.46	-24	2186.46	20
2187.46	1	2187.46	-24	2187.46	20
2188.46	0	2188.46	-24	2188.46	19
2189.46	-1	2189.46	-24	2189.46	19
2190.46	-1	2190.46	-23	2190.46	18
2191.46	0	2191.46	-23	2191.46	17
2192.46	2	2192.46	-24	2192.46	17
2193.46	3	2193.46	-25	2193.46	16
2194.46	2	2194.46	-25	2194.46	16
2195.46	-1	2195.46	-24	2195.46	14
2196.46	-2	2196.46	-24	2196.46	13
2197.46	-2	2197.46	-23	2197.46	12
2198.47	-2	2198.47	-23	2198.47	12
2199.47	-1	2199.47	-24	2199.47	12
2200.47	-3	2200.47	-24	2200.47	12
2201.47	-4	2201.47	-24	2201.47	12
2202.47	-4	2202.47	-24	2202.47	12
2203.47	-3	2203.47	-25	2203.47	13
2204.47	-2	2204.47	-25	2204.47	13
2205.47	-2	2205.47	-25	2205.47	13
2206.47	-1	2206.47	-25	2206.47	12
2207.47	0	2207.47	-25	2207.47	11
2208.47	1	2208.47	-24	2208.47	10
2209.47	1	2209.47	-24	2209.47	10
2210.47	0	2210.47	-24	2210.47	10
2211.47	0	2211.47	-24	2211.47	10
2212.47	0	2212.47	-23	2212.47	10
2213.48	0	2213.48	-24	2213.48	11
2214.48	0	2214.48	-24	2214.48	10
2215.48	-1	2215.48	-24	2215.48	10
2216.48	-2	2216.48	-25	2216.48	11
2217.48	-2	2217.48	-24	2217.48	12
2218.48	-1	2218.48	-24	2218.48	13
2219.48	-1	2219.48	-24	2219.48	12
2220.48	-1	2220.48	-23	2220.48	11
2221.48	-1	2221.48	-23	2221.48	11
2222.48	-2	2222.48	-23	2222.48	11
2223.48	-1	2223.48	-23	2223.48	12
2224.48	-1	2224.48	-23	2224.48	14
2225.48	-1	2225.48	-23	2225.48	15
2226.48	-2	2226.48	-23	2226.48	15
2227.48	-2	2227.48	-23	2227.48	15
2228.49	-2	2228.49	-23	2228.49	14
2229.49	-2	2229.49	-23	2229.49	14
2230.49	-3	2230.49	-23	2230.49	14
2231.49	-3	2231.49	-22	2231.49	14
2232.49	-3	2232.49	-22	2232.49	15
2233.49	-3	2233.49	-22	2233.49	17
2234.49	-2	2234.49	-22	2234.49	18
2235.49	-2	2235.49	-23	2235.49	19
2236.49	-1	2236.49	-23	2236.49	18
2237.49	1	2237.49	-22	2237.49	18
2238.49	2	2238.49	-22	2238.49	17
2239.49	1	2239.49	-21	2239.49	18
2240.49	1	2240.49	-21	2240.49	18
2241.49	1	2241.49	-21	2241.49	19
2242.49	3	2242.49	-21	2242.49	18
2243.5	4	2243.5	-21	2243.5	18
2244.5	3	2244.5	-21	2244.5	18
2245.5	2	2245.5	-21	2245.5	18
2246.5	2	2246.5	-21	2246.5	18
2247.5	2	2247.5	-21	2247.5	19
2248.5	2	2248.5	-21	2248.5	19
2249.5	2	2249.5	-21	2249.5	20
2250.5	2	2250.5	-21	2250.5	20
2251.5	2	2251.5	-21	2251.5	20
2252.5	1	2252.5	-20	2252.5	20
2253.5	2	2253.5	-20	2253.5	20
2254.5	3	2254.5	-20	2254.5	20
2255.5	5	2255.5	-20	2255.5	21
2256.5	5	2256.5	-21	2256.5	21
2257.51	4	2257.51	-21	2257.51	20
2258.51	2	2258.51	-21	2258.51	19
2259.51	0	2259.51	-21	2259.51	19
2260.51	1	2260.51	-20	2260.51	21
2261.51	1	2261.51	-20	2261.51	22
2262.51	2	2262.51	-20	2262.51	21
2263.51	2	2263.51	-20	2263.51	21
2264.51	2	2264.51	-20	2264.51	20
2265.51	1	2265.51	-19	2265.51	19
2266.51	0	2266.51	-19	2266.51	18
2267.51	0	2267.51	-19	2267.51	18
2268.51	1	2268.51	-20	2268.51	18
2269.51	1	2269.51	-20	2269.51	18
2270.51	0	2270.51	-20	2270.51	18
2271.51	-1	2271.51	-21	2271.51	19
2272.52	-1	2272.52	-20	2272.52	20
2273.52	0	2273.52	-20	2273.52	21
2274.52	1	2274.52	-20	2274.52	21
2275.52	1	2275.52	-21	2275.52	21
2276.52	0	2276.52	-21	2276.52	21
2277.52	-2	2277.52	-21	2277.52	21
2278.52	-4	2278.52	-20	2278.52	21
2279.52	-5	2279.52	-20	2279.52	21
2280.52	-5	2280.52	-20	2280.52	22
2281.52	-4	2281.52	-19	2281.52	22
2282.52	-4	2282.52	-19	2282.52	23
2283.52	-3	2283.52	-19	2283.52	23
2284.52	-3	2284.52	-20	2284.52	22
2285.52	-3	2285.52	-20	2285.52	22
2286.52	-3	2286.52	-20	2286.52	21
2287.53	-4	2287.53	-20	2287.53	21
2288.53	-4	2288.53	-20	2288.53	21
2289.53	-4	2289.53	-19	2289.53	21
2290.53	-4	2290.53	-19	2290.53	20
2291.53	-4	2291.53	-20	2291.53	20
2292.53	-4	2292.53	-20	2292.53	20
2293.53	-4	2293.53	-20	2293.53	20
2294.53	-4	2294.53	-20	2294.53	20
2295.53	-3	2295.53	-20	2295.53	21
2296.53	-3	2296.53	-20	2296.53	21
2297.53	-3	2297.53	-20	2297.53	21
2298.53	-3	2298.53	-21	2298.53	21
2299.53	-2	2299.53	-21	2299.53	21
2300.53	-1	2300.53	-20	2300.53	21
2301.53	-1	2301.53	-20	2301.53	22
2302.54	-2	2302.54	-19	2302.54	21
2303.54	-4	2303.54	-20	2303.54	20
2304.54	-5	2304.54	-20	2304.54	20
2305.54	-5	2305.54	-20	2305.54	20
2306.54	-4	2306.54	-20	2306.54	21
2307.54	-4	2307.54	-20	2307.54	23
2308.54	-4	2308.54	-20	2308.54	24
2309.54	-3	2309.54	-20	2309.54	24
2310.54	-2	2310.54	-20	2310.54	23
2311.54	0	2311.54	-20	2311.54	22
2312.54	0	2312.54	-20	2312.54	22
2313.54	1	2313.54	-20	2313.54	22
2314.54	2	2314.54	-19	2314.54	22
2315.54	1	2315.54	-19	2315.54	23
2316.54	-1	2316.54	-19	2316.54	23
2317.55	-1	2317.55	-19	2317.55	23
2318.55	-1	2318.55	-19	2318.55	24
2319.55	-1	2319.55	-19	2319.55	24
2320.55	0	2320.55	-19	2320.55	24
2321.55	1	2321.55	-19	2321.55	24
2322.55	3	2322.55	-19	2322.55	24
2323.55	5	2323.55	-19	2323.55	24
2324.55	5	2324.55	-19	2324.55	24
2325.55	5	2325.55	-19	2325.55	24
2326.55	4	2326.55	-19	2326.55	24
2327.55	3	2327.55	-19	2327.55	25
2328.55	3	2328.55	-19	2328.55	26
2329.55	2	2329.55	-19	2329.55	27
2330.55	3	2330.55	-19	2330.55	29
2331.55	4	2331.55	-19	2331.55	30
2332.56	6	2332.56	-19	2332.56	32
2333.56	6	2333.56	-19	2333.56	32
2334.56	6	2334.56	-19	2334.56	31
2335.56	6	2335.56	-18	2335.56	30
2336.56	7	2336.56	-18	2336.56	29
2337.56	8	2337.56	-17	2337.56	30
2338.56	8	2338.56	-17	2338.56	30
2339.56	9	2339.56	-18	2339.56	30
2340.56	10	2340.56	-18	2340.56	32
2341.56	12	2341.56	-19	2341.56	32
2342.56	13	2342.56	-19	2342.56	32
2343.56	15	2343.56	-19	2343.56	32
2344.56	17	2344.56	-18	2344.56	31
2345.56	20	2345.56	-18	2345.56	32
2346.56	22	2346.56	-18	2346.56	34
2347.57	24	2347.57	-18	2347.57	35
2348.57	25	2348.57	-18	2348.57	36
2349.57	26	2349.57	-18	2349.57	36
2350.57	26	2350.57	-18	2350.57	37
2351.57	27	2351.57	-18	2351.57	38
2352.57	29	2352.57	-17	2352.57	39
2353.57	31	2353.57	-17	2353.57	41
2354.57	32	2354.57	-17	2354.57	43
2355.57	33	2355.57	-17	2355.57	44
2356.57	35	2356.57	-17	2356.57	45
2357.57	38	2357.57	-17	2357.57	46
2358.57	40	2358.57	-17	2358.57	49
2359.57	42	2359.57	-16	2359.57	52
2360.57	43	2360.57	-16	2360.57	55
2361.57	45	2361.57	-15	2361.57	57
2362.58	48	2362.58	-15	2362.58	59
2363.58	51	2363.58	-15	2363.58	61
2364.58	52	2364.58	-15	2364.58	63
2365.58	52	2365.58	-15	2365.58	66
2366.58	52	2366.58	-15	2366.58	69
2367.58	53	2367.58	-14	2367.58	71
2368.58	53	2368.58	-13	2368.58	74
2369.58	53	2369.58	-12	2369.58	78
2370.58	53	2370.58	-12	2370.58	82
2371.58	53	2371.58	-11	2371.58	85
2372.58	54	2372.58	-12	2372.58	89
2373.58	52	2373.58	-12	2373.58	92
2374.58	50	2374.58	-13	2374.58	95
2375.58	47	2375.58	-13	2375.58	98
2376.58	45	2376.58	-12	2376.58	100
2377.59	42	2377.59	-12	2377.59	102
2378.59	39	2378.59	-11	2378.59	105
2379.59	38	2379.59	-11	2379.59	108
2380.59	38	2380.59	-10	2380.59	111
2381.59	38	2381.59	-10	2381.59	113
2382.59	38	2382.59	-10	2382.59	115
2383.59	38	2383.59	-10	2383.59	116
2384.59	37	2384.59	-10	2384.59	117
2385.59	35	2385.59	-11	2385.59	119
2386.59	33	2386.59	-11	2386.59	120
2387.59	32	2387.59	-11	2387.59	122
2388.59	31	2388.59	-12	2388.59	122
2389.59	31	2389.59	-13	2389.59	122
2390.59	29	2390.59	-13	2390.59	122
2391.59	27	2391.59	-11	2391.59	122
2392.6	25	2392.6	-11	2392.6	122
2393.6	22	2393.6	-11	2393.6	122
2394.6	20	2394.6	-12	2394.6	121
2395.6	18	2395.6	-12	2395.6	119
2396.6	18	2396.6	-12	2396.6	117
2397.6	17	2397.6	-13	2397.6	114
2398.6	16	2398.6	-13	2398.6	113
2399.6	14	2399.6	-14	2399.6	111
2400.6	12	2400.6	-14	2400.6	109
2401.6	10	2401.6	-14	2401.6	109
2402.6	9	2402.6	-14	2402.6	108
2403.6	8	2403.6	-14	2403.6	106
2404.6	5	2404.6	-14	2404.6	105
2405.6	4	2405.6	-14	2405.6	103
2406.6	3	2406.6	-14	2406.6	100
2407.61	2	2407.61	-14	2407.61	98
2408.61	2	2408.61	-14	2408.61	96
2409.61	2	2409.61	-14	2409.61	95
2410.61	2	2410.61	-14	2410.61	93
2411.61	1	2411.61	-15	2411.61	90
2412.61	1	2412.61	-16	2412.61	87
2413.61	-1	2413.61	-16	2413.61	85
2414.61	-3	2414.61	-16	2414.61	83
2415.61	-5	2415.61	-16	2415.61	80
2416.61	-6	2416.61	-17	2416.61	77
2417.61	-6	2417.61	-17	2417.61	75
2418.61	-7	2418.61	-18	2418.61	72
2419.61	-9	2419.61	-18	2419.61	70
2420.61	-10	2420.61	-18	2420.61	69
2421.61	-9	2421.61	-19	2421.61	68
2422.62	-8	2422.62	-19	2422.62	66
2423.62	-8	2423.62	-19	2423.62	63
2424.62	-8	2424.62	-19	2424.62	61
2425.62	-8	2425.62	-19	2425.62	59
2426.62	-8	2426.62	-19	2426.62	59
2427.62	-8	2427.62	-19	2427.62	59
2428.62	-8	2428.62	-19	2428.62	57
2429.62	-7	2429.62	-19	2429.62	55
2430.62	-7	2430.62	-20	2430.62	54
2431.62	-8	2431.62	-20	2431.62	52
2432.62	-9	2432.62	-20	2432.62	51
2433.62	-8	2433.62	-19	2433.62	48
2434.62	-6	2434.62	-18	2434.62	46
2435.62	-6	2435.62	-18	2435.62	45
2436.62	-6	2436.62	-19	2436.62	45
2437.63	-7	2437.63	-20	2437.63	45
2438.63	-8	2438.63	-20	2438.63	46
2439.63	-8	2439.63	-21	2439.63	46
2440.63	-7	2440.63	-21	2440.63	46
2441.63	-5	2441.63	-21	2441.63	45
2442.63	-4	2442.63	-21	2442.63	44
2443.63	-4	2443.63	-21	2443.63	44
2444.63	-5	2444.63	-21	2444.63	43
2445.63	-8	2445.63	-21	2445.63	41
2446.63	-10	2446.63	-21	2446.63	40
2447.63	-11	2447.63	-21	2447.63	38
2448.63	-12	2448.63	-21	2448.63	37
2449.63	-12	2449.63	-21	2449.63	36
2450.63	-12	2450.63	-20	2450.63	36
2451.63	-11	2451.63	-20	2451.63	35
2452.64	-11	2452.64	-20	2452.64	35
2453.64	-11	2453.64	-20	2453.64	35
2454.64	-11	2454.64	-20	2454.64	35
2455.64	-12	2455.64	-20	2455.64	35
2456.64	-13	2456.64	-21	2456.64	35
2457.64	-14	2457.64	-22	2457.64	34
2458.64	-14	2458.64	-23	2458.64	33
2459.64	-14	2459.64	-23	2459.64	33
2460.64	-13	2460.64	-22	2460.64	33
2461.64	-12	2461.64	-22	2461.64	33
2462.64	-12	2462.64	-22	2462.64	32
2463.64	-12	2463.64	-21	2463.64	31
2464.64	-12	2464.64	-21	2464.64	31
2465.64	-12	2465.64	-22	2465.64	31
2466.64	-11	2466.64	-22	2466.64	31
2467.65	-9	2467.65	-22	2467.65	31
2468.65	-9	2468.65	-22	2468.65	31
2469.65	-10	2469.65	-22	2469.65	31
2470.65	-10	2470.65	-22	2470.65	31
2471.65	-9	2471.65	-22	2471.65	30
2472.65	-7	2472.65	-22	2472.65	30
2473.65	-6	2473.65	-22	2473.65	30
2474.65	-5	2474.65	-21	2474.65	30
2475.65	-5	2475.65	-21	2475.65	31
2476.65	-5	2476.65	-21	2476.65	32
2477.65	-4	2477.65	-22	2477.65	32
2478.65	-5	2478.65	-22	2478.65	32
2479.65	-7	2479.65	-21	2479.65	32
2480.65	-8	2480.65	-20	2480.65	31
2481.65	-7	2481.65	-21	2481.65	31
2482.66	-6	2482.66	-21	2482.66	32
2483.66	-7	2483.66	-21	2483.66	31
2484.66	-7	2484.66	-22	2484.66	30
2485.66	-7	2485.66	-21	2485.66	30
2486.66	-6	2486.66	-21	2486.66	31
2487.66	-5	2487.66	-20	2487.66	31
2488.66	-4	2488.66	-20	2488.66	31
2489.66	-3	2489.66	-20	2489.66	31
2490.66	-3	2490.66	-20	2490.66	30
2491.66	-4	2491.66	-19	2491.66	30
2492.66	-5	2492.66	-19	2492.66	30
2493.66	-5	2493.66	-19	2493.66	31
2494.66	-3	2494.66	-19	2494.66	33
2495.66	-2	2495.66	-20	2495.66	33
2496.66	0	2496.66	-20	2496.66	34
2497.67	1	2497.67	-19	2497.67	34
2498.67	3	2498.67	-19	2498.67	33
2499.67	5	2499.67	-19	2499.67	33
2500.67	5	2500.67	-19	2500.67	33
2501.67	5	2501.67	-19	2501.67	34
2502.67	4	2502.67	-19	2502.67	34
2503.67	4	2503.67	-19	2503.67	34
2504.67	3	2504.67	-19	2504.67	35
2505.67	4	2505.67	-20	2505.67	35
2506.67	6	2506.67	-20	2506.67	35
2507.67	9	2507.67	-20	2507.67	35
2508.67	10	2508.67	-19	2508.67	36
2509.67	11	2509.67	-18	2509.67	37
2510.67	10	2510.67	-18	2510.67	38
2511.67	9	2511.67	-18	2511.67	39
2512.68	9	2512.68	-19	2512.68	41
2513.68	9	2513.68	-20	2513.68	43
2514.68	10	2514.68	-20	2514.68	43
2515.68	11	2515.68	-20	2515.68	44
2516.68	11	2516.68	-19	2516.68	44
2517.68	11	2517.68	-19	2517.68	45
2518.68	11	2518.68	-18	2518.68	46
2519.68	12	2519.68	-18	2519.68	46
2520.68	14	2520.68	-17	2520.68	46
2521.68	16	2521.68	-16	2521.68	46
2522.68	18	2522.68	-15	2522.68	46
2523.68	19	2523.68	-15	2523.68	45
2524.68	20	2524.68	-16	2524.68	46
2525.68	22	2525.68	-16	2525.68	47
2526.68	24	2526.68	-16	2526.68	49
2527.69	25	2527.69	-16	2527.69	50
2528.69	26	2528.69	-15	2528.69	51
2529.69	27	2529.69	-14	2529.69	53
2530.69	27	2530.69	-14	2530.69	54
2531.69	27	2531.69	-14	2531.69	55
2532.69	27	2532.69	-13	2532.69	55
2533.69	27	2533.69	-12	2533.69	56
2534.69	28	2534.69	-11	2534.69	57
2535.69	31	2535.69	-10	2535.69	59
2536.69	35	2536.69	-10	2536.69	61
2537.69	38	2537.69	-10	2537.69	62
2538.69	38	2538.69	-11	2538.69	63
2539.69	35	2539.69	-11	2539.69	63
2540.69	34	2540.69	-11	2540.69	63
2541.69	35	2541.69	-11	2541.69	64
2542.7	37	2542.7	-11	2542.7	65
2543.7	40	2543.7	-11	2543.7	68
2544.7	41	2544.7	-12	2544.7	70
2545.7	43	2545.7	-13	2545.7	71
2546.7	45	2546.7	-13	2546.7	72
2547.7	47	2547.7	-13	2547.7	73
2548.7	48	2548.7	-12	2548.7	75
2549.7	50	2549.7	-12	2549.7	76
2550.7	53	2550.7	-11	2550.7	78
2551.7	56	2551.7	-10	2551.7	79
2552.7	56	2552.7	-10	2552.7	80
2553.7	56	2553.7	-9	2553.7	81
2554.7	55	2554.7	-7	2554.7	83
2555.7	53	2555.7	-6	2555.7	85
2556.7	52	2556.7	-5	2556.7	85
2557.71	52	2557.71	-5	2557.71	86
2558.71	54	2558.71	-5	2558.71	87
2559.71	56	2559.71	-5	2559.71	89
2560.71	58	2560.71	-6	2560.71	90
2561.71	62	2561.71	-6	2561.71	91
2562.71	65	2562.71	-6	2562.71	91
2563.71	66	2563.71	-6	2563.71	92
2564.71	66	2564.71	-6	2564.71	92
2565.71	65	2565.71	-6	2565.71	92
2566.71	65	2566.71	-6	2566.71	93
2567.71	67	2567.71	-6	2567.71	94
2568.71	69	2568.71	-6	2568.71	95
2569.71	71	2569.71	-6	2569.71	95
2570.71	73	2570.71	-6	2570.71	96
2571.71	73	2571.71	-6	2571.71	96
2572.72	74	2572.72	-6	2572.72	96
2573.72	75	2573.72	-5	2573.72	96
2574.72	76	2574.72	-5	2574.72	98
2575.72	78	2575.72	-4	2575.72	100
2576.72	79	2576.72	-2	2576.72	103
2577.72	79	2577.72	-1	2577.72	104
2578.72	79	2578.72	1	2578.72	105
2579.72	78	2579.72	2	2579.72	108
2580.72	79	2580.72	2	2580.72	111
2581.72	80	2581.72	1	2581.72	113
2582.72	83	2582.72	0	2582.72	113
2583.72	84	2583.72	-1	2583.72	112
2584.72	84	2584.72	-1	2584.72	112
2585.72	84	2585.72	-1	2585.72	112
2586.72	85	2586.72	0	2586.72	114
2587.73	87	2587.73	2	2587.73	115
2588.73	90	2588.73	3	2588.73	117
2589.73	95	2589.73	3	2589.73	119
2590.73	102	2590.73	4	2590.73	120
2591.73	109	2591.73	5	2591.73	121
2592.73	115	2592.73	7	2592.73	123
2593.73	121	2593.73	9	2593.73	126
2594.73	125	2594.73	10	2594.73	128
2595.73	127	2595.73	11	2595.73	129
2596.73	128	2596.73	11	2596.73	130
2597.73	129	2597.73	11	2597.73	130
2598.73	128	2598.73	12	2598.73	130
2599.73	126	2599.73	13	2599.73	131
2600.73	123	2600.73	14	2600.73	133
2601.73	121	2601.73	14	2601.73	135
2602.74	121	2602.74	14	2602.74	136
2603.74	126	2603.74	15	2603.74	137
2604.74	132	2604.74	16	2604.74	138
2605.74	137	2605.74	18	2605.74	139
2606.74	140	2606.74	19	2606.74	139
2607.74	139	2607.74	19	2607.74	139
2608.74	136	2608.74	20	2608.74	139
2609.74	133	2609.74	19	2609.74	138
2610.74	128	2610.74	19	2610.74	138
2611.74	125	2611.74	18	2611.74	137
2612.74	121	2612.74	16	2612.74	136
2613.74	119	2613.74	15	2613.74	135
2614.74	120	2614.74	14	2614.74	134
2615.74	122	2615.74	13	2615.74	134
2616.74	124	2616.74	14	2616.74	134
2617.75	125	2617.75	15	2617.75	134
2618.75	126	2618.75	16	2618.75	134
2619.75	126	2619.75	15	2619.75	135
2620.75	127	2620.75	15	2620.75	135
2621.75	127	2621.75	15	2621.75	137
2622.75	129	2622.75	17	2622.75	139
2623.75	132	2623.75	18	2623.75	140
2624.75	135	2624.75	20	2624.75	140
2625.75	137	2625.75	22	2625.75	141
2626.75	137	2626.75	24	2626.75	143
2627.75	138	2627.75	24	2627.75	145
2628.75	139	2628.75	24	2628.75	146
2629.75	139	2629.75	25	2629.75	147
2630.75	140	2630.75	25	2630.75	147
2631.75	141	2631.75	24	2631.75	148
2632.76	143	2632.76	24	2632.76	149
2633.76	145	2633.76	24	2633.76	150
2634.76	147	2634.76	24	2634.76	151
2635.76	146	2635.76	25	2635.76	150
2636.76	145	2636.76	25	2636.76	148
2637.76	145	2637.76	27	2637.76	146
2638.76	146	2638.76	28	2638.76	145
2639.76	145	2639.76	29	2639.76	144
2640.76	144	2640.76	28	2640.76	144
2641.76	143	2641.76	28	2641.76	143
2642.76	142	2642.76	28	2642.76	142
2643.76	143	2643.76	27	2643.76	141
2644.76	145	2644.76	25	2644.76	141
2645.76	147	2645.76	23	2645.76	141
2646.76	149	2646.76	23	2646.76	141
2647.77	150	2647.77	23	2647.77	141
2648.77	151	2648.77	24	2648.77	140
2649.77	152	2649.77	25	2649.77	138
2650.77	153	2650.77	26	2650.77	137
2651.77	153	2651.77	27	2651.77	136
2652.77	151	2652.77	27	2652.77	136
2653.77	147	2653.77	28	2653.77	136
2654.77	142	2654.77	28	2654.77	135
2655.77	139	2655.77	29	2655.77	136
2656.77	137	2656.77	31	2656.77	136
2657.77	136	2657.77	32	2657.77	137
2658.77	135	2658.77	32	2658.77	137
2659.77	134	2659.77	32	2659.77	137
2660.77	135	2660.77	32	2660.77	137
2661.77	136	2661.77	33	2661.77	138
2662.78	138	2662.78	34	2662.78	138
2663.78	139	2663.78	34	2663.78	137
2664.78	139	2664.78	34	2664.78	136
2665.78	140	2665.78	33	2665.78	135
2666.78	141	2666.78	32	2666.78	135
2667.78	141	2667.78	32	2667.78	132
2668.78	140	2668.78	31	2668.78	129
2669.78	140	2669.78	31	2669.78	126
2670.78	144	2670.78	31	2670.78	125
2671.78	159	2671.78	31	2671.78	126
2672.78	197	2672.78	32	2672.78	131
2673.78	279	2673.78	33	2673.78	148
2674.78	442	2674.78	35	2674.78	205
2675.78	737	2675.78	49	2675.78	357
2676.78	1223	2676.78	100	2676.78	698
2677.79	1957	2677.79	252	2677.79	1356
2678.79	2970	2678.79	616	2678.79	1898
2679.79	4241	2679.79	1331	2679.79	2440
2680.79	5668	2680.79	2472	2680.79	3955
2681.79	7067	2681.79	3924	2681.79	5705
2682.79	8212	2682.79	5340	2682.79	7313
2683.79	8880	2683.79	6265	2683.79	8349
2684.79	8918	2684.79	6389	2684.79	8522
2685.79	8308	2685.79	5712	2685.79	7818
2686.79	7196	2686.79	4522	2686.79	6485
2687.79	5830	2687.79	3207	2687.79	4903
2688.79	4457	2688.79	2074	2688.79	3416
2689.79	3247	2689.79	1254	2689.79	2223
2690.79	2282	2690.79	738	2690.79	1803
2691.79	1576	2691.79	444	2691.79	1383
2692.8	1096	2692.8	283	2692.8	853
2693.8	789	2693.8	193	2693.8	548
2694.8	597	2694.8	137	2694.8	380
2695.8	477	2695.8	118	2695.8	285
2696.8	400	2696.8	98	2696.8	229
2697.8	354	2697.8	72	2697.8	196
2698.8	328	2698.8	56	2698.8	176
2699.8	315	2699.8	46	2699.8	161
2700.8	309	2700.8	40	2700.8	149
2701.8	305	2701.8	35	2701.8	138
2702.8	302	2702.8	32	2702.8	128
2703.8	301	2703.8	30	2703.8	123
2704.8	305	2704.8	29	2704.8	119
2705.8	318	2705.8	28	2705.8	111
2706.8	339	2706.8	27	2706.8	106
2707.81	363	2707.81	27	2707.81	102
2708.81	385	2708.81	27	2708.81	99
2709.81	396	2709.81	27	2709.81	96
2710.81	395	2710.81	25	2710.81	93
2711.81	384	2711.81	24	2711.81	90
2712.81	369	2712.81	24	2712.81	87
2713.81	356	2713.81	24	2713.81	84
2714.81	346	2714.81	23	2714.81	81
2715.81	340	2715.81	20	2715.81	79
2716.81	337	2716.81	19	2716.81	77
2717.81	335	2717.81	17	2717.81	72
2718.81	332	2718.81	15	2718.81	67
2719.81	326	2719.81	13	2719.81	64
2720.81	319	2720.81	12	2720.81	61
2721.81	314	2721.81	12	2721.81	59
2722.82	312	2722.82	12	2722.82	57
2723.82	316	2723.82	12	2723.82	55
2724.82	323	2724.82	12	2724.82	55
2725.82	334	2725.82	12	2725.82	54
2726.82	345	2726.82	12	2726.82	54
2727.82	352	2727.82	12	2727.82	53
2728.82	352	2728.82	11	2728.82	53
2729.82	345	2729.82	11	2729.82	53
2730.82	331	2730.82	10	2730.82	52
2731.82	310	2731.82	10	2731.82	49
2732.82	285	2732.82	9	2732.82	46
2733.82	264	2733.82	8	2733.82	43
2734.82	252	2734.82	6	2734.82	42
2735.82	245	2735.82	5	2735.82	42
2736.82	240	2736.82	4	2736.82	41
2737.83	232	2737.83	3	2737.83	39
2738.83	220	2738.83	3	2738.83	37
2739.83	207	2739.83	3	2739.83	34
2740.83	197	2740.83	2	2740.83	32
2741.83	196	2741.83	2	2741.83	31
2742.83	201	2742.83	1	2742.83	31
2743.83	206	2743.83	0	2743.83	30
2744.83	210	2744.83	0	2744.83	31
2745.83	214	2745.83	0	2745.83	33
2746.83	214	2746.83	0	2746.83	34
2747.83	205	2747.83	0	2747.83	33
2748.83	185	2748.83	0	2748.83	30
2749.83	159	2749.83	1	2749.83	27
2750.83	134	2750.83	1	2750.83	24
2751.83	114	2751.83	0	2751.83	23
2752.84	100	2752.84	0	2752.84	23
2753.84	92	2753.84	1	2753.84	23
2754.84	85	2754.84	1	2754.84	24
2755.84	78	2755.84	1	2755.84	25
2756.84	71	2756.84	1	2756.84	25
2757.84	65	2757.84	0	2757.84	25
2758.84	60	2758.84	0	2758.84	23
2759.84	58	2759.84	0	2759.84	21
2760.84	56	2760.84	-1	2760.84	19
2761.84	54	2761.84	-2	2761.84	18
2762.84	54	2762.84	-3	2762.84	16
2763.84	54	2763.84	-3	2763.84	15
2764.84	55	2764.84	-3	2764.84	15
2765.84	55	2765.84	-2	2765.84	15
2766.84	55	2766.84	-3	2766.84	16
2767.85	54	2767.85	-3	2767.85	16
2768.85	51	2768.85	-4	2768.85	17
2769.85	47	2769.85	-4	2769.85	17
2770.85	44	2770.85	-5	2770.85	17
2771.85	42	2771.85	-5	2771.85	17
2772.85	40	2772.85	-5	2772.85	16
2773.85	37	2773.85	-4	2773.85	15
2774.85	38	2774.85	-3	2774.85	14
2775.85	40	2775.85	-3	2775.85	13
2776.85	42	2776.85	-3	2776.85	12
2777.85	44	2777.85	-4	2777.85	13
2778.85	46	2778.85	-4	2778.85	13
2779.85	50	2779.85	-5	2779.85	13
2780.85	51	2780.85	-5	2780.85	13
2781.85	50	2781.85	-6	2781.85	12
2782.86	48	2782.86	-6	2782.86	12
2783.86	47	2783.86	-6	2783.86	12
2784.86	47	2784.86	-6	2784.86	12
2785.86	46	2785.86	-6	2785.86	11
2786.86	43	2786.86	-6	2786.86	11
2787.86	39	2787.86	-6	2787.86	11
2788.86	35	2788.86	-6	2788.86	11
2789.86	33	2789.86	-6	2789.86	11
2790.86	34	2790.86	-6	2790.86	11
2791.86	37	2791.86	-6	2791.86	11
2792.86	40	2792.86	-6	2792.86	10
2793.86	42	2793.86	-6	2793.86	9
2794.86	42	2794.86	-5	2794.86	9
2795.86	40	2795.86	-5	2795.86	8
2796.86	39	2796.86	-4	2796.86	7
2797.87	39	2797.87	-4	2797.87	6
2798.87	38	2798.87	-4	2798.87	5
2799.87	38	2799.87	-5	2799.87	5
2800.87	37	2800.87	-6	2800.87	4
2801.87	38	2801.87	-6	2801.87	3
2802.87	39	2802.87	-7	2802.87	2
2803.87	39	2803.87	-8	2803.87	2
2804.87	38	2804.87	-8	2804.87	2
2805.87	37	2805.87	-8	2805.87	2
2806.87	35	2806.87	-8	2806.87	3
2807.87	34	2807.87	-7	2807.87	3
2808.87	33	2808.87	-7	2808.87	3
2809.87	33	2809.87	-7	2809.87	3
2810.87	33	2810.87	-7	2810.87	4
2811.87	33	2811.87	-7	2811.87	5
2812.88	32	2812.88	-7	2812.88	6
2813.88	31	2813.88	-7	2813.88	6
2814.88	31	2814.88	-7	2814.88	5
2815.88	31	2815.88	-7	2815.88	3
2816.88	31	2816.88	-7	2816.88	3
2817.88	30	2817.88	-7	2817.88	2
2818.88	29	2818.88	-7	2818.88	1
2819.88	28	2819.88	-7	2819.88	1
2820.88	28	2820.88	-7	2820.88	2
2821.88	28	2821.88	-7	2821.88	2
2822.88	28	2822.88	-7	2822.88	4
2823.88	28	2823.88	-7	2823.88	5
2824.88	29	2824.88	-8	2824.88	6
2825.88	30	2825.88	-8	2825.88	6
2826.88	30	2826.88	-9	2826.88	7
2827.89	29	2827.89	-10	2827.89	6
2828.89	28	2828.89	-10	2828.89	6
2829.89	26	2829.89	-10	2829.89	6
2830.89	24	2830.89	-9	2830.89	5
2831.89	24	2831.89	-8	2831.89	5
2832.89	24	2832.89	-8	2832.89	5
2833.89	25	2833.89	-8	2833.89	4
2834.89	28	2834.89	-9	2834.89	3
2835.89	30	2835.89	-10	2835.89	1
2836.89	31	2836.89	-10	2836.89	-1
2837.89	31	2837.89	-9	2837.89	-3
2838.89	29	2838.89	-8	2838.89	-3
2839.89	28	2839.89	-8	2839.89	-2
2840.89	26	2840.89	-9	2840.89	-2
2841.89	24	2841.89	-9	2841.89	-2
2842.9	24	2842.9	-9	2842.9	-2
2843.9	24	2843.9	-9	2843.9	-3
2844.9	23	2844.9	-9	2844.9	-4
2845.9	21	2845.9	-9	2845.9	-4
2846.9	21	2846.9	-9	2846.9	-3
2847.9	21	2847.9	-9	2847.9	-2
2848.9	22	2848.9	-10	2848.9	-2
2849.9	22	2849.9	-10	2849.9	-2
2850.9	22	2850.9	-10	2850.9	-3
2851.9	20	2851.9	-10	2851.9	-5
2852.9	20	2852.9	-9	2852.9	-6
2853.9	20	2853.9	-8	2853.9	-7
2854.9	20	2854.9	-6	2854.9	-6
2855.9	20	2855.9	-7	2855.9	-6
2856.9	20	2856.9	-8	2856.9	-5
2857.91	20	2857.91	-9	2857.91	-4
2858.91	19	2858.91	-8	2858.91	-4
2859.91	19	2859.91	-8	2859.91	-4
2860.91	19	2860.91	-8	2860.91	-3
2861.91	20	2861.91	-9	2861.91	-3
2862.91	20	2862.91	-9	2862.91	-1
2863.91	20	2863.91	-8	2863.91	0
2864.91	21	2864.91	-8	2864.91	0
2865.91	22	2865.91	-8	2865.91	0
2866.91	24	2866.91	-7	2866.91	0
2867.91	25	2867.91	-7	2867.91	0
2868.91	25	2868.91	-6	2868.91	-1
2869.91	24	2869.91	-6	2869.91	-1
2870.91	23	2870.91	-6	2870.91	0
2871.91	24	2871.91	-5	2871.91	0
2872.92	25	2872.92	-5	2872.92	-1
2873.92	26	2873.92	-6	2873.92	-2
2874.92	25	2874.92	-6	2874.92	-3
2875.92	23	2875.92	-6	2875.92	-3
2876.92	21	2876.92	-5	2876.92	-2
2877.92	17	2877.92	-5	2877.92	-1
2878.92	13	2878.92	-4	2878.92	-1
2879.92	11	2879.92	-4	2879.92	0
2880.92	11	2880.92	-5	2880.92	0
2881.92	13	2881.92	-5	2881.92	-1
2882.92	15	2882.92	-6	2882.92	-1
2883.92	17	2883.92	-7	2883.92	-1
2884.92	18	2884.92	-7	2884.92	-1
2885.92	18	2885.92	-7	2885.92	-1
2886.92	18	2886.92	-7	2886.92	0
2887.93	18	2887.93	-7	2887.93	1
2888.93	19	2888.93	-7	2888.93	1
2889.93	18	2889.93	-8	2889.93	0
2890.93	17	2890.93	-8	2890.93	-1
2891.93	16	2891.93	-8	2891.93	-1
2892.93	17	2892.93	-8	2892.93	0
2893.93	18	2893.93	-8	2893.93	0
2894.93	19	2894.93	-7	2894.93	1
2895.93	19	2895.93	-7	2895.93	0
2896.93	18	2896.93	-6	2896.93	-2
2897.93	17	2897.93	-6	2897.93	-3
2898.93	17	2898.93	-6	2898.93	-3
2899.93	17	2899.93	-7	2899.93	-3
2900.93	18	2900.93	-7	2900.93	-3
2901.93	18	2901.93	-6	2901.93	-4
2902.94	18	2902.94	-6	2902.94	-4
2903.94	17	2903.94	-5	2903.94	-3
2904.94	15	2904.94	-6	2904.94	-3
2905.94	14	2905.94	-6	2905.94	-3
2906.94	13	2906.94	-7	2906.94	-4
2907.94	16	2907.94	-7	2907.94	-5
2908.94	17	2908.94	-6	2908.94	-5
2909.94	17	2909.94	-6	2909.94	-5
2910.94	16	2910.94	-5	2910.94	-5
2911.94	15	2911.94	-5	2911.94	-5
2912.94	13	2912.94	-5	2912.94	-4
2913.94	13	2913.94	-5	2913.94	-5
2914.94	13	2914.94	-6	2914.94	-5
2915.94	13	2915.94	-6	2915.94	-5
2916.94	13	2916.94	-7	2916.94	-5
2917.95	13	2917.95	-7	2917.95	-4
2918.95	11	2918.95	-7	2918.95	-4
2919.95	10	2919.95	-6	2919.95	-3
2920.95	11	2920.95	-6	2920.95	-3
2921.95	11	2921.95	-6	2921.95	-3
2922.95	12	2922.95	-6	2922.95	-2
2923.95	13	2923.95	-6	2923.95	-2
2924.95	13	2924.95	-6	2924.95	-3
2925.95	13	2925.95	-6	2925.95	-4
2926.95	13	2926.95	-5	2926.95	-5
2927.95	12	2927.95	-5	2927.95	-7
2928.95	13	2928.95	-5	2928.95	-7
2929.95	13	2929.95	-5	2929.95	-7
2930.95	14	2930.95	-5	2930.95	-6
2931.95	14	2931.95	-6	2931.95	-3
2932.96	14	2932.96	-6	2932.96	-1
2933.96	14	2933.96	-7	2933.96	-1
2934.96	13	2934.96	-6	2934.96	-2
2935.96	11	2935.96	-6	2935.96	-4
2936.96	9	2936.96	-6	2936.96	-4
2937.96	8	2937.96	-6	2937.96	-4
2938.96	9	2938.96	-7	2938.96	-4
2939.96	10	2939.96	-7	2939.96	-4
2940.96	12	2940.96	-7	2940.96	-5
2941.96	13	2941.96	-6	2941.96	-5
2942.96	13	2942.96	-5	2942.96	-6
2943.96	14	2943.96	-6	2943.96	-6
2944.96	14	2944.96	-6	2944.96	-6
2945.96	14	2945.96	-7	2945.96	-5
2946.96	13	2946.96	-8	2946.96	-4
2947.97	11	2947.97	-8	2947.97	-3
2948.97	10	2948.97	-8	2948.97	-4
2949.97	9	2949.97	-8	2949.97	-5
2950.97	10	2950.97	-7	2950.97	-5
2951.97	12	2951.97	-7	2951.97	-6
2952.97	13	2952.97	-6	2952.97	-5
2953.97	13	2953.97	-5	2953.97	-5
2954.97	12	2954.97	-5	2954.97	-4
2955.97	12	2955.97	-5	2955.97	-4
2956.97	13	2956.97	-5	2956.97	-4
2957.97	14	2957.97	-6	2957.97	-4
2958.97	17	2958.97	-6	2958.97	-4
2959.97	20	2959.97	-5	2959.97	-3
2960.97	20	2960.97	-5	2960.97	-2
2961.97	18	2961.97	-5	2961.97	-2
2962.98	17	2962.98	-5	2962.98	-2
2963.98	17	2963.98	-5	2963.98	-3
2964.98	17	2964.98	-6	2964.98	-3
2965.98	17	2965.98	-6	2965.98	-3
2966.98	17	2966.98	-6	2966.98	-3
2967.98	16	2967.98	-7	2967.98	-3
2968.98	16	2968.98	-7	2968.98	-3
2969.98	17	2969.98	-6	2969.98	-4
2970.98	19	2970.98	-6	2970.98	-4
2971.98	19	2971.98	-5	2971.98	-5
2972.98	18	2972.98	-5	2972.98	-6
2973.98	16	2973.98	-6	2973.98	-6
2974.98	14	2974.98	-6	2974.98	-7
2975.98	13	2975.98	-5	2975.98	-8
2976.98	12	2976.98	-5	2976.98	-9
2977.99	11	2977.99	-5	2977.99	-8
2978.99	11	2978.99	-5	2978.99	-6
2979.99	12	2979.99	-6	2979.99	-5
2980.99	14	2980.99	-6	2980.99	-5
2981.99	15	2981.99	-5	2981.99	-5
2982.99	15	2982.99	-6	2982.99	-5
2983.99	14	2983.99	-6	2983.99	-5
2984.99	13	2984.99	-7	2984.99	-5
2985.99	12	2985.99	-7	2985.99	-4
2986.99	10	2986.99	-7	2986.99	-3
2987.99	9	2987.99	-6	2987.99	-3
2988.99	8	2988.99	-6	2988.99	-3
2989.99	7	2989.99	-6	2989.99	-3
2990.99	7	2990.99	-6	2990.99	-2
2991.99	6	2991.99	-6	2991.99	-1
2993	6	2993	-6	2993	-1
2994	6	2994	-6	2994	-1
2995	7	2995	-5	2995	-2
2996	8	2996	-5	2996	-5
2997	9	2997	-5	2997	-6
2998	9	2998	-5	2998	-7
2999	9	2999	-4	2999	-6
