Time (HH:MM:SS) - Plot 0	RFU - Plot 0	Time (HH:MM:SS) - Plot 1	RFU - Plot 1	Time (HH:MM:SS) - Plot 2	RFU - Plot 2
0	0	0	0	0	0
1.00067	1	1.00067	0	1.00067	0
2.00133	1	2.00133	0	2.00133	0
3.002	2	3.002	0	3.002	0
4.00267	2	4.00267	0	4.00267	0
5.00334	2	5.00334	0	5.00334	0
6.004	2	6.004	0	6.004	0
7.00467	2	7.00467	0	7.00467	0
8.00534	2	8.00534	0	8.00534	0
9.006	2	9.006	0	9.006	0
10.0067	1	10.0067	0	10.0067	0
11.0073	1	11.0073	0	11.0073	0
12.008	1	12.008	0	12.008	0
13.0087	2	13.0087	0	13.0087	0
14.0093	3	14.0093	0	14.0093	0
15.01	3	15.01	0	15.01	0
16.0107	3	16.0107	0	16.0107	0
17.0113	3	17.0113	0	17.0113	0
18.012	2	18.012	0	18.012	0
19.0127	2	19.0127	0	19.0127	0
20.0133	1	20.0133	0	20.0133	0
21.014	2	21.014	1	21.014	0
22.0147	2	22.0147	3	22.0147	0
23.0153	2	23.0153	5	23.0153	0
24.016	2	24.016	7	24.016	0
25.0167	2	25.0167	8	25.0167	0
26.0173	1	26.0173	6	26.0173	0
27.018	2	27.018	2	27.018	0
28.0187	3	28.0187	0	28.0187	0
29.0193	3	29.0193	1	29.0193	0
30.02	3	30.02	4	30.02	1
31.0207	3	31.0207	6	31.0207	2
32.0213	3	32.0213	8	32.0213	2
33.022	2	33.022	9	33.022	1
34.0227	2	34.0227	9	34.0227	0
35.0233	1	35.0233	7	35.0233	0
36.024	1	36.024	5	36.024	0
37.0247	0	37.0247	6	37.0247	1
38.0254	0	38.0254	8	38.0254	2
39.026	0	39.026	10	39.026	2
40.0267	0	40.0267	10	40.0267	0
41.0274	0	41.0274	10	41.0274	0
42.028	1	42.028	10	42.028	1
43.0287	2	43.0287	10	43.0287	2
44.0294	3	44.0294	9	44.0294	2
45.03	3	45.03	9	45.03	3
46.0307	2	46.0307	9	46.0307	2
47.0314	2	47.0314	10	47.0314	2
48.032	3	48.032	12	48.032	1
49.0327	3	49.0327	13	49.0327	2
50.0334	3	50.0334	13	50.0334	2
51.034	3	51.034	11	51.034	1
52.0347	2	52.0347	9	52.0347	2
53.0354	1	53.0354	8	53.0354	2
54.036	1	54.036	7	54.036	2
55.0367	1	55.0367	6	55.0367	3
56.0374	1	56.0374	7	56.0374	4
57.038	1	57.038	10	57.038	4
58.0387	2	58.0387	12	58.0387	2
59.0394	3	59.0394	11	59.0394	1
60.04	4	60.04	9	60.04	2
61.0407	4	61.0407	8	61.0407	3
62.0414	3	62.0414	7	62.0414	4
63.042	2	63.042	7	63.042	4
64.0427	2	64.0427	7	64.0427	4
65.0434	1	65.0434	5	65.0434	3
66.044	1	66.044	3	66.044	2
67.0447	0	67.0447	0	67.0447	2
68.0454	0	68.0454	0	68.0454	3
69.046	0	69.046	3	69.046	3
70.0467	2	70.0467	6	70.0467	5
71.0474	3	71.0474	7	71.0474	5
72.048	4	72.048	7	72.048	4
73.0487	4	73.0487	6	73.0487	3
74.0494	3	74.0494	6	74.0494	3
75.05	2	75.05	6	75.05	4
76.0507	2	76.0507	5	76.0507	3
77.0514	1	77.0514	3	77.0514	3
78.052	1	78.052	1	78.052	1
79.0527	1	79.0527	0	79.0527	0
80.0534	1	80.0534	1	80.0534	0
81.054	1	81.054	2	81.054	1
82.0547	1	82.0547	5	82.0547	3
83.0554	1	83.0554	7	83.0554	4
84.056	1	84.056	8	84.056	4
85.0567	2	85.0567	9	85.0567	4
86.0574	2	86.0574	9	86.0574	4
87.058	2	87.058	6	87.058	3
88.0587	2	88.0587	2	88.0587	2
89.0594	1	89.0594	2	89.0594	1
90.06	1	90.06	4	90.06	1
91.0607	1	91.0607	6	91.0607	1
92.0614	1	92.0614	7	92.0614	2
93.062	1	93.062	7	93.062	2
94.0627	1	94.0627	6	94.0627	2
95.0634	0	95.0634	4	95.0634	3
96.064	1	96.064	2	96.064	3
97.0647	1	97.0647	0	97.0647	3
98.0654	2	98.0654	0	98.0654	3
99.066	2	99.066	0	99.066	2
100.067	2	100.067	0	100.067	2
101.067	2	101.067	0	101.067	2
102.068	1	102.068	0	102.068	3
103.069	1	103.069	0	103.069	4
104.069	0	104.069	0	104.069	4
105.07	0	105.07	0	105.07	4
106.071	0	106.071	0	106.071	3
107.071	1	107.071	0	107.071	2
108.072	2	108.072	0	108.072	1
109.073	3	109.073	0	109.073	1
110.073	3	110.073	0	110.073	2
111.074	3	111.074	0	111.074	2
112.075	2	112.075	0	112.075	2
113.075	2	113.075	3	113.075	2
114.076	2	114.076	7	114.076	2
115.077	1	115.077	6	115.077	2
116.077	1	116.077	5	116.077	3
117.078	1	117.078	4	117.078	3
118.079	2	118.079	4	118.079	3
119.079	2	119.079	5	119.079	3
120.08	3	120.08	6	120.08	2
121.081	3	121.081	7	121.081	2
122.081	3	122.081	7	122.081	1
123.082	2	123.082	7	123.082	2
124.083	2	124.083	6	124.083	2
125.083	2	125.083	5	125.083	2
126.084	2	126.084	6	126.084	2
127.085	1	127.085	5	127.085	1
128.085	0	128.085	3	128.085	1
129.086	0	129.086	3	129.086	1
130.087	0	130.087	5	130.087	0
131.087	1	131.087	7	131.087	0
132.088	2	132.088	8	132.088	0
133.089	3	133.089	9	133.089	2
134.089	2	134.089	8	134.089	2
135.09	2	135.09	7	135.09	2
136.091	2	136.091	7	136.091	1
137.091	2	137.091	7	137.091	1
138.092	2	138.092	9	138.092	2
139.093	2	139.093	10	139.093	3
140.093	3	140.093	9	140.093	3
141.094	3	141.094	6	141.094	4
142.095	3	142.095	3	142.095	3
143.095	3	143.095	2	143.095	2
144.096	3	144.096	3	144.096	2
145.097	3	145.097	5	145.097	2
146.097	2	146.097	6	146.097	2
147.098	2	147.098	4	147.098	2
148.099	1	148.099	3	148.099	2
149.099	1	149.099	3	149.099	3
150.1	0	150.1	2	150.1	4
151.101	0	151.101	0	151.101	4
152.101	0	152.101	0	152.101	3
153.102	0	153.102	0	153.102	2
154.103	0	154.103	0	154.103	1
155.103	0	155.103	0	155.103	2
156.104	0	156.104	0	156.104	2
157.105	0	157.105	0	157.105	2
158.105	1	158.105	0	158.105	3
159.106	1	159.106	0	159.106	2
160.107	1	160.107	0	160.107	2
161.107	1	161.107	0	161.107	2
162.108	2	162.108	0	162.108	2
163.109	2	163.109	0	163.109	2
164.109	2	164.109	0	164.109	2
165.11	1	165.11	1	165.11	2
166.111	1	166.111	3	166.111	3
167.111	1	167.111	4	167.111	4
168.112	1	168.112	5	168.112	5
169.113	1	169.113	6	169.113	5
170.113	1	170.113	7	170.113	4
171.114	2	171.114	6	171.114	2
172.115	2	172.115	6	172.115	2
173.115	2	173.115	6	173.115	1
174.116	2	174.116	6	174.116	1
175.117	2	175.117	6	175.117	0
176.117	2	176.117	6	176.117	0
177.118	2	177.118	6	177.118	1
178.119	2	178.119	5	178.119	2
179.119	1	179.119	5	179.119	3
180.12	2	180.12	5	180.12	4
181.121	2	181.121	3	181.121	4
182.121	3	182.121	1	182.121	4
183.122	3	183.122	0	183.122	3
184.123	3	184.123	1	184.123	2
185.123	3	185.123	2	185.123	2
186.124	2	186.124	3	186.124	2
187.125	2	187.125	4	187.125	2
188.125	3	188.125	6	188.125	2
189.126	3	189.126	8	189.126	2
190.127	2	190.127	10	190.127	2
191.127	2	191.127	12	191.127	2
192.128	2	192.128	11	192.128	1
193.129	2	193.129	9	193.129	2
194.129	2	194.129	7	194.129	3
195.13	2	195.13	5	195.13	4
196.131	2	196.131	4	196.131	4
197.131	2	197.131	4	197.131	4
198.132	2	198.132	4	198.132	2
199.133	2	199.133	5	199.133	2
200.133	3	200.133	6	200.133	2
201.134	3	201.134	6	201.134	2
202.135	3	202.135	5	202.135	1
203.135	2	203.135	3	203.135	1
204.136	3	204.136	1	204.136	2
205.137	3	205.137	1	205.137	3
206.137	4	206.137	2	206.137	3
207.138	3	207.138	4	207.138	3
208.139	3	208.139	7	208.139	2
209.139	3	209.139	9	209.139	2
210.14	3	210.14	7	210.14	1
211.141	3	211.141	4	211.141	1
212.141	3	212.141	1	212.141	2
213.142	3	213.142	0	213.142	1
214.143	2	214.143	2	214.143	1
215.143	1	215.143	4	215.143	1
216.144	1	216.144	6	216.144	2
217.145	1	217.145	7	217.145	3
218.145	1	218.145	8	218.145	3
219.146	2	219.146	7	219.146	2
220.147	1	220.147	5	220.147	1
221.147	1	221.147	3	221.147	0
222.148	0	222.148	2	222.148	0
223.149	0	223.149	2	223.149	0
224.149	0	224.149	2	224.149	0
225.15	0	225.15	2	225.15	0
226.151	1	226.151	2	226.151	0
227.151	2	227.151	3	227.151	0
228.152	3	228.152	4	228.152	0
229.153	3	229.153	4	229.153	0
230.153	3	230.153	3	230.153	0
231.154	4	231.154	1	231.154	0
232.155	4	232.155	0	232.155	0
233.155	4	233.155	0	233.155	0
234.156	3	234.156	0	234.156	0
235.157	3	235.157	0	235.157	1
236.157	3	236.157	0	236.157	2
237.158	4	237.158	2	237.158	2
238.159	4	238.159	3	238.159	1
239.159	4	239.159	4	239.159	0
240.16	4	240.16	5	240.16	0
241.161	4	241.161	4	241.161	1
242.161	3	242.161	4	242.161	1
243.162	2	243.162	3	243.162	1
244.163	2	244.163	3	244.163	0
245.163	3	245.163	3	245.163	0
246.164	3	246.164	4	246.164	0
247.165	3	247.165	6	247.165	0
248.165	3	248.165	7	248.165	0
249.166	3	249.166	7	249.166	1
250.167	2	250.167	7	250.167	1
251.167	2	251.167	6	251.167	2
252.168	3	252.168	6	252.168	2
253.169	3	253.169	6	253.169	2
254.169	3	254.169	5	254.169	3
255.17	2	255.17	2	255.17	3
256.171	2	256.171	0	256.171	2
257.171	1	257.171	0	257.171	2
258.172	1	258.172	1	258.172	2
259.173	1	259.173	2	259.173	2
260.173	2	260.173	3	260.173	2
261.174	2	261.174	2	261.174	2
262.175	3	262.175	2	262.175	1
263.175	2	263.175	1	263.175	0
264.176	1	264.176	0	264.176	0
265.177	0	265.177	0	265.177	1
266.177	0	266.177	0	266.177	1
267.178	1	267.178	1	267.178	1
268.179	1	268.179	1	268.179	2
269.179	2	269.179	2	269.179	1
270.18	2	270.18	1	270.18	1
271.181	2	271.181	0	271.181	1
272.181	1	272.181	0	272.181	2
273.182	1	273.182	0	273.182	2
274.183	1	274.183	0	274.183	2
275.183	1	275.183	0	275.183	2
276.184	2	276.184	0	276.184	2
277.185	2	277.185	0	277.185	2
278.185	3	278.185	0	278.185	2
279.186	2	279.186	0	279.186	2
280.187	2	280.187	0	280.187	3
281.187	1	281.187	0	281.187	3
282.188	1	282.188	0	282.188	3
283.189	2	283.189	0	283.189	3
284.189	2	284.189	0	284.189	2
285.19	2	285.19	0	285.19	2
286.191	2	286.191	1	286.191	1
287.191	2	287.191	2	287.191	1
288.192	2	288.192	4	288.192	2
289.193	2	289.193	4	289.193	2
290.193	2	290.193	4	290.193	2
291.194	3	291.194	5	291.194	2
292.195	4	292.195	5	292.195	1
293.195	4	293.195	4	293.195	2
294.196	3	294.196	1	294.196	1
295.197	2	295.197	0	295.197	1
296.197	1	296.197	0	296.197	1
297.198	1	297.198	0	297.198	1
298.199	0	298.199	0	298.199	1
299.199	1	299.199	0	299.199	1
300.2	1	300.2	0	300.2	1
301.201	1	301.201	1	301.201	1
302.201	0	302.201	2	302.201	1
303.202	1	303.202	3	303.202	1
304.203	1	304.203	5	304.203	1
305.203	1	305.203	6	305.203	0
306.204	1	306.204	7	306.204	0
307.205	1	307.205	7	307.205	0
308.205	1	308.205	7	308.205	1
309.206	1	309.206	8	309.206	1
310.207	1	310.207	9	310.207	1
311.207	3	311.207	7	311.207	1
312.208	4	312.208	6	312.208	1
313.209	5	313.209	7	313.209	2
314.209	5	314.209	8	314.209	2
315.21	4	315.21	8	315.21	3
316.211	3	316.211	8	316.211	3
317.211	2	317.211	8	317.211	4
318.212	2	318.212	7	318.212	4
319.213	2	319.213	6	319.213	4
320.213	2	320.213	4	320.213	3
321.214	2	321.214	4	321.214	3
322.215	2	322.215	4	322.215	3
323.215	2	323.215	4	323.215	3
324.216	1	324.216	3	324.216	3
325.217	2	325.217	3	325.217	3
326.217	2	326.217	3	326.217	3
327.218	2	327.218	2	327.218	3
328.219	2	328.219	1	328.219	3
329.219	2	329.219	0	329.219	3
330.22	3	330.22	0	330.22	2
331.221	2	331.221	1	331.221	2
332.221	2	332.221	2	332.221	2
333.222	2	333.222	3	333.222	1
334.223	3	334.223	3	334.223	1
335.223	4	335.223	4	335.223	1
336.224	4	336.224	3	336.224	1
337.225	4	337.225	1	337.225	1
338.225	4	338.225	1	338.225	1
339.226	4	339.226	2	339.226	1
340.227	4	340.227	3	340.227	0
341.227	3	341.227	2	341.227	0
342.228	3	342.228	2	342.228	0
343.229	2	343.229	5	343.229	1
344.229	2	344.229	5	344.229	0
345.23	2	345.23	4	345.23	0
346.231	3	346.231	5	346.231	1
347.231	2	347.231	6	347.231	1
348.232	2	348.232	5	348.232	2
349.233	2	349.233	4	349.233	3
350.233	2	350.233	3	350.233	3
351.234	1	351.234	3	351.234	3
352.235	1	352.235	3	352.235	3
353.235	0	353.235	3	353.235	3
354.236	1	354.236	2	354.236	3
355.237	1	355.237	1	355.237	3
356.237	1	356.237	0	356.237	2
357.238	1	357.238	0	357.238	2
358.239	2	358.239	0	358.239	2
359.239	2	359.239	0	359.239	2
360.24	2	360.24	0	360.24	2
361.241	2	361.241	0	361.241	1
362.241	2	362.241	0	362.241	1
363.242	2	363.242	0	363.242	1
364.243	1	364.243	0	364.243	1
365.243	1	365.243	0	365.243	1
366.244	1	366.244	0	366.244	2
367.245	2	367.245	0	367.245	2
368.245	2	368.245	0	368.245	2
369.246	3	369.246	1	369.246	3
370.247	2	370.247	1	370.247	3
371.247	2	371.247	2	371.247	3
372.248	1	372.248	4	372.248	3
373.249	1	373.249	5	373.249	3
374.249	1	374.249	5	374.249	2
375.25	1	375.25	3	375.25	2
376.251	1	376.251	2	376.251	2
377.252	1	377.252	1	377.252	2
378.252	1	378.252	1	378.252	2
379.253	1	379.253	1	379.253	2
380.254	1	380.254	1	380.254	2
381.254	1	381.254	2	381.254	1
382.255	2	382.255	3	382.255	1
383.256	2	383.256	4	383.256	1
384.256	2	384.256	5	384.256	1
385.257	2	385.257	5	385.257	1
386.258	2	386.258	5	386.258	2
387.258	2	387.258	6	387.258	2
388.259	2	388.259	7	388.259	2
389.26	2	389.26	6	389.26	3
390.26	1	390.26	6	390.26	3
391.261	0	391.261	4	391.261	2
392.262	0	392.262	3	392.262	2
393.262	0	393.262	1	393.262	2
394.263	1	394.263	0	394.263	2
395.264	2	395.264	0	395.264	1
396.264	2	396.264	3	396.264	1
397.265	1	397.265	6	397.265	1
398.266	1	398.266	7	398.266	1
399.266	1	399.266	5	399.266	1
400.267	1	400.267	3	400.267	1
401.268	1	401.268	1	401.268	2
402.268	1	402.268	0	402.268	2
403.269	1	403.269	0	403.269	2
404.27	1	404.27	1	404.27	1
405.27	1	405.27	0	405.27	1
406.271	1	406.271	0	406.271	1
407.272	1	407.272	0	407.272	2
408.272	1	408.272	0	408.272	2
409.273	1	409.273	1	409.273	2
410.274	2	410.274	1	410.274	1
411.274	3	411.274	1	411.274	1
412.275	4	412.275	1	412.275	0
413.276	4	413.276	1	413.276	0
414.276	4	414.276	1	414.276	0
415.277	3	415.277	1	415.277	1
416.278	3	416.278	1	416.278	2
417.278	2	417.278	0	417.278	2
418.279	2	418.279	0	418.279	2
419.28	1	419.28	0	419.28	1
420.28	1	420.28	0	420.28	1
421.281	1	421.281	0	421.281	1
422.282	1	422.282	0	422.282	0
423.282	1	423.282	0	423.282	0
424.283	2	424.283	0	424.283	0
425.284	2	425.284	0	425.284	1
426.284	2	426.284	0	426.284	1
427.285	2	427.285	0	427.285	1
428.286	2	428.286	0	428.286	2
429.286	2	429.286	0	429.286	2
430.287	2	430.287	0	430.287	2
431.288	2	431.288	0	431.288	2
432.288	2	432.288	0	432.288	1
433.289	2	433.289	0	433.289	1
434.29	2	434.29	0	434.29	1
435.29	2	435.29	-1	435.29	1
436.291	1	436.291	-2	436.291	1
437.292	1	437.292	-2	437.292	1
438.292	1	438.292	-1	438.292	1
439.293	0	439.293	-1	439.293	1
440.294	0	440.294	-1	440.294	1
441.294	1	441.294	-1	441.294	1
442.295	2	442.295	-1	442.295	2
443.296	2	443.296	-2	443.296	2
444.296	2	444.296	-3	444.296	3
445.297	2	445.297	-2	445.297	3
446.298	3	446.298	-2	446.298	2
447.298	2	447.298	-3	447.298	2
448.299	2	448.299	-4	448.299	2
449.3	1	449.3	-4	449.3	2
450.3	1	450.3	-2	450.3	2
451.301	1	451.301	-1	451.301	1
452.302	0	452.302	0	452.302	1
453.302	0	453.302	0	453.302	1
454.303	0	454.303	-1	454.303	1
455.304	1	455.304	-2	455.304	1
456.304	1	456.304	-2	456.304	1
457.305	1	457.305	-1	457.305	1
458.306	1	458.306	0	458.306	1
459.306	2	459.306	0	459.306	1
460.307	2	460.307	0	460.307	1
461.308	2	461.308	0	461.308	0
462.308	1	462.308	0	462.308	0
463.309	1	463.309	0	463.309	0
464.31	1	464.31	0	464.31	0
465.31	1	465.31	0	465.31	0
466.311	1	466.311	0	466.311	0
467.312	1	467.312	0	467.312	1
468.312	1	468.312	0	468.312	1
469.313	1	469.313	0	469.313	1
470.314	1	470.314	0	470.314	1
471.314	0	471.314	0	471.314	1
472.315	0	472.315	0	472.315	2
473.316	0	473.316	-1	473.316	2
474.316	1	474.316	-2	474.316	2
475.317	1	475.317	-1	475.317	2
476.318	1	476.318	0	476.318	2
477.318	1	477.318	0	477.318	2
478.319	1	478.319	-1	478.319	2
479.32	2	479.32	-2	479.32	2
480.32	2	480.32	-4	480.32	3
481.321	1	481.321	-5	481.321	3
482.322	1	482.322	-6	482.322	2
483.322	1	483.322	-6	483.322	2
484.323	2	484.323	-4	484.323	2
485.324	2	485.324	-2	485.324	2
486.324	1	486.324	-1	486.324	2
487.325	1	487.325	-1	487.325	2
488.326	2	488.326	-2	488.326	1
489.326	2	489.326	-2	489.326	2
490.327	2	490.327	-3	490.327	2
491.328	2	491.328	-3	491.328	2
492.328	2	492.328	-4	492.328	2
493.329	2	493.329	-5	493.329	2
494.33	2	494.33	-6	494.33	2
495.33	3	495.33	-7	495.33	2
496.331	3	496.331	-6	496.331	2
497.332	3	497.332	-6	497.332	2
498.332	2	498.332	-6	498.332	1
499.333	2	499.333	-5	499.333	1
500.334	2	500.334	-4	500.334	0
501.334	2	501.334	-4	501.334	0
502.335	3	502.335	-3	502.335	0
503.336	3	503.336	-2	503.336	0
504.336	2	504.336	-2	504.336	1
505.337	2	505.337	-3	505.337	2
506.338	1	506.338	-5	506.338	2
507.338	1	507.338	-5	507.338	2
508.339	1	508.339	-4	508.339	2
509.34	2	509.34	-1	509.34	2
510.34	2	510.34	0	510.34	3
511.341	1	511.341	0	511.341	3
512.342	1	512.342	0	512.342	4
513.342	1	513.342	0	513.342	4
514.343	2	514.343	0	514.343	3
515.344	3	515.344	0	515.344	3
516.344	2	516.344	0	516.344	2
517.345	2	517.345	0	517.345	2
518.346	2	518.346	0	518.346	3
519.346	2	519.346	0	519.346	3
520.347	2	520.347	0	520.347	2
521.348	2	521.348	0	521.348	2
522.348	2	522.348	0	522.348	1
523.349	2	523.349	0	523.349	1
524.35	2	524.35	0	524.35	1
525.35	2	525.35	0	525.35	1
526.351	3	526.351	0	526.351	1
527.352	3	527.352	0	527.352	0
528.352	2	528.352	0	528.352	1
529.353	2	529.353	1	529.353	1
530.354	2	530.354	1	530.354	0
531.354	2	531.354	1	531.354	0
532.355	2	532.355	3	532.355	0
533.356	2	533.356	4	533.356	1
534.356	2	534.356	4	534.356	1
535.357	3	535.357	4	535.357	1
536.358	3	536.358	3	536.358	1
537.358	2	537.358	3	537.358	1
538.359	1	538.359	5	538.359	1
539.36	1	539.36	7	539.36	1
540.36	1	540.36	7	540.36	1
541.361	1	541.361	5	541.361	2
542.362	1	542.362	3	542.362	2
543.362	0	543.362	2	543.362	2
544.363	0	544.363	2	544.363	2
545.364	0	545.364	3	545.364	2
546.364	0	546.364	4	546.364	2
547.365	0	547.365	3	547.365	2
548.366	1	548.366	2	548.366	2
549.366	1	549.366	1	549.366	2
550.367	2	550.367	0	550.367	3
551.368	2	551.368	0	551.368	3
552.368	2	552.368	1	552.368	3
553.369	1	553.369	3	553.369	2
554.37	1	554.37	5	554.37	2
555.37	1	555.37	5	555.37	2
556.371	1	556.371	5	556.371	2
557.372	2	557.372	3	557.372	2
558.372	2	558.372	2	558.372	2
559.373	3	559.373	2	559.373	3
560.374	3	560.374	2	560.374	3
561.374	2	561.374	2	561.374	3
562.375	2	562.375	2	562.375	2
563.376	2	563.376	1	563.376	2
564.376	2	564.376	0	564.376	1
565.377	2	565.377	0	565.377	1
566.378	1	566.378	2	566.378	2
567.378	1	567.378	4	567.378	2
568.379	1	568.379	4	568.379	2
569.38	1	569.38	2	569.38	2
570.38	1	570.38	1	570.38	1
571.381	1	571.381	0	571.381	1
572.382	1	572.382	0	572.382	1
573.382	2	573.382	0	573.382	1
574.383	2	574.383	2	574.383	1
575.384	2	575.384	3	575.384	1
576.384	2	576.384	5	576.384	1
577.385	2	577.385	5	577.385	1
578.386	1	578.386	3	578.386	2
579.386	1	579.386	1	579.386	2
580.387	0	580.387	0	580.387	2
581.388	0	581.388	2	581.388	2
582.388	0	582.388	4	582.388	1
583.389	1	583.389	6	583.389	1
584.39	1	584.39	6	584.39	2
585.39	1	585.39	6	585.39	2
586.391	1	586.391	5	586.391	3
587.392	2	587.392	3	587.392	3
588.392	2	588.392	2	588.392	3
589.393	2	589.393	1	589.393	3
590.394	2	590.394	0	590.394	3
591.394	2	591.394	1	591.394	2
592.395	2	592.395	1	592.395	2
593.396	1	593.396	2	593.396	2
594.396	1	594.396	2	594.396	1
595.397	1	595.397	2	595.397	1
596.398	1	596.398	2	596.398	0
597.398	1	597.398	2	597.398	0
598.399	2	598.399	4	598.399	1
599.4	2	599.4	5	599.4	1
600.4	3	600.4	6	600.4	2
601.401	2	601.401	7	601.401	3
602.402	2	602.402	7	602.402	3
603.402	1	603.402	6	603.402	3
604.403	1	604.403	4	604.403	3
605.404	1	605.404	1	605.404	2
606.404	1	606.404	0	606.404	1
607.405	1	607.405	0	607.405	1
608.406	1	608.406	1	608.406	1
609.406	2	609.406	1	609.406	1
610.407	2	610.407	3	610.407	1
611.408	3	611.408	4	611.408	0
612.408	3	612.408	4	612.408	1
613.409	3	613.409	2	613.409	1
614.41	3	614.41	1	614.41	1
615.41	3	615.41	3	615.41	2
616.411	3	616.411	4	616.411	1
617.412	3	617.412	5	617.412	1
618.412	3	618.412	5	618.412	0
619.413	3	619.413	6	619.413	0
620.414	3	620.414	6	620.414	1
621.414	3	621.414	6	621.414	2
622.415	3	622.415	6	622.415	2
623.416	2	623.416	5	623.416	2
624.416	1	624.416	6	624.416	1
625.417	1	625.417	6	625.417	1
626.418	1	626.418	6	626.418	2
627.418	1	627.418	7	627.418	2
628.419	1	628.419	7	628.419	2
629.42	1	629.42	6	629.42	2
630.42	2	630.42	4	630.42	1
631.421	2	631.421	2	631.421	1
632.422	2	632.422	1	632.422	2
633.422	3	633.422	1	633.422	2
634.423	4	634.423	2	634.423	2
635.424	4	635.424	3	635.424	1
636.424	4	636.424	4	636.424	1
637.425	3	637.425	5	637.425	2
638.426	2	638.426	5	638.426	2
639.426	3	639.426	5	639.426	2
640.427	4	640.427	4	640.427	1
641.428	4	641.428	5	641.428	2
642.428	3	642.428	6	642.428	2
643.429	2	643.429	6	643.429	2
644.43	1	644.43	6	644.43	2
645.43	1	645.43	6	645.43	3
646.431	2	646.431	6	646.431	4
647.432	2	647.432	5	647.432	5
648.432	2	648.432	5	648.432	5
649.433	2	649.433	6	649.433	4
650.434	2	650.434	6	650.434	4
651.434	3	651.434	7	651.434	4
652.435	3	652.435	8	652.435	3
653.436	2	653.436	8	653.436	3
654.436	1	654.436	8	654.436	3
655.437	1	655.437	7	655.437	3
656.438	1	656.438	7	656.438	3
657.438	2	657.438	6	657.438	3
658.439	2	658.439	6	658.439	4
659.44	1	659.44	6	659.44	4
660.44	1	660.44	6	660.44	4
661.441	1	661.441	6	661.441	4
662.442	1	662.442	6	662.442	3
663.442	2	663.442	5	663.442	2
664.443	2	664.443	5	664.443	2
665.444	2	665.444	5	665.444	2
666.444	2	666.444	5	666.444	3
667.445	2	667.445	5	667.445	4
668.446	1	668.446	5	668.446	4
669.446	1	669.446	5	669.446	4
670.447	1	670.447	6	670.447	4
671.448	1	671.448	5	671.448	3
672.448	1	672.448	4	672.448	2
673.449	1	673.449	2	673.449	1
674.45	1	674.45	1	674.45	0
675.45	1	675.45	0	675.45	0
676.451	2	676.451	0	676.451	0
677.452	3	677.452	1	677.452	1
678.452	4	678.452	3	678.452	2
679.453	4	679.453	3	679.453	2
680.454	4	680.454	4	680.454	2
681.454	3	681.454	4	681.454	2
682.455	2	682.455	4	682.455	2
683.456	2	683.456	3	683.456	1
684.456	2	684.456	1	684.456	1
685.457	3	685.457	1	685.457	1
686.458	3	686.458	1	686.458	1
687.458	4	687.458	0	687.458	1
688.459	3	688.459	0	688.459	1
689.46	3	689.46	0	689.46	1
690.46	3	690.46	0	690.46	2
691.461	3	691.461	0	691.461	2
692.462	4	692.462	0	692.462	2
693.462	4	693.462	0	693.462	2
694.463	3	694.463	0	694.463	2
695.464	2	695.464	0	695.464	2
696.464	2	696.464	0	696.464	2
697.465	1	697.465	0	697.465	2
698.466	2	698.466	0	698.466	1
699.466	3	699.466	0	699.466	1
700.467	3	700.467	0	700.467	1
701.468	3	701.468	1	701.468	1
702.468	3	702.468	2	702.468	1
703.469	2	703.469	2	703.469	0
704.47	1	704.47	2	704.47	1
705.47	1	705.47	1	705.47	2
706.471	1	706.471	2	706.471	3
707.472	1	707.472	2	707.472	3
708.472	1	708.472	3	708.472	2
709.473	1	709.473	3	709.473	3
710.474	2	710.474	3	710.474	4
711.474	2	711.474	2	711.474	4
712.475	2	712.475	1	712.475	4
713.476	2	713.476	1	713.476	3
714.476	1	714.476	2	714.476	2
715.477	1	715.477	3	715.477	2
716.478	0	716.478	4	716.478	2
717.478	0	717.478	4	717.478	2
718.479	0	718.479	4	718.479	2
719.48	1	719.48	4	719.48	1
720.48	2	720.48	3	720.48	1
721.481	2	721.481	3	721.481	1
722.482	2	722.482	4	722.482	2
723.482	2	723.482	5	723.482	2
724.483	2	724.483	5	724.483	2
725.484	3	725.484	5	725.484	1
726.484	4	726.484	5	726.484	0
727.485	4	727.485	5	727.485	0
728.486	4	728.486	4	728.486	1
729.486	3	729.486	3	729.486	2
730.487	3	730.487	1	730.487	2
731.488	3	731.488	0	731.488	1
732.488	2	732.488	0	732.488	1
733.489	2	733.489	2	733.489	0
734.49	1	734.49	4	734.49	0
735.49	1	735.49	5	735.49	0
736.491	1	736.491	5	736.491	0
737.492	2	737.492	4	737.492	0
738.492	2	738.492	3	738.492	1
739.493	1	739.493	4	739.493	1
740.494	1	740.494	5	740.494	1
741.494	2	741.494	4	741.494	0
742.495	3	742.495	2	742.495	0
743.496	3	743.496	1	743.496	0
744.496	3	744.496	0	744.496	1
745.497	3	745.497	0	745.497	2
746.498	3	746.498	0	746.498	2
747.498	3	747.498	0	747.498	2
748.499	2	748.499	1	748.499	2
749.5	2	749.5	3	749.5	2
750.5	2	750.5	5	750.5	2
751.501	3	751.501	4	751.501	2
752.502	3	752.502	3	752.502	1
753.502	4	753.502	2	753.502	2
754.503	4	754.503	3	754.503	3
755.504	4	755.504	4	755.504	3
756.504	5	756.504	4	756.504	3
757.505	5	757.505	5	757.505	3
758.506	5	758.506	6	758.506	3
759.506	4	759.506	7	759.506	2
760.507	3	760.507	6	760.507	1
761.508	3	761.508	4	761.508	0
762.508	3	762.508	1	762.508	0
763.509	3	763.509	1	763.509	0
764.51	3	764.51	3	764.51	0
765.51	2	765.51	5	765.51	1
766.511	2	766.511	5	766.511	1
767.512	2	767.512	4	767.512	2
768.512	2	768.512	2	768.512	2
769.513	2	769.513	0	769.513	3
770.514	2	770.514	0	770.514	3
771.514	1	771.514	1	771.514	2
772.515	0	772.515	1	772.515	1
773.516	0	773.516	1	773.516	0
774.516	0	774.516	1	774.516	1
775.517	0	775.517	1	775.517	2
776.518	0	776.518	2	776.518	3
777.518	0	777.518	2	777.518	3
778.519	0	778.519	1	778.519	3
779.52	1	779.52	0	779.52	3
780.52	1	780.52	0	780.52	3
781.521	1	781.521	0	781.521	4
782.522	2	782.522	0	782.522	4
783.522	2	783.522	0	783.522	3
784.523	2	784.523	0	784.523	2
785.524	2	785.524	0	785.524	1
786.524	2	786.524	0	786.524	1
787.525	2	787.525	0	787.525	1
788.526	3	788.526	0	788.526	1
789.526	3	789.526	0	789.526	1
790.527	2	790.527	1	790.527	1
791.528	1	791.528	1	791.528	2
792.528	1	792.528	2	792.528	2
793.529	2	793.529	2	793.529	2
794.53	2	794.53	3	794.53	2
795.53	2	795.53	3	795.53	2
796.531	1	796.531	2	796.531	2
797.532	1	797.532	2	797.532	2
798.532	1	798.532	3	798.532	2
799.533	1	799.533	3	799.533	2
800.534	0	800.534	4	800.534	2
801.534	0	801.534	4	801.534	2
802.535	0	802.535	3	802.535	2
803.536	1	803.536	4	803.536	2
804.536	1	804.536	5	804.536	2
805.537	1	805.537	4	805.537	2
806.538	2	806.538	3	806.538	2
807.538	2	807.538	3	807.538	2
808.539	2	808.539	3	808.539	2
809.54	2	809.54	3	809.54	2
810.54	2	810.54	4	810.54	3
811.541	2	811.541	3	811.541	3
812.542	2	812.542	1	812.542	3
813.542	2	813.542	0	813.542	3
814.543	2	814.543	1	814.543	3
815.544	2	815.544	3	815.544	2
816.544	3	816.544	5	816.544	2
817.545	3	817.545	4	817.545	1
818.546	2	818.546	3	818.546	1
819.546	2	819.546	3	819.546	0
820.547	2	820.547	3	820.547	0
821.548	2	821.548	3	821.548	0
822.548	1	822.548	2	822.548	1
823.549	2	823.549	2	823.549	1
824.55	2	824.55	2	824.55	1
825.55	2	825.55	2	825.55	1
826.551	2	826.551	1	826.551	1
827.552	3	827.552	1	827.552	1
828.552	3	828.552	1	828.552	1
829.553	3	829.553	0	829.553	1
830.554	2	830.554	0	830.554	1
831.554	2	831.554	1	831.554	1
832.555	1	832.555	2	832.555	0
833.556	1	833.556	2	833.556	0
834.556	1	834.556	2	834.556	0
835.557	1	835.557	2	835.557	0
836.558	1	836.558	1	836.558	0
837.558	2	837.558	1	837.558	0
838.559	2	838.559	0	838.559	1
839.56	1	839.56	0	839.56	2
840.56	0	840.56	2	840.56	2
841.561	0	841.561	3	841.561	2
842.562	0	842.562	4	842.562	1
843.562	1	843.562	4	843.562	1
844.563	1	844.563	3	844.563	1
845.564	1	845.564	4	845.564	1
846.564	1	846.564	4	846.564	1
847.565	1	847.565	5	847.565	1
848.566	1	848.566	6	848.566	2
849.566	1	849.566	7	849.566	2
850.567	1	850.567	7	850.567	2
851.568	2	851.568	6	851.568	2
852.568	2	852.568	5	852.568	1
853.569	2	853.569	5	853.569	1
854.57	1	854.57	4	854.57	0
855.57	1	855.57	4	855.57	1
856.571	1	856.571	4	856.571	1
857.572	1	857.572	4	857.572	1
858.572	1	858.572	5	858.572	1
859.573	0	859.573	5	859.573	1
860.574	0	860.574	5	860.574	1
861.574	0	861.574	6	861.574	1
862.575	0	862.575	5	862.575	2
863.576	1	863.576	5	863.576	2
864.576	1	864.576	6	864.576	2
865.577	1	865.577	7	865.577	1
866.578	1	866.578	7	866.578	0
867.578	1	867.578	6	867.578	0
868.579	0	868.579	5	868.579	0
869.58	0	869.58	4	869.58	1
870.58	1	870.58	4	870.58	1
871.581	1	871.581	4	871.581	1
872.582	2	872.582	3	872.582	0
873.582	3	873.582	1	873.582	0
874.583	3	874.583	0	874.583	0
875.584	2	875.584	0	875.584	1
876.584	1	876.584	0	876.584	1
877.585	1	877.585	0	877.585	2
878.586	1	878.586	2	878.586	2
879.586	1	879.586	3	879.586	1
880.587	1	880.587	2	880.587	0
881.588	0	881.588	1	881.588	0
882.588	0	882.588	0	882.588	0
883.589	0	883.589	0	883.589	1
884.59	1	884.59	0	884.59	1
885.59	1	885.59	1	885.59	1
886.591	2	886.591	1	886.591	2
887.592	2	887.592	1	887.592	2
888.592	2	888.592	2	888.592	1
889.593	3	889.593	3	889.593	0
890.594	3	890.594	2	890.594	0
891.594	3	891.594	1	891.594	0
892.595	4	892.595	0	892.595	0
893.596	4	893.596	0	893.596	1
894.596	3	894.596	1	894.596	1
895.597	4	895.597	3	895.597	1
896.598	4	896.598	5	896.598	1
897.598	4	897.598	6	897.598	2
898.599	5	898.599	6	898.599	2
899.6	5	899.6	4	899.6	3
900.6	7	900.6	3	900.6	3
901.601	8	901.601	4	901.601	6
902.602	10	902.602	5	902.602	8
903.602	11	903.602	6	903.602	9
904.603	12	904.603	9	904.603	11
905.604	15	905.604	13	905.604	14
906.604	19	906.604	17	906.604	20
907.605	24	907.605	22	907.605	28
908.606	31	908.606	29	908.606	36
909.606	40	909.606	39	909.606	45
910.607	52	910.607	54	910.607	56
911.608	77	911.608	86	911.608	78
912.608	156	912.608	175	912.608	143
913.609	375	913.609	404	913.609	329
914.61	840	914.61	873	914.61	741
915.61	1559	915.61	1578	915.61	1415
916.611	2302	916.611	2304	916.611	2184
917.612	2689	917.612	2691	917.612	2689
918.612	2492	918.612	2522	918.612	2647
919.613	1855	919.613	1922	919.613	2104
920.614	1151	920.614	1229	920.614	1384
921.614	654	921.614	713	921.614	801
922.615	407	922.615	439	922.615	461
923.616	326	923.616	338	923.616	312
924.616	317	924.616	323	924.616	266
925.617	328	925.617	338	925.617	261
926.618	333	926.618	356	926.618	268
927.618	331	927.618	369	927.618	277
928.619	329	928.619	385	928.619	289
929.62	332	929.62	406	929.62	305
930.62	337	930.62	423	930.62	319
931.621	335	931.621	421	931.621	322
932.622	322	932.622	396	932.622	311
933.622	299	933.622	355	933.622	255
934.623	270	934.623	312	934.623	221
935.624	239	935.624	272	935.624	186
936.624	206	936.624	236	936.624	151
937.625	174	937.625	203	937.625	120
938.626	143	938.626	172	938.626	95
939.626	115	939.626	143	939.626	76
940.627	92	940.627	115	940.627	62
941.628	76	941.628	92	941.628	52
942.628	65	942.628	74	942.628	45
943.629	59	943.629	62	943.629	41
944.63	56	944.63	54	944.63	37
945.63	54	945.63	49	945.63	36
946.631	53	946.631	47	946.631	36
947.632	52	947.632	47	947.632	36
948.632	50	948.632	48	948.632	34
949.633	46	949.633	48	949.633	30
950.634	41	950.634	46	950.634	26
951.634	36	951.634	41	951.634	21
952.635	32	952.635	34	952.635	18
953.636	29	953.636	27	953.636	16
954.636	28	954.636	20	954.636	14
955.637	27	955.637	17	955.637	14
956.638	26	956.638	16	956.638	13
957.638	24	957.638	17	957.638	12
958.639	24	958.639	17	958.639	11
959.64	23	959.64	17	959.64	9
960.64	22	960.64	15	960.64	8
961.641	21	961.641	14	961.641	8
962.642	20	962.642	12	962.642	8
963.642	19	963.642	9	963.642	7
964.643	19	964.643	8	964.643	6
965.644	19	965.644	6	965.644	4
966.644	18	966.644	5	966.644	3
967.645	17	967.645	4	967.645	2
968.646	16	968.646	4	968.646	1
969.646	16	969.646	4	969.646	0
970.647	15	970.647	5	970.647	0
971.648	14	971.648	4	971.648	0
972.648	13	972.648	2	972.648	0
973.649	12	973.649	0	973.649	0
974.65	10	974.65	0	974.65	0
975.65	9	975.65	0	975.65	0
976.651	8	976.651	0	976.651	0
977.652	7	977.652	2	977.652	0
978.652	7	978.652	3	978.652	0
979.653	6	979.653	4	979.653	0
980.654	6	980.654	4	980.654	0
981.654	5	981.654	3	981.654	0
982.655	4	982.655	2	982.655	0
983.656	4	983.656	2	983.656	1
984.656	3	984.656	1	984.656	1
985.657	3	985.657	0	985.657	1
986.658	3	986.658	0	986.658	0
987.658	2	987.658	0	987.658	0
988.659	2	988.659	0	988.659	0
989.66	2	989.66	0	989.66	0
990.66	3	990.66	0	990.66	1
991.661	2	991.661	0	991.661	1
992.662	2	992.662	3	992.662	3
993.662	1	993.662	4	993.662	3
994.663	0	994.663	5	994.663	3
995.664	0	995.664	4	995.664	3
996.664	0	996.664	3	996.664	3
997.665	0	997.665	1	997.665	3
998.666	0	998.666	0	998.666	3
999.666	0	999.666	1	999.666	3
1000.67	0	1000.67	3	1000.67	3
1001.67	0	1001.67	5	1001.67	3
1002.67	0	1002.67	6	1002.67	0
1003.67	0	1003.67	5	1003.67	1
1004.67	0	1004.67	5	1004.67	2
1005.67	1	1005.67	4	1005.67	2
1006.67	2	1006.67	3	1006.67	3
1007.67	2	1007.67	4	1007.67	3
1008.67	0	1008.67	6	1008.67	2
1009.67	0	1009.67	8	1009.67	2
1010.67	0	1010.67	11	1010.67	2
1011.67	0	1011.67	12	1011.67	2
1012.68	-1	1012.68	13	1012.68	3
1013.68	-1	1013.68	12	1013.68	3
1014.68	0	1014.68	10	1014.68	3
1015.68	-1	1015.68	0	1015.68	3
1016.68	-2	1016.68	1	1016.68	3
1017.68	-2	1017.68	1	1017.68	4
1018.68	-2	1018.68	0	1018.68	4
1019.68	-1	1019.68	0	1019.68	4
1020.68	0	1020.68	0	1020.68	4
1021.68	0	1021.68	2	1021.68	4
1022.68	0	1022.68	3	1022.68	4
1023.68	0	1023.68	4	1023.68	5
1024.68	0	1024.68	6	1024.68	5
1025.68	0	1025.68	8	1025.68	5
1026.68	-1	1026.68	8	1026.68	5
1027.69	-1	1027.69	7	1027.69	5
1028.69	-2	1028.69	6	1028.69	5
1029.69	-2	1029.69	7	1029.69	5
1030.69	-3	1030.69	9	1030.69	5
1031.69	-3	1031.69	9	1031.69	4
1032.69	-3	1032.69	9	1032.69	4
1033.69	-4	1033.69	8	1033.69	4
1034.69	-4	1034.69	7	1034.69	3
1035.69	-4	1035.69	6	1035.69	2
1036.69	-3	1036.69	6	1036.69	2
1037.69	-3	1037.69	7	1037.69	1
1038.69	-3	1038.69	8	1038.69	1
1039.69	-3	1039.69	8	1039.69	0
1040.69	-3	1040.69	8	1040.69	0
1041.69	-3	1041.69	7	1041.69	0
1042.7	-3	1042.7	6	1042.7	1
1043.7	-3	1043.7	6	1043.7	1
1044.7	-2	1044.7	6	1044.7	1
1045.7	-2	1045.7	7	1045.7	1
1046.7	-2	1046.7	7	1046.7	1
1047.7	-1	1047.7	6	1047.7	0
1048.7	-1	1048.7	5	1048.7	0
1049.7	-1	1049.7	4	1049.7	1
1050.7	-1	1050.7	3	1050.7	2
1051.7	-1	1051.7	3	1051.7	2
1052.7	0	1052.7	3	1052.7	1
1053.7	0	1053.7	3	1053.7	1
1054.7	0	1054.7	4	1054.7	1
1055.7	0	1055.7	6	1055.7	0
1056.7	0	1056.7	7	1056.7	0
1057.71	0	1057.71	7	1057.71	0
1058.71	1	1058.71	8	1058.71	0
1059.71	2	1059.71	8	1059.71	0
1060.71	2	1060.71	8	1060.71	1
1061.71	2	1061.71	8	1061.71	3
1062.71	2	1062.71	8	1062.71	4
1063.71	2	1063.71	9	1063.71	5
1064.71	3	1064.71	10	1064.71	6
1065.71	4	1065.71	11	1065.71	5
1066.71	6	1066.71	12	1066.71	5
1067.71	8	1067.71	13	1067.71	6
1068.71	9	1068.71	14	1068.71	7
1069.71	10	1069.71	16	1069.71	8
1070.71	10	1070.71	19	1070.71	8
1071.71	11	1071.71	22	1071.71	8
1072.72	11	1072.72	24	1072.72	9
1073.72	12	1073.72	24	1073.72	10
1074.72	13	1074.72	25	1074.72	11
1075.72	15	1075.72	26	1075.72	12
1076.72	17	1076.72	29	1076.72	13
1077.72	19	1077.72	33	1077.72	14
1078.72	20	1078.72	36	1078.72	15
1079.72	21	1079.72	38	1079.72	17
1080.72	24	1080.72	41	1080.72	19
1081.72	27	1081.72	44	1081.72	21
1082.72	29	1082.72	47	1082.72	22
1083.72	32	1083.72	49	1083.72	24
1084.72	35	1084.72	52	1084.72	25
1085.72	38	1085.72	55	1085.72	26
1086.72	41	1086.72	60	1086.72	27
1087.73	45	1087.73	65	1087.73	29
1088.73	48	1088.73	69	1088.73	31
1089.73	52	1089.73	73	1089.73	34
1090.73	57	1090.73	79	1090.73	37
1091.73	62	1091.73	85	1091.73	41
1092.73	68	1092.73	92	1092.73	46
1093.73	75	1093.73	101	1093.73	58
1094.73	83	1094.73	111	1094.73	64
1095.73	91	1095.73	122	1095.73	68
1096.73	99	1096.73	133	1096.73	71
1097.73	108	1097.73	144	1097.73	74
1098.73	117	1098.73	157	1098.73	77
1099.73	128	1099.73	171	1099.73	82
1100.73	139	1100.73	186	1100.73	87
1101.73	151	1101.73	202	1101.73	93
1102.74	163	1102.74	218	1102.74	98
1103.74	174	1103.74	235	1103.74	104
1104.74	186	1104.74	253	1104.74	111
1105.74	199	1105.74	272	1105.74	118
1106.74	214	1106.74	292	1106.74	125
1107.74	229	1107.74	311	1107.74	133
1108.74	244	1108.74	331	1108.74	142
1109.74	259	1109.74	353	1109.74	150
1110.74	275	1110.74	378	1110.74	158
1111.74	292	1111.74	402	1111.74	168
1112.74	310	1112.74	426	1112.74	178
1113.74	327	1113.74	450	1113.74	188
1114.74	346	1114.74	475	1114.74	198
1115.74	366	1115.74	501	1115.74	209
1116.74	386	1116.74	529	1116.74	221
1117.75	407	1117.75	558	1117.75	233
1118.75	431	1118.75	586	1118.75	246
1119.75	460	1119.75	616	1119.75	259
1120.75	491	1120.75	650	1120.75	272
1121.75	524	1121.75	688	1121.75	286
1122.75	561	1122.75	730	1122.75	301
1123.75	603	1123.75	777	1123.75	317
1124.75	650	1124.75	827	1124.75	337
1125.75	702	1125.75	883	1125.75	385
1126.75	759	1126.75	947	1126.75	411
1127.75	821	1127.75	1019	1127.75	438
1128.75	890	1128.75	1101	1128.75	469
1129.75	964	1129.75	1190	1129.75	502
1130.75	1043	1130.75	1289	1130.75	538
1131.75	1127	1131.75	1398	1131.75	577
1132.76	1216	1132.76	1515	1132.76	619
1133.76	1307	1133.76	1638	1133.76	664
1134.76	1400	1134.76	1766	1134.76	713
1135.76	1491	1135.76	1901	1135.76	763
1136.76	1582	1136.76	2040	1136.76	814
1137.76	1669	1137.76	2180	1137.76	864
1138.76	1749	1138.76	2319	1138.76	913
1139.76	1822	1139.76	2458	1139.76	961
1140.76	1886	1140.76	2591	1140.76	1008
1141.76	1940	1141.76	2714	1141.76	1053
1142.76	1983	1142.76	2823	1142.76	1096
1143.76	2017	1143.76	2920	1143.76	1134
1144.76	2040	1144.76	3004	1144.76	1167
1145.76	2050	1145.76	3071	1145.76	1192
1146.76	2047	1146.76	3114	1146.76	1211
1147.77	2032	1147.77	3133	1147.77	1223
1148.77	2006	1148.77	3137	1148.77	1227
1149.77	1972	1149.77	3130	1149.77	1224
1150.77	1930	1150.77	3110	1150.77	1216
1151.77	1879	1151.77	3075	1151.77	1203
1152.77	1821	1152.77	3024	1152.77	1186
1153.77	1755	1153.77	2959	1153.77	1165
1154.77	1686	1154.77	2881	1154.77	1139
1155.77	1613	1155.77	2791	1155.77	1108
1156.77	1538	1156.77	2692	1156.77	1073
1157.77	1462	1157.77	2586	1157.77	996
1158.77	1386	1158.77	2478	1158.77	956
1159.77	1313	1159.77	2368	1159.77	917
1160.77	1244	1160.77	2257	1160.77	878
1161.77	1178	1161.77	2147	1161.77	839
1162.78	1114	1162.78	2040	1162.78	799
1163.78	1051	1163.78	1935	1163.78	760
1164.78	989	1164.78	1832	1164.78	722
1165.78	929	1165.78	1732	1165.78	685
1166.78	871	1166.78	1635	1166.78	650
1167.78	817	1167.78	1540	1167.78	616
1168.78	768	1168.78	1451	1168.78	582
1169.78	723	1169.78	1370	1169.78	552
1170.78	681	1170.78	1296	1170.78	524
1171.78	641	1171.78	1225	1171.78	498
1172.78	604	1172.78	1156	1172.78	473
1173.78	569	1173.78	1092	1173.78	448
1174.78	539	1174.78	1034	1174.78	426
1175.78	511	1175.78	979	1175.78	405
1176.78	483	1176.78	926	1176.78	385
1177.79	457	1177.79	875	1177.79	367
1178.79	434	1178.79	830	1178.79	350
1179.79	413	1179.79	789	1179.79	334
1180.79	394	1180.79	752	1180.79	319
1181.79	375	1181.79	716	1181.79	305
1182.79	357	1182.79	682	1182.79	291
1183.79	340	1183.79	650	1183.79	278
1184.79	325	1184.79	621	1184.79	267
1185.79	310	1185.79	594	1185.79	255
1186.79	296	1186.79	568	1186.79	243
1187.79	282	1187.79	544	1187.79	232
1188.79	268	1188.79	520	1188.79	223
1189.79	256	1189.79	496	1189.79	214
1190.79	244	1190.79	472	1190.79	197
1191.79	232	1191.79	450	1191.79	188
1192.8	221	1192.8	428	1192.8	179
1193.8	211	1193.8	407	1193.8	170
1194.8	200	1194.8	388	1194.8	161
1195.8	189	1195.8	369	1195.8	153
1196.8	179	1196.8	351	1196.8	145
1197.8	169	1197.8	333	1197.8	139
1198.8	160	1198.8	315	1198.8	133
1199.8	151	1199.8	297	1199.8	127
1200.8	143	1200.8	281	1200.8	120
1201.8	134	1201.8	267	1201.8	113
1202.8	127	1202.8	254	1202.8	107
1203.8	120	1203.8	241	1203.8	101
1204.8	114	1204.8	228	1204.8	96
1205.8	108	1205.8	215	1205.8	92
1206.8	101	1206.8	202	1206.8	88
1207.81	94	1207.81	189	1207.81	83
1208.81	87	1208.81	178	1208.81	79
1209.81	81	1209.81	168	1209.81	76
1210.81	76	1210.81	159	1210.81	72
1211.81	71	1211.81	150	1211.81	68
1212.81	66	1212.81	140	1212.81	64
1213.81	62	1213.81	130	1213.81	61
1214.81	58	1214.81	120	1214.81	57
1215.81	54	1215.81	113	1215.81	54
1216.81	51	1216.81	106	1216.81	52
1217.81	47	1217.81	98	1217.81	50
1218.81	43	1218.81	91	1218.81	47
1219.81	38	1219.81	86	1219.81	45
1220.81	35	1220.81	82	1220.81	42
1221.81	33	1221.81	79	1221.81	41
1222.82	31	1222.82	76	1222.82	39
1223.82	29	1223.82	73	1223.82	38
1224.82	26	1224.82	71	1224.82	36
1225.82	24	1225.82	69	1225.82	34
1226.82	23	1226.82	64	1226.82	32
1227.82	21	1227.82	58	1227.82	31
1228.82	20	1228.82	53	1228.82	31
1229.82	18	1229.82	50	1229.82	30
1230.82	16	1230.82	48	1230.82	30
1231.82	16	1231.82	46	1231.82	30
1232.82	15	1232.82	44	1232.82	29
1233.82	14	1233.82	42	1233.82	29
1234.82	12	1234.82	40	1234.82	29
1235.82	11	1235.82	39	1235.82	28
1236.82	10	1236.82	39	1236.82	28
1237.83	9	1237.83	39	1237.83	27
1238.83	8	1238.83	38	1238.83	26
1239.83	7	1239.83	36	1239.83	25
1240.83	6	1240.83	32	1240.83	24
1241.83	5	1241.83	30	1241.83	24
1242.83	4	1242.83	28	1242.83	24
1243.83	3	1243.83	27	1243.83	23
1244.83	3	1244.83	26	1244.83	23
1245.83	2	1245.83	24	1245.83	24
1246.83	2	1246.83	23	1246.83	24
1247.83	1	1247.83	23	1247.83	23
1248.83	1	1248.83	23	1248.83	23
1249.83	0	1249.83	22	1249.83	22
1250.83	-1	1250.83	21	1250.83	22
1251.83	-2	1251.83	20	1251.83	21
1252.84	-3	1252.84	20	1252.84	21
1253.84	-3	1253.84	19	1253.84	22
1254.84	-3	1254.84	19	1254.84	22
1255.84	-3	1255.84	18	1255.84	22
1256.84	-3	1256.84	18	1256.84	22
1257.84	-3	1257.84	16	1257.84	22
1258.84	-3	1258.84	14	1258.84	22
1259.84	-3	1259.84	13	1259.84	22
1260.84	-3	1260.84	13	1260.84	22
1261.84	-3	1261.84	15	1261.84	22
1262.84	-4	1262.84	15	1262.84	22
1263.84	-4	1263.84	13	1263.84	21
1264.84	-4	1264.84	10	1264.84	20
1265.84	-4	1265.84	8	1265.84	20
1266.84	-4	1266.84	8	1266.84	20
1267.85	-3	1267.85	7	1267.85	20
1268.85	-3	1268.85	7	1268.85	20
1269.85	-3	1269.85	6	1269.85	19
1270.85	-4	1270.85	6	1270.85	19
1271.85	-5	1271.85	6	1271.85	19
1272.85	-5	1272.85	7	1272.85	18
1273.85	-5	1273.85	8	1273.85	17
1274.85	-4	1274.85	8	1274.85	17
1275.85	-4	1275.85	7	1275.85	17
1276.85	-3	1276.85	6	1276.85	17
1277.85	-3	1277.85	6	1277.85	17
1278.85	-3	1278.85	6	1278.85	17
1279.85	-3	1279.85	6	1279.85	16
1280.85	-3	1280.85	5	1280.85	16
1281.85	-3	1281.85	4	1281.85	16
1282.86	-3	1282.86	3	1282.86	16
1283.86	-2	1283.86	2	1283.86	16
1284.86	-2	1284.86	3	1284.86	16
1285.86	-1	1285.86	4	1285.86	15
1286.86	0	1286.86	6	1286.86	15
1287.86	1	1287.86	7	1287.86	15
1288.86	1	1288.86	8	1288.86	15
1289.86	2	1289.86	8	1289.86	14
1290.86	3	1290.86	9	1290.86	14
1291.86	4	1291.86	9	1291.86	14
1292.86	4	1292.86	8	1292.86	14
1293.86	5	1293.86	8	1293.86	14
1294.86	6	1294.86	9	1294.86	14
1295.86	6	1295.86	10	1295.86	14
1296.86	7	1296.86	9	1296.86	14
1297.87	9	1297.87	8	1297.87	14
1298.87	12	1298.87	9	1298.87	15
1299.87	14	1299.87	11	1299.87	15
1300.87	15	1300.87	13	1300.87	16
1301.87	17	1301.87	15	1301.87	16
1302.87	18	1302.87	17	1302.87	16
1303.87	19	1303.87	18	1303.87	16
1304.87	21	1304.87	19	1304.87	17
1305.87	24	1305.87	21	1305.87	17
1306.87	27	1306.87	23	1306.87	17
1307.87	29	1307.87	25	1307.87	18
1308.87	30	1308.87	28	1308.87	19
1309.87	32	1309.87	30	1309.87	19
1310.87	35	1310.87	32	1310.87	20
1311.87	37	1311.87	34	1311.87	21
1312.88	40	1312.88	35	1312.88	21
1313.88	42	1313.88	38	1313.88	22
1314.88	45	1314.88	42	1314.88	22
1315.88	49	1315.88	46	1315.88	23
1316.88	52	1316.88	51	1316.88	23
1317.88	56	1317.88	56	1317.88	24
1318.88	60	1318.88	59	1318.88	27
1319.88	63	1319.88	62	1319.88	29
1320.88	66	1320.88	66	1320.88	31
1321.88	70	1321.88	69	1321.88	32
1322.88	75	1322.88	74	1322.88	33
1323.88	80	1323.88	78	1323.88	34
1324.88	84	1324.88	82	1324.88	34
1325.88	88	1325.88	85	1325.88	34
1326.88	91	1326.88	89	1326.88	35
1327.89	94	1327.89	94	1327.89	37
1328.89	97	1328.89	97	1328.89	38
1329.89	100	1329.89	99	1329.89	40
1330.89	104	1330.89	103	1330.89	41
1331.89	107	1331.89	108	1331.89	42
1332.89	110	1332.89	111	1332.89	41
1333.89	112	1333.89	115	1333.89	41
1334.89	115	1334.89	119	1334.89	41
1335.89	116	1335.89	123	1335.89	42
1336.89	118	1336.89	126	1336.89	43
1337.89	120	1337.89	127	1337.89	43
1338.89	121	1338.89	128	1338.89	43
1339.89	122	1339.89	129	1339.89	44
1340.89	123	1340.89	131	1340.89	45
1341.89	123	1341.89	134	1341.89	46
1342.9	123	1342.9	136	1342.9	46
1343.9	122	1343.9	137	1343.9	47
1344.9	122	1344.9	136	1344.9	46
1345.9	123	1345.9	134	1345.9	47
1346.9	123	1346.9	131	1346.9	47
1347.9	123	1347.9	129	1347.9	47
1348.9	123	1348.9	130	1348.9	47
1349.9	122	1349.9	132	1349.9	47
1350.9	121	1350.9	131	1350.9	47
1351.9	120	1351.9	129	1351.9	46
1352.9	118	1352.9	127	1352.9	47
1353.9	116	1353.9	126	1353.9	47
1354.9	115	1354.9	125	1354.9	46
1355.9	114	1355.9	122	1355.9	45
1356.9	113	1356.9	121	1356.9	45
1357.91	112	1357.91	122	1357.91	45
1358.91	111	1358.91	124	1358.91	45
1359.91	109	1359.91	126	1359.91	45
1360.91	108	1360.91	126	1360.91	45
1361.91	109	1361.91	124	1361.91	45
1362.91	110	1362.91	122	1362.91	45
1363.91	110	1363.91	123	1363.91	45
1364.91	109	1364.91	125	1364.91	46
1365.91	108	1365.91	126	1365.91	46
1366.91	108	1366.91	126	1366.91	46
1367.91	108	1367.91	126	1367.91	45
1368.91	109	1368.91	127	1368.91	45
1369.91	110	1369.91	126	1369.91	45
1370.91	112	1370.91	126	1370.91	46
1371.91	113	1371.91	127	1371.91	46
1372.92	113	1372.92	130	1372.92	47
1373.92	114	1373.92	133	1373.92	48
1374.92	114	1374.92	134	1374.92	49
1375.92	115	1375.92	135	1375.92	50
1376.92	117	1376.92	137	1376.92	50
1377.92	118	1377.92	139	1377.92	50
1378.92	120	1378.92	141	1378.92	50
1379.92	121	1379.92	142	1379.92	51
1380.92	122	1380.92	145	1380.92	51
1381.92	123	1381.92	148	1381.92	52
1382.92	123	1382.92	152	1382.92	53
1383.92	124	1383.92	154	1383.92	55
1384.92	124	1384.92	155	1384.92	56
1385.92	124	1385.92	156	1385.92	56
1386.92	125	1386.92	157	1386.92	57
1387.93	127	1387.93	160	1387.93	57
1388.93	129	1388.93	163	1388.93	57
1389.93	131	1389.93	167	1389.93	58
1390.93	131	1390.93	169	1390.93	59
1391.93	132	1391.93	171	1391.93	59
1392.93	132	1392.93	173	1392.93	60
1393.93	133	1393.93	175	1393.93	59
1394.93	133	1394.93	175	1394.93	59
1395.93	133	1395.93	174	1395.93	58
1396.93	133	1396.93	172	1396.93	58
1397.93	132	1397.93	170	1397.93	59
1398.93	132	1398.93	170	1398.93	60
1399.93	131	1399.93	171	1399.93	60
1400.93	131	1400.93	175	1400.93	61
1401.93	131	1401.93	177	1401.93	62
1402.94	130	1402.94	178	1402.94	63
1403.94	129	1403.94	177	1403.94	63
1404.94	129	1404.94	177	1404.94	63
1405.94	128	1405.94	178	1405.94	63
1406.94	127	1406.94	178	1406.94	63
1407.94	127	1407.94	178	1407.94	63
1408.94	126	1408.94	177	1408.94	63
1409.94	125	1409.94	175	1409.94	62
1410.94	123	1410.94	172	1410.94	61
1411.94	122	1411.94	169	1411.94	60
1412.94	121	1412.94	166	1412.94	59
1413.94	119	1413.94	166	1413.94	59
1414.94	116	1414.94	165	1414.94	60
1415.94	113	1415.94	163	1415.94	61
1416.94	112	1416.94	161	1416.94	60
1417.95	111	1417.95	159	1417.95	59
1418.95	110	1418.95	156	1418.95	59
1419.95	109	1419.95	153	1419.95	58
1420.95	107	1420.95	151	1420.95	57
1421.95	105	1421.95	150	1421.95	57
1422.95	104	1422.95	149	1422.95	58
1423.95	102	1423.95	149	1423.95	58
1424.95	99	1424.95	148	1424.95	58
1425.95	97	1425.95	146	1425.95	58
1426.95	95	1426.95	143	1426.95	58
1427.95	94	1427.95	140	1427.95	58
1428.95	93	1428.95	139	1428.95	56
1429.95	92	1429.95	138	1429.95	54
1430.95	89	1430.95	136	1430.95	53
1431.95	87	1431.95	132	1431.95	53
1432.96	84	1432.96	127	1432.96	53
1433.96	81	1433.96	122	1433.96	52
1434.96	80	1434.96	120	1434.96	52
1435.96	79	1435.96	118	1435.96	51
1436.96	77	1436.96	116	1436.96	50
1437.96	75	1437.96	114	1437.96	49
1438.96	73	1438.96	111	1438.96	48
1439.96	70	1439.96	107	1439.96	47
1440.96	67	1440.96	105	1440.96	47
1441.96	65	1441.96	104	1441.96	47
1442.96	63	1442.96	105	1442.96	46
1443.96	63	1443.96	105	1443.96	46
1444.96	62	1444.96	104	1444.96	45
1445.96	61	1445.96	102	1445.96	45
1446.96	59	1446.96	99	1446.96	44
1447.97	57	1447.97	96	1447.97	44
1448.97	55	1448.97	92	1448.97	42
1449.97	53	1449.97	88	1449.97	41
1450.97	52	1450.97	84	1450.97	40
1451.97	50	1451.97	81	1451.97	40
1452.97	48	1452.97	79	1452.97	40
1453.97	46	1453.97	79	1453.97	40
1454.97	44	1454.97	77	1454.97	39
1455.97	43	1455.97	75	1455.97	38
1456.97	41	1456.97	73	1456.97	37
1457.97	40	1457.97	70	1457.97	35
1458.97	38	1458.97	68	1458.97	35
1459.97	36	1459.97	66	1459.97	34
1460.97	34	1460.97	63	1460.97	34
1461.97	32	1461.97	60	1461.97	33
1462.98	31	1462.98	56	1462.98	33
1463.98	29	1463.98	54	1463.98	32
1464.98	28	1464.98	54	1464.98	31
1465.98	27	1465.98	54	1465.98	29
1466.98	26	1466.98	54	1466.98	28
1467.98	25	1467.98	52	1467.98	27
1468.98	23	1468.98	50	1468.98	27
1469.98	22	1469.98	48	1469.98	27
1470.98	21	1470.98	46	1470.98	27
1471.98	20	1471.98	42	1471.98	27
1472.98	19	1472.98	39	1472.98	26
1473.98	18	1473.98	36	1473.98	25
1474.98	16	1474.98	34	1474.98	24
1475.98	14	1475.98	32	1475.98	23
1476.98	13	1476.98	30	1476.98	22
1477.99	12	1477.99	31	1477.99	21
1478.99	10	1478.99	31	1478.99	21
1479.99	10	1479.99	30	1479.99	20
1480.99	10	1480.99	26	1480.99	19
1481.99	9	1481.99	22	1481.99	18
1482.99	8	1482.99	19	1482.99	17
1483.99	7	1483.99	18	1483.99	16
1484.99	7	1484.99	16	1484.99	15
1485.99	7	1485.99	15	1485.99	14
1486.99	6	1486.99	14	1486.99	14
1487.99	5	1487.99	15	1487.99	14
1488.99	4	1488.99	15	1488.99	14
1489.99	3	1489.99	14	1489.99	14
1490.99	2	1490.99	13	1490.99	13
1491.99	1	1491.99	10	1491.99	12
1493	1	1493	9	1493	11
1494	1	1494	9	1494	10
1495	1	1495	10	1495	10
1496	1	1496	10	1496	9
1497	1	1497	9	1497	9
1498	0	1498	7	1498	8
1499	0	1499	3	1499	8
1500	-1	1500	0	1500	7
1501	-2	1501	-1	1501	8
1502	-2	1502	-3	1502	9
1503	-2	1503	-3	1503	9
1504	-2	1504	-3	1504	8
1505	-2	1505	-2	1505	7
1506	-2	1506	-3	1506	6
1507	-1	1507	-4	1507	5
1508.01	-1	1508.01	-4	1508.01	5
1509.01	-2	1509.01	-5	1509.01	5
1510.01	-2	1510.01	-5	1510.01	5
1511.01	-3	1511.01	-5	1511.01	5
1512.01	-3	1512.01	-5	1512.01	5
1513.01	-3	1513.01	-5	1513.01	5
1514.01	-2	1514.01	-6	1514.01	4
1515.01	-1	1515.01	-7	1515.01	4
1516.01	-1	1516.01	-8	1516.01	3
1517.01	-2	1517.01	-8	1517.01	3
1518.01	-2	1518.01	-8	1518.01	3
1519.01	-1	1519.01	-7	1519.01	3
1520.01	-1	1520.01	-6	1520.01	4
1521.01	0	1521.01	-5	1521.01	3
1522.01	0	1522.01	-4	1522.01	2
1523.02	0	1523.02	-3	1523.02	1
1524.02	0	1524.02	-3	1524.02	1
1525.02	1	1525.02	-3	1525.02	1
1526.02	2	1526.02	-4	1526.02	1
1527.02	2	1527.02	-5	1527.02	1
1528.02	3	1528.02	-7	1528.02	1
1529.02	3	1529.02	-8	1529.02	1
1530.02	2	1530.02	-7	1530.02	0
1531.02	2	1531.02	-7	1531.02	0
1532.02	2	1532.02	-6	1532.02	-1
1533.02	2	1533.02	-6	1533.02	-1
1534.02	3	1534.02	-7	1534.02	0
1535.02	3	1535.02	-9	1535.02	1
1536.02	4	1536.02	-9	1536.02	1
1537.02	4	1537.02	-9	1537.02	1
1538.03	4	1538.03	-8	1538.03	0
1539.03	5	1539.03	-8	1539.03	-1
1540.03	5	1540.03	-7	1540.03	-2
1541.03	5	1541.03	-7	1541.03	-3
1542.03	5	1542.03	-7	1542.03	-4
1543.03	5	1543.03	-7	1543.03	-4
1544.03	5	1544.03	-7	1544.03	-4
1545.03	5	1545.03	-7	1545.03	-3
1546.03	5	1546.03	-6	1546.03	-3
1547.03	5	1547.03	-5	1547.03	-2
1548.03	5	1548.03	-4	1548.03	-2
1549.03	5	1549.03	-4	1549.03	-2
1550.03	4	1550.03	-5	1550.03	-2
1551.03	5	1551.03	-6	1551.03	-3
1552.03	5	1552.03	-6	1552.03	-4
1553.04	5	1553.04	-4	1553.04	-5
1554.04	5	1554.04	-3	1554.04	-5
1555.04	5	1555.04	-2	1555.04	-5
1556.04	5	1556.04	-4	1556.04	-5
1557.04	5	1557.04	-5	1557.04	-5
1558.04	5	1558.04	-7	1558.04	-5
1559.04	5	1559.04	-8	1559.04	-5
1560.04	6	1560.04	-9	1560.04	-5
1561.04	6	1561.04	-10	1561.04	-5
1562.04	6	1562.04	-10	1562.04	-4
1563.04	5	1563.04	-9	1563.04	-4
1564.04	6	1564.04	-8	1564.04	-5
1565.04	6	1565.04	-8	1565.04	-5
1566.04	7	1566.04	-8	1566.04	-5
1567.04	7	1567.04	-8	1567.04	-5
1568.05	8	1568.05	-7	1568.05	-5
1569.05	8	1569.05	-7	1569.05	-5
1570.05	8	1570.05	-7	1570.05	-5
1571.05	7	1571.05	-9	1571.05	-5
1572.05	6	1572.05	-10	1572.05	-4
1573.05	6	1573.05	-10	1573.05	-4
1574.05	6	1574.05	-9	1574.05	-4
1575.05	7	1575.05	-8	1575.05	-4
1576.05	7	1576.05	-6	1576.05	-4
1577.05	7	1577.05	-5	1577.05	-4
1578.05	7	1578.05	-5	1578.05	-3
1579.05	7	1579.05	-7	1579.05	-2
1580.05	7	1580.05	-7	1580.05	-2
1581.05	7	1581.05	-6	1581.05	-3
1582.05	8	1582.05	-4	1582.05	-2
1583.06	8	1583.06	-4	1583.06	-2
1584.06	9	1584.06	-5	1584.06	-1
1585.06	9	1585.06	-6	1585.06	-1
1586.06	9	1586.06	-6	1586.06	-1
1587.06	9	1587.06	-5	1587.06	-1
1588.06	9	1588.06	-4	1588.06	-2
1589.06	9	1589.06	-4	1589.06	-2
1590.06	8	1590.06	-4	1590.06	-2
1591.06	8	1591.06	-4	1591.06	-1
1592.06	8	1592.06	-4	1592.06	-1
1593.06	9	1593.06	-3	1593.06	-1
1594.06	8	1594.06	-3	1594.06	-1
1595.06	8	1595.06	-2	1595.06	-2
1596.06	7	1596.06	-1	1596.06	-2
1597.06	8	1597.06	-1	1597.06	-2
1598.07	9	1598.07	-1	1598.07	-2
1599.07	10	1599.07	-2	1599.07	-2
1600.07	11	1600.07	-3	1600.07	-2
1601.07	12	1601.07	-2	1601.07	-3
1602.07	12	1602.07	-1	1602.07	-3
1603.07	12	1603.07	1	1603.07	-3
1604.07	11	1604.07	3	1604.07	-3
1605.07	12	1605.07	6	1605.07	-3
1606.07	12	1606.07	7	1606.07	-2
1607.07	12	1607.07	6	1607.07	-1
1608.07	11	1608.07	6	1608.07	-1
1609.07	11	1609.07	6	1609.07	-1
1610.07	12	1610.07	6	1610.07	-1
1611.07	13	1611.07	5	1611.07	1
1612.07	13	1612.07	6	1612.07	2
1613.08	13	1613.08	7	1613.08	2
1614.08	13	1614.08	7	1614.08	1
1615.08	13	1615.08	6	1615.08	0
1616.08	12	1616.08	4	1616.08	-1
1617.08	12	1617.08	3	1617.08	-2
1618.08	11	1618.08	4	1618.08	-1
1619.08	10	1619.08	5	1619.08	0
1620.08	10	1620.08	6	1620.08	1
1621.08	11	1621.08	6	1621.08	1
1622.08	12	1622.08	4	1622.08	0
1623.08	13	1623.08	5	1623.08	-1
1624.08	13	1624.08	5	1624.08	-1
1625.08	13	1625.08	6	1625.08	-1
1626.08	12	1626.08	7	1626.08	-1
1627.08	11	1627.08	8	1627.08	-1
1628.09	10	1628.09	7	1628.09	-1
1629.09	9	1629.09	6	1629.09	-2
1630.09	9	1630.09	6	1630.09	-2
1631.09	9	1631.09	6	1631.09	-2
1632.09	10	1632.09	6	1632.09	-2
1633.09	11	1633.09	6	1633.09	-2
1634.09	12	1634.09	7	1634.09	-2
1635.09	12	1635.09	6	1635.09	-2
1636.09	11	1636.09	5	1636.09	-2
1637.09	9	1637.09	4	1637.09	-1
1638.09	8	1638.09	4	1638.09	-2
1639.09	7	1639.09	6	1639.09	-2
1640.09	7	1640.09	6	1640.09	-3
1641.09	8	1641.09	5	1641.09	-4
1642.09	7	1642.09	3	1642.09	-4
1643.1	6	1643.1	2	1643.1	-4
1644.1	5	1644.1	1	1644.1	-2
1645.1	4	1645.1	0	1645.1	-2
1646.1	4	1646.1	0	1646.1	-2
1647.1	5	1647.1	1	1647.1	-3
1648.1	5	1648.1	2	1648.1	-4
1649.1	4	1649.1	2	1649.1	-3
1650.1	4	1650.1	2	1650.1	-3
1651.1	4	1651.1	1	1651.1	-3
1652.1	4	1652.1	0	1652.1	-4
1653.1	3	1653.1	1	1653.1	-5
1654.1	2	1654.1	1	1654.1	-4
1655.1	3	1655.1	1	1655.1	-4
1656.1	3	1656.1	-1	1656.1	-4
1657.1	2	1657.1	-3	1657.1	-5
1658.11	2	1658.11	-3	1658.11	-5
1659.11	1	1659.11	-1	1659.11	-4
1660.11	0	1660.11	0	1660.11	-5
1661.11	0	1661.11	-1	1661.11	-5
1662.11	-1	1662.11	-2	1662.11	-5
1663.11	-1	1663.11	-4	1663.11	-5
1664.11	-1	1664.11	-6	1664.11	-5
1665.11	-1	1665.11	-8	1665.11	-4
1666.11	-1	1666.11	-9	1666.11	-3
1667.11	-1	1667.11	-9	1667.11	-1
1668.11	-2	1668.11	-10	1668.11	0
1669.11	-2	1669.11	-11	1669.11	1
1670.11	-3	1670.11	-11	1670.11	1
1671.11	-3	1671.11	-11	1671.11	2
1672.11	-3	1672.11	-12	1672.11	2
1673.12	-3	1673.12	-12	1673.12	2
1674.12	-4	1674.12	-12	1674.12	2
1675.12	-5	1675.12	-12	1675.12	1
1676.12	-5	1676.12	-10	1676.12	-1
1677.12	-6	1677.12	-9	1677.12	-2
1678.12	-6	1678.12	-10	1678.12	-3
1679.12	-7	1679.12	-12	1679.12	-4
1680.12	-8	1680.12	-15	1680.12	-6
1681.12	-8	1681.12	-16	1681.12	-7
1682.12	-9	1682.12	-16	1682.12	-7
1683.12	-8	1683.12	-17	1683.12	-6
1684.12	-8	1684.12	-18	1684.12	-6
1685.12	-8	1685.12	-19	1685.12	-7
1686.12	-8	1686.12	-20	1686.12	-8
1687.12	-9	1687.12	-20	1687.12	-8
1688.13	-10	1688.13	-20	1688.13	-9
1689.13	-11	1689.13	-20	1689.13	-10
1690.13	-11	1690.13	-20	1690.13	-10
1691.13	-10	1691.13	-20	1691.13	-11
1692.13	-10	1692.13	-19	1692.13	-11
1693.13	-11	1693.13	-19	1693.13	-11
1694.13	-12	1694.13	-20	1694.13	-12
1695.13	-14	1695.13	-20	1695.13	-12
1696.13	-14	1696.13	-21	1696.13	-12
1697.13	-14	1697.13	-21	1697.13	-11
1698.13	-14	1698.13	-22	1698.13	-11
1699.13	-14	1699.13	-23	1699.13	-11
1700.13	-14	1700.13	-25	1700.13	-12
1701.13	-14	1701.13	-26	1701.13	-12
1702.13	-15	1702.13	-26	1702.13	-12
1703.14	-15	1703.14	-26	1703.14	-12
1704.14	-15	1704.14	-26	1704.14	-13
1705.14	-16	1705.14	-27	1705.14	-15
1706.14	-16	1706.14	-28	1706.14	-16
1707.14	-17	1707.14	-29	1707.14	-16
1708.14	-17	1708.14	-29	1708.14	-16
1709.14	-17	1709.14	-30	1709.14	-15
1710.14	-17	1710.14	-31	1710.14	-14
1711.14	-17	1711.14	-31	1711.14	-14
1712.14	-18	1712.14	-29	1712.14	-14
1713.14	-19	1713.14	-29	1713.14	-14
1714.14	-19	1714.14	-30	1714.14	-14
1715.14	-19	1715.14	-31	1715.14	-14
1716.14	-19	1716.14	-32	1716.14	-14
1717.14	-18	1717.14	-32	1717.14	-14
1718.15	-18	1718.15	-31	1718.15	-14
1719.15	-18	1719.15	-30	1719.15	-15
1720.15	-19	1720.15	-30	1720.15	-15
1721.15	-19	1721.15	-31	1721.15	-15
1722.15	-19	1722.15	-33	1722.15	-16
1723.15	-18	1723.15	-34	1723.15	-16
1724.15	-18	1724.15	-35	1724.15	-15
1725.15	-18	1725.15	-36	1725.15	-15
1726.15	-19	1726.15	-37	1726.15	-15
1727.15	-19	1727.15	-38	1727.15	-16
1728.15	-19	1728.15	-37	1728.15	-17
1729.15	-18	1729.15	-37	1729.15	-17
1730.15	-18	1730.15	-35	1730.15	-18
1731.15	-17	1731.15	-33	1731.15	-18
1732.15	-18	1732.15	-33	1732.15	-18
1733.16	-18	1733.16	-34	1733.16	-18
1734.16	-18	1734.16	-34	1734.16	-17
1735.16	-19	1735.16	-34	1735.16	-17
1736.16	-19	1736.16	-34	1736.16	-17
1737.16	-18	1737.16	-34	1737.16	-18
1738.16	-18	1738.16	-34	1738.16	-18
1739.16	-18	1739.16	-34	1739.16	-18
1740.16	-18	1740.16	-34	1740.16	-18
1741.16	-19	1741.16	-34	1741.16	-18
1742.16	-19	1742.16	-35	1742.16	-18
1743.16	-19	1743.16	-37	1743.16	-18
1744.16	-19	1744.16	-37	1744.16	-19
1745.16	-19	1745.16	-36	1745.16	-19
1746.16	-19	1746.16	-35	1746.16	-19
1747.16	-19	1747.16	-37	1747.16	-19
1748.17	-19	1748.17	-38	1748.17	-19
1749.17	-19	1749.17	-37	1749.17	-20
1750.17	-19	1750.17	-36	1750.17	-21
1751.17	-18	1751.17	-34	1751.17	-21
1752.17	-18	1752.17	-34	1752.17	-21
1753.17	-18	1753.17	-34	1753.17	-20
1754.17	-19	1754.17	-35	1754.17	-20
1755.17	-19	1755.17	-36	1755.17	-21
1756.17	-18	1756.17	-37	1756.17	-21
1757.17	-18	1757.17	-38	1757.17	-22
1758.17	-17	1758.17	-37	1758.17	-23
1759.17	-17	1759.17	-36	1759.17	-23
1760.17	-18	1760.17	-33	1760.17	-24
1761.17	-19	1761.17	-32	1761.17	-24
1762.17	-19	1762.17	-33	1762.17	-22
1763.18	-20	1763.18	-35	1763.18	-21
1764.18	-20	1764.18	-36	1764.18	-20
1765.18	-19	1765.18	-36	1765.18	-20
1766.18	-19	1766.18	-35	1766.18	-21
1767.18	-18	1767.18	-33	1767.18	-21
1768.18	-18	1768.18	-33	1768.18	-22
1769.18	-18	1769.18	-35	1769.18	-22
1770.18	-18	1770.18	-37	1770.18	-22
1771.18	-19	1771.18	-38	1771.18	-22
1772.18	-19	1772.18	-36	1772.18	-22
1773.18	-19	1773.18	-34	1773.18	-22
1774.18	-19	1774.18	-35	1774.18	-23
1775.18	-19	1775.18	-36	1775.18	-23
1776.18	-18	1776.18	-36	1776.18	-23
1777.18	-18	1777.18	-35	1777.18	-22
1778.19	-18	1778.19	-33	1778.19	-21
1779.19	-19	1779.19	-33	1779.19	-21
1780.19	-19	1780.19	-33	1780.19	-21
1781.19	-19	1781.19	-33	1781.19	-21
1782.19	-20	1782.19	-34	1782.19	-20
1783.19	-20	1783.19	-35	1783.19	-20
1784.19	-19	1784.19	-35	1784.19	-21
1785.19	-18	1785.19	-34	1785.19	-21
1786.19	-17	1786.19	-33	1786.19	-22
1787.19	-17	1787.19	-33	1787.19	-22
1788.19	-17	1788.19	-33	1788.19	-22
1789.19	-17	1789.19	-33	1789.19	-22
1790.19	-17	1790.19	-33	1790.19	-22
1791.19	-16	1791.19	-32	1791.19	-22
1792.19	-17	1792.19	-30	1792.19	-22
1793.2	-17	1793.2	-29	1793.2	-22
1794.2	-17	1794.2	-28	1794.2	-22
1795.2	-17	1795.2	-28	1795.2	-22
1796.2	-17	1796.2	-29	1796.2	-21
1797.2	-18	1797.2	-31	1797.2	-22
1798.2	-18	1798.2	-32	1798.2	-22
1799.2	-18	1799.2	-33	1799.2	-22
1800.2	-18	1800.2	-34	1800.2	-23
1801.2	-17	1801.2	-34	1801.2	-24
1802.2	-17	1802.2	-32	1802.2	-24
1803.2	-17	1803.2	-31	1803.2	-24
1804.2	-18	1804.2	-30	1804.2	-24
1805.2	-18	1805.2	-29	1805.2	-24
1806.2	-18	1806.2	-29	1806.2	-24
1807.2	-18	1807.2	-30	1807.2	-25
1808.21	-17	1808.21	-31	1808.21	-25
1809.21	-17	1809.21	-30	1809.21	-25
1810.21	-16	1810.21	-28	1810.21	-25
1811.21	-16	1811.21	-27	1811.21	-25
1812.21	-17	1812.21	-27	1812.21	-24
1813.21	-17	1813.21	-28	1813.21	-25
1814.21	-18	1814.21	-29	1814.21	-25
1815.21	-18	1815.21	-31	1815.21	-26
1816.21	-19	1816.21	-33	1816.21	-26
1817.21	-18	1817.21	-34	1817.21	-26
1818.21	-18	1818.21	-35	1818.21	-26
1819.21	-19	1819.21	-36	1819.21	-26
1820.21	-19	1820.21	-36	1820.21	-27
1821.21	-20	1821.21	-35	1821.21	-27
1822.21	-20	1822.21	-35	1822.21	-27
1823.22	-20	1823.22	-35	1823.22	-27
1824.22	-19	1824.22	-34	1824.22	-27
1825.22	-19	1825.22	-33	1825.22	-27
1826.22	-20	1826.22	-32	1826.22	-28
1827.22	-20	1827.22	-34	1827.22	-28
1828.22	-20	1828.22	-37	1828.22	-29
1829.22	-20	1829.22	-39	1829.22	-29
1830.22	-19	1830.22	-40	1830.22	-28
1831.22	-19	1831.22	-39	1831.22	-28
1832.22	-20	1832.22	-37	1832.22	-28
1833.22	-21	1833.22	-35	1833.22	-28
1834.22	-21	1834.22	-35	1834.22	-27
1835.22	-20	1835.22	-36	1835.22	-27
1836.22	-20	1836.22	-38	1836.22	-27
1837.22	-20	1837.22	-40	1837.22	-28
1838.23	-20	1838.23	-41	1838.23	-29
1839.23	-20	1839.23	-41	1839.23	-29
1840.23	-21	1840.23	-42	1840.23	-29
1841.23	-22	1841.23	-41	1841.23	-28
1842.23	-23	1842.23	-40	1842.23	-27
1843.23	-23	1843.23	-39	1843.23	-27
1844.23	-23	1844.23	-40	1844.23	-27
1845.23	-24	1845.23	-40	1845.23	-29
1846.23	-23	1846.23	-40	1846.23	-29
1847.23	-23	1847.23	-40	1847.23	-29
1848.23	-22	1848.23	-42	1848.23	-29
1849.23	-22	1849.23	-43	1849.23	-29
1850.23	-22	1850.23	-44	1850.23	-29
1851.23	-23	1851.23	-44	1851.23	-30
1852.23	-24	1852.23	-42	1852.23	-29
1853.24	-24	1853.24	-41	1853.24	-29
1854.24	-23	1854.24	-40	1854.24	-28
1855.24	-22	1855.24	-40	1855.24	-28
1856.24	-23	1856.24	-41	1856.24	-28
1857.24	-23	1857.24	-43	1857.24	-29
1858.24	-24	1858.24	-46	1858.24	-29
1859.24	-23	1859.24	-48	1859.24	-29
1860.24	-23	1860.24	-48	1860.24	-29
1861.24	-23	1861.24	-48	1861.24	-30
1862.24	-23	1862.24	-48	1862.24	-30
1863.24	-23	1863.24	-47	1863.24	-30
1864.24	-24	1864.24	-46	1864.24	-30
1865.24	-24	1865.24	-45	1865.24	-30
1866.24	-24	1866.24	-43	1866.24	-31
1867.24	-24	1867.24	-41	1867.24	-31
1868.25	-23	1868.25	-40	1868.25	-30
1869.25	-23	1869.25	-40	1869.25	-31
1870.25	-23	1870.25	-43	1870.25	-31
1871.25	-24	1871.25	-46	1871.25	-31
1872.25	-25	1872.25	-47	1872.25	-32
1873.25	-25	1873.25	-47	1873.25	-32
1874.25	-25	1874.25	-46	1874.25	-33
1875.25	-25	1875.25	-46	1875.25	-33
1876.25	-25	1876.25	-46	1876.25	-32
1877.25	-24	1877.25	-45	1877.25	-31
1878.25	-24	1878.25	-45	1878.25	-31
1879.25	-24	1879.25	-45	1879.25	-31
1880.25	-24	1880.25	-45	1880.25	-32
1881.25	-24	1881.25	-47	1881.25	-32
1882.25	-23	1882.25	-49	1882.25	-32
1883.26	-23	1883.26	-49	1883.26	-32
1884.26	-23	1884.26	-49	1884.26	-33
1885.26	-24	1885.26	-47	1885.26	-33
1886.26	-24	1886.26	-46	1886.26	-33
1887.26	-24	1887.26	-45	1887.26	-32
1888.26	-24	1888.26	-45	1888.26	-32
1889.26	-25	1889.26	-47	1889.26	-31
1890.26	-25	1890.26	-48	1890.26	-32
1891.26	-25	1891.26	-48	1891.26	-33
1892.26	-24	1892.26	-46	1892.26	-34
1893.26	-23	1893.26	-44	1893.26	-35
1894.26	-23	1894.26	-44	1894.26	-35
1895.26	-23	1895.26	-46	1895.26	-34
1896.26	-24	1896.26	-46	1896.26	-33
1897.26	-24	1897.26	-46	1897.26	-34
1898.27	-24	1898.27	-45	1898.27	-34
1899.27	-24	1899.27	-45	1899.27	-35
1900.27	-24	1900.27	-45	1900.27	-35
1901.27	-24	1901.27	-45	1901.27	-34
1902.27	-24	1902.27	-45	1902.27	-34
1903.27	-25	1903.27	-44	1903.27	-34
1904.27	-25	1904.27	-44	1904.27	-33
1905.27	-26	1905.27	-44	1905.27	-32
1906.27	-25	1906.27	-43	1906.27	-32
1907.27	-25	1907.27	-42	1907.27	-33
1908.27	-25	1908.27	-42	1908.27	-34
1909.27	-25	1909.27	-44	1909.27	-34
1910.27	-25	1910.27	-46	1910.27	-35
1911.27	-24	1911.27	-47	1911.27	-35
1912.27	-25	1912.27	-48	1912.27	-35
1913.28	-25	1913.28	-50	1913.28	-35
1914.28	-25	1914.28	-51	1914.28	-35
1915.28	-25	1915.28	-52	1915.28	-34
1916.28	-25	1916.28	-51	1916.28	-34
1917.28	-26	1917.28	-50	1917.28	-34
1918.28	-27	1918.28	-50	1918.28	-35
1919.28	-27	1919.28	-48	1919.28	-35
1920.28	-26	1920.28	-47	1920.28	-36
1921.28	-26	1921.28	-47	1921.28	-35
1922.28	-26	1922.28	-47	1922.28	-35
1923.28	-25	1923.28	-46	1923.28	-35
1924.28	-25	1924.28	-46	1924.28	-35
1925.28	-25	1925.28	-47	1925.28	-35
1926.28	-26	1926.28	-48	1926.28	-35
1927.28	-26	1927.28	-47	1927.28	-36
1928.29	-27	1928.29	-47	1928.29	-36
1929.29	-28	1929.29	-48	1929.29	-36
1930.29	-28	1930.29	-48	1930.29	-36
1931.29	-27	1931.29	-46	1931.29	-36
1932.29	-27	1932.29	-44	1932.29	-36
1933.29	-26	1933.29	-45	1933.29	-35
1934.29	-26	1934.29	-47	1934.29	-35
1935.29	-26	1935.29	-50	1935.29	-35
1936.29	-27	1936.29	-51	1936.29	-34
1937.29	-27	1937.29	-52	1937.29	-35
1938.29	-27	1938.29	-52	1938.29	-36
1939.29	-27	1939.29	-51	1939.29	-36
1940.29	-27	1940.29	-50	1940.29	-36
1941.29	-28	1941.29	-49	1941.29	-36
1942.29	-28	1942.29	-48	1942.29	-36
1943.3	-28	1943.3	-48	1943.3	-36
1944.3	-28	1944.3	-48	1944.3	-36
1945.3	-27	1945.3	-48	1945.3	-36
1946.3	-27	1946.3	-49	1946.3	-35
1947.3	-28	1947.3	-51	1947.3	-34
1948.3	-28	1948.3	-52	1948.3	-34
1949.3	-28	1949.3	-52	1949.3	-34
1950.3	-27	1950.3	-52	1950.3	-35
1951.3	-27	1951.3	-51	1951.3	-37
1952.3	-27	1952.3	-51	1952.3	-37
1953.3	-26	1953.3	-52	1953.3	-37
1954.3	-26	1954.3	-52	1954.3	-36
1955.3	-26	1955.3	-50	1955.3	-36
1956.3	-26	1956.3	-49	1956.3	-36
1957.3	-26	1957.3	-48	1957.3	-36
1958.31	-27	1958.31	-47	1958.31	-37
1959.31	-27	1959.31	-47	1959.31	-37
1960.31	-27	1960.31	-49	1960.31	-37
1961.31	-28	1961.31	-52	1961.31	-37
1962.31	-28	1962.31	-53	1962.31	-36
1963.31	-29	1963.31	-55	1963.31	-35
1964.31	-29	1964.31	-55	1964.31	-34
1965.31	-28	1965.31	-53	1965.31	-35
1966.31	-27	1966.31	-52	1966.31	-35
1967.31	-27	1967.31	-53	1967.31	-36
1968.31	-27	1968.31	-53	1968.31	-36
1969.31	-28	1969.31	-52	1969.31	-35
1970.31	-28	1970.31	-51	1970.31	-34
1971.31	-28	1971.31	-52	1971.31	-34
1972.31	-28	1972.31	-54	1972.31	-33
1973.32	-27	1973.32	-56	1973.32	-33
1974.32	-27	1974.32	-58	1974.32	-33
1975.32	-27	1975.32	-59	1975.32	-33
1976.32	-27	1976.32	-58	1976.32	-33
1977.32	-27	1977.32	-57	1977.32	-32
1978.32	-28	1978.32	-54	1978.32	-31
1979.32	-29	1979.32	-52	1979.32	-31
1980.32	-28	1980.32	-52	1980.32	-32
1981.32	-28	1981.32	-52	1981.32	-32
1982.32	-29	1982.32	-53	1982.32	-32
1983.32	-29	1983.32	-54	1983.32	-31
1984.32	-29	1984.32	-55	1984.32	-30
1985.32	-28	1985.32	-55	1985.32	-30
1986.32	-28	1986.32	-54	1986.32	-29
1987.32	-27	1987.32	-54	1987.32	-29
1988.33	-27	1988.33	-54	1988.33	-28
1989.33	-27	1989.33	-56	1989.33	-27
1990.33	-27	1990.33	-57	1990.33	-27
1991.33	-27	1991.33	-58	1991.33	-27
1992.33	-27	1992.33	-58	1992.33	-28
1993.33	-26	1993.33	-56	1993.33	-28
1994.33	-26	1994.33	-55	1994.33	-27
1995.33	-26	1995.33	-54	1995.33	-27
1996.33	-26	1996.33	-53	1996.33	-26
1997.33	-26	1997.33	-53	1997.33	-26
1998.33	-26	1998.33	-53	1998.33	-26
1999.33	-25	1999.33	-53	1999.33	-26
2000.33	-25	2000.33	-52	2000.33	-26
2001.33	-25	2001.33	-52	2001.33	-26
2002.33	-25	2002.33	-52	2002.33	-27
2003.34	-25	2003.34	-52	2003.34	-28
2004.34	-25	2004.34	-52	2004.34	-29
2005.34	-26	2005.34	-52	2005.34	-29
2006.34	-26	2006.34	-52	2006.34	-30
2007.34	-26	2007.34	-54	2007.34	-30
2008.34	-26	2008.34	-54	2008.34	-30
2009.34	-26	2009.34	-54	2009.34	-31
2010.34	-26	2010.34	-54	2010.34	-32
2011.34	-26	2011.34	-53	2011.34	-32
2012.34	-26	2012.34	-53	2012.34	-32
2013.34	-26	2013.34	-52	2013.34	-32
2014.34	-25	2014.34	-52	2014.34	-34
2015.34	-25	2015.34	-51	2015.34	-35
2016.34	-25	2016.34	-51	2016.34	-36
2017.34	-25	2017.34	-51	2017.34	-36
2018.35	-25	2018.35	-49	2018.35	-36
2019.35	-25	2019.35	-48	2019.35	-36
2020.35	-25	2020.35	-49	2020.35	-36
2021.35	-25	2021.35	-50	2021.35	-37
2022.35	-25	2022.35	-51	2022.35	-37
2023.35	-26	2023.35	-51	2023.35	-38
2024.35	-27	2024.35	-50	2024.35	-39
2025.35	-27	2025.35	-49	2025.35	-39
2026.35	-26	2026.35	-50	2026.35	-41
2027.35	-26	2027.35	-52	2027.35	-41
2028.35	-26	2028.35	-52	2028.35	-41
2029.35	-26	2029.35	-51	2029.35	-39
2030.35	-27	2030.35	-49	2030.35	-39
2031.35	-28	2031.35	-48	2031.35	-38
2032.35	-28	2032.35	-48	2032.35	-38
2033.36	-28	2033.36	-49	2033.36	-38
2034.36	-28	2034.36	-49	2034.36	-38
2035.36	-28	2035.36	-50	2035.36	-39
2036.36	-28	2036.36	-51	2036.36	-40
2037.36	-28	2037.36	-52	2037.36	-40
2038.36	-28	2038.36	-51	2038.36	-39
2039.36	-29	2039.36	-51	2039.36	-39
2040.36	-30	2040.36	-51	2040.36	-38
2041.36	-30	2041.36	-51	2041.36	-39
2042.36	-30	2042.36	-51	2042.36	-40
2043.36	-30	2043.36	-52	2043.36	-41
2044.36	-30	2044.36	-54	2044.36	-41
2045.36	-30	2045.36	-56	2045.36	-41
2046.36	-30	2046.36	-56	2046.36	-41
2047.36	-30	2047.36	-55	2047.36	-41
2048.37	-31	2048.37	-55	2048.37	-42
2049.37	-32	2049.37	-55	2049.37	-42
2050.37	-33	2050.37	-55	2050.37	-42
2051.37	-32	2051.37	-55	2051.37	-41
2052.37	-31	2052.37	-56	2052.37	-42
2053.37	-30	2053.37	-55	2053.37	-42
2054.37	-29	2054.37	-54	2054.37	-43
2055.37	-28	2055.37	-52	2055.37	-43
2056.37	-29	2056.37	-51	2056.37	-42
2057.37	-29	2057.37	-51	2057.37	-41
2058.37	-30	2058.37	-51	2058.37	-41
2059.37	-30	2059.37	-52	2059.37	-41
2060.37	-30	2060.37	-53	2060.37	-41
2061.37	-30	2061.37	-53	2061.37	-41
2062.37	-29	2062.37	-54	2062.37	-40
2063.38	-29	2063.38	-54	2063.38	-40
2064.38	-29	2064.38	-54	2064.38	-40
2065.38	-31	2065.38	-55	2065.38	-41
2066.38	-32	2066.38	-55	2066.38	-41
2067.38	-32	2067.38	-55	2067.38	-41
2068.38	-32	2068.38	-55	2068.38	-40
2069.38	-31	2069.38	-56	2069.38	-39
2070.38	-31	2070.38	-55	2070.38	-40
2071.38	-31	2071.38	-54	2071.38	-39
2072.38	-31	2072.38	-53	2072.38	-39
2073.38	-31	2073.38	-51	2073.38	-39
2074.38	-31	2074.38	-51	2074.38	-38
2075.38	-30	2075.38	-52	2075.38	-38
2076.38	-29	2076.38	-52	2076.38	-38
2077.38	-29	2077.38	-55	2077.38	-38
2078.39	-30	2078.39	-56	2078.39	-38
2079.39	-30	2079.39	-57	2079.39	-38
2080.39	-29	2080.39	-56	2080.39	-38
2081.39	-29	2081.39	-55	2081.39	-38
2082.39	-28	2082.39	-55	2082.39	-38
2083.39	-28	2083.39	-54	2083.39	-39
2084.39	-29	2084.39	-53	2084.39	-39
2085.39	-29	2085.39	-52	2085.39	-38
2086.39	-28	2086.39	-51	2086.39	-37
2087.39	-28	2087.39	-51	2087.39	-35
2088.39	-27	2088.39	-52	2088.39	-34
2089.39	-27	2089.39	-54	2089.39	-34
2090.39	-27	2090.39	-55	2090.39	-34
2091.39	-27	2091.39	-55	2091.39	-34
2092.39	-27	2092.39	-54	2092.39	-34
2093.4	-26	2093.4	-52	2093.4	-34
2094.4	-25	2094.4	-52	2094.4	-35
2095.4	-24	2095.4	-53	2095.4	-34
2096.4	-24	2096.4	-54	2096.4	-34
2097.4	-23	2097.4	-54	2097.4	-34
2098.4	-22	2098.4	-53	2098.4	-33
2099.4	-22	2099.4	-53	2099.4	-33
2100.4	-22	2100.4	-52	2100.4	-33
2101.4	-21	2101.4	-52	2101.4	-32
2102.4	-21	2102.4	-50	2102.4	-32
2103.4	-20	2103.4	-48	2103.4	-32
2104.4	-19	2104.4	-48	2104.4	-32
2105.4	-18	2105.4	-49	2105.4	-32
2106.4	-17	2106.4	-50	2106.4	-32
2107.4	-16	2107.4	-51	2107.4	-31
2108.41	-16	2108.41	-50	2108.41	-31
2109.41	-15	2109.41	-48	2109.41	-30
2110.41	-14	2110.41	-44	2110.41	-28
2111.41	-14	2111.41	-40	2111.41	-27
2112.41	-13	2112.41	-38	2112.41	-26
2113.41	-13	2113.41	-39	2113.41	-26
2114.41	-12	2114.41	-40	2114.41	-26
2115.41	-11	2115.41	-41	2115.41	-25
2116.41	-10	2116.41	-41	2116.41	-25
2117.41	-9	2117.41	-40	2117.41	-25
2118.41	-9	2118.41	-39	2118.41	-24
2119.41	-8	2119.41	-38	2119.41	-23
2120.41	-7	2120.41	-36	2120.41	-23
2121.41	-6	2121.41	-34	2121.41	-22
2122.41	-5	2122.41	-32	2122.41	-22
2123.42	-3	2123.42	-31	2123.42	-22
2124.42	0	2124.42	-29	2124.42	-21
2125.42	1	2125.42	-26	2125.42	-19
2126.42	2	2126.42	-23	2126.42	-18
2127.42	3	2127.42	-22	2127.42	-18
2128.42	3	2128.42	-22	2128.42	-18
2129.42	4	2129.42	-21	2129.42	-17
2130.42	5	2130.42	-18	2130.42	-16
2131.42	6	2131.42	-15	2131.42	-14
2132.42	8	2132.42	-14	2132.42	-14
2133.42	10	2133.42	-13	2133.42	-13
2134.42	12	2134.42	-11	2134.42	-13
2135.42	13	2135.42	-10	2135.42	-13
2136.42	15	2136.42	-7	2136.42	-13
2137.42	16	2137.42	-6	2137.42	-13
2138.43	16	2138.43	-5	2138.43	-13
2139.43	16	2139.43	-4	2139.43	-13
2140.43	18	2140.43	-1	2140.43	-12
2141.43	19	2141.43	2	2141.43	-10
2142.43	21	2142.43	5	2142.43	-9
2143.43	22	2143.43	6	2143.43	-9
2144.43	22	2144.43	5	2144.43	-9
2145.43	22	2145.43	6	2145.43	-9
2146.43	24	2146.43	8	2146.43	-8
2147.43	26	2147.43	11	2147.43	-6
2148.43	28	2148.43	14	2148.43	-5
2149.43	30	2149.43	18	2149.43	-4
2150.43	32	2150.43	20	2150.43	-4
2151.43	33	2151.43	21	2151.43	-5
2152.43	34	2152.43	23	2152.43	-5
2153.44	36	2153.44	26	2153.44	-5
2154.44	37	2154.44	31	2154.44	-5
2155.44	38	2155.44	35	2155.44	-4
2156.44	40	2156.44	38	2156.44	-3
2157.44	41	2157.44	39	2157.44	-2
2158.44	42	2158.44	41	2158.44	-2
2159.44	44	2159.44	45	2159.44	-2
2160.44	46	2160.44	51	2160.44	-1
2161.44	48	2161.44	55	2161.44	-1
2162.44	49	2162.44	59	2162.44	0
2163.44	50	2163.44	62	2163.44	0
2164.44	51	2164.44	66	2164.44	0
2165.44	53	2165.44	71	2165.44	0
2166.44	55	2166.44	76	2166.44	0
2167.44	57	2167.44	82	2167.44	2
2168.45	58	2168.45	87	2168.45	5
2169.45	59	2169.45	92	2169.45	6
2170.45	60	2170.45	95	2170.45	7
2171.45	62	2171.45	97	2171.45	8
2172.45	64	2172.45	97	2172.45	7
2173.45	67	2173.45	99	2173.45	7
2174.45	67	2174.45	102	2174.45	6
2175.45	68	2175.45	106	2175.45	5
2176.45	69	2176.45	110	2176.45	6
2177.45	70	2177.45	114	2177.45	7
2178.45	71	2178.45	118	2178.45	7
2179.45	71	2179.45	121	2179.45	7
2180.45	71	2180.45	123	2180.45	7
2181.45	72	2181.45	124	2181.45	8
2182.45	73	2182.45	127	2182.45	8
2183.46	73	2183.46	131	2183.46	8
2184.46	74	2184.46	135	2184.46	8
2185.46	76	2185.46	137	2185.46	8
2186.46	77	2186.46	139	2186.46	8
2187.46	79	2187.46	144	2187.46	8
2188.46	81	2188.46	151	2188.46	8
2189.46	82	2189.46	156	2189.46	8
2190.46	84	2190.46	157	2190.46	8
2191.46	86	2191.46	158	2191.46	8
2192.46	87	2192.46	160	2192.46	9
2193.46	88	2193.46	163	2193.46	9
2194.46	88	2194.46	168	2194.46	10
2195.46	88	2195.46	174	2195.46	10
2196.46	88	2196.46	179	2196.46	9
2197.46	87	2197.46	182	2197.46	9
2198.47	87	2198.47	179	2198.47	10
2199.47	87	2199.47	177	2199.47	10
2200.47	86	2200.47	178	2200.47	10
2201.47	86	2201.47	179	2201.47	8
2202.47	86	2202.47	179	2202.47	7
2203.47	86	2203.47	178	2203.47	7
2204.47	87	2204.47	177	2204.47	7
2205.47	88	2205.47	179	2205.47	8
2206.47	90	2206.47	183	2206.47	8
2207.47	91	2207.47	185	2207.47	8
2208.47	92	2208.47	187	2208.47	8
2209.47	92	2209.47	187	2209.47	7
2210.47	93	2210.47	188	2210.47	6
2211.47	93	2211.47	191	2211.47	7
2212.47	94	2212.47	195	2212.47	7
2213.48	95	2213.48	199	2213.48	7
2214.48	97	2214.48	202	2214.48	7
2215.48	98	2215.48	204	2215.48	7
2216.48	98	2216.48	207	2216.48	7
2217.48	98	2217.48	210	2217.48	7
2218.48	96	2218.48	211	2218.48	7
2219.48	95	2219.48	211	2219.48	7
2220.48	94	2220.48	210	2220.48	7
2221.48	94	2221.48	211	2221.48	7
2222.48	94	2222.48	214	2222.48	7
2223.48	95	2223.48	218	2223.48	7
2224.48	97	2224.48	224	2224.48	7
2225.48	99	2225.48	231	2225.48	7
2226.48	101	2226.48	237	2226.48	6
2227.48	103	2227.48	240	2227.48	6
2228.49	103	2228.49	240	2228.49	6
2229.49	103	2229.49	238	2229.49	8
2230.49	103	2230.49	238	2230.49	9
2231.49	102	2231.49	240	2231.49	10
2232.49	101	2232.49	243	2232.49	10
2233.49	99	2233.49	246	2233.49	10
2234.49	98	2234.49	245	2234.49	7
2235.49	97	2235.49	242	2235.49	6
2236.49	98	2236.49	239	2236.49	6
2237.49	98	2237.49	239	2237.49	7
2238.49	97	2238.49	242	2238.49	7
2239.49	97	2239.49	246	2239.49	8
2240.49	98	2240.49	248	2240.49	8
2241.49	97	2241.49	248	2241.49	8
2242.49	97	2242.49	248	2242.49	8
2243.5	97	2243.5	247	2243.5	7
2244.5	96	2244.5	243	2244.5	6
2245.5	95	2245.5	238	2245.5	4
2246.5	93	2246.5	233	2246.5	2
2247.5	92	2247.5	229	2247.5	2
2248.5	91	2248.5	227	2248.5	1
2249.5	90	2249.5	226	2249.5	1
2250.5	89	2250.5	222	2250.5	1
2251.5	88	2251.5	217	2251.5	1
2252.5	86	2252.5	214	2252.5	1
2253.5	85	2253.5	215	2253.5	0
2254.5	85	2254.5	219	2254.5	0
2255.5	85	2255.5	220	2255.5	0
2256.5	86	2256.5	218	2256.5	-1
2257.51	86	2257.51	216	2257.51	-1
2258.51	85	2258.51	217	2258.51	-1
2259.51	84	2259.51	220	2259.51	0
2260.51	83	2260.51	222	2260.51	1
2261.51	83	2261.51	223	2261.51	2
2262.51	84	2262.51	223	2262.51	2
2263.51	85	2263.51	221	2263.51	3
2264.51	85	2264.51	221	2264.51	4
2265.51	85	2265.51	224	2265.51	4
2266.51	85	2266.51	227	2266.51	4
2267.51	85	2267.51	228	2267.51	4
2268.51	86	2268.51	229	2268.51	5
2269.51	85	2269.51	229	2269.51	6
2270.51	83	2270.51	229	2270.51	6
2271.51	80	2271.51	229	2271.51	6
2272.52	78	2272.52	227	2272.52	5
2273.52	78	2273.52	225	2273.52	4
2274.52	77	2274.52	223	2274.52	4
2275.52	76	2275.52	221	2275.52	4
2276.52	75	2276.52	218	2276.52	6
2277.52	73	2277.52	213	2277.52	7
2278.52	71	2278.52	206	2278.52	7
2279.52	69	2279.52	198	2279.52	6
2280.52	67	2280.52	191	2280.52	5
2281.52	65	2281.52	187	2281.52	4
2282.52	64	2282.52	185	2282.52	3
2283.52	63	2283.52	186	2283.52	2
2284.52	62	2284.52	188	2284.52	1
2285.52	62	2285.52	190	2285.52	-1
2286.52	63	2286.52	192	2286.52	-2
2287.53	64	2287.53	193	2287.53	-2
2288.53	65	2288.53	192	2288.53	-2
2289.53	65	2289.53	192	2289.53	-1
2290.53	64	2290.53	193	2290.53	-1
2291.53	64	2291.53	192	2291.53	0
2292.53	64	2292.53	190	2292.53	0
2293.53	64	2293.53	187	2293.53	0
2294.53	64	2294.53	188	2294.53	-1
2295.53	63	2295.53	190	2295.53	-2
2296.53	63	2296.53	192	2296.53	-4
2297.53	62	2297.53	191	2297.53	-5
2298.53	60	2298.53	188	2298.53	-5
2299.53	58	2299.53	182	2299.53	-4
2300.53	57	2300.53	178	2300.53	-4
2301.53	57	2301.53	176	2301.53	-4
2302.54	57	2302.54	177	2302.54	-4
2303.54	56	2303.54	180	2303.54	-3
2304.54	57	2304.54	191	2304.54	-1
2305.54	64	2305.54	228	2305.54	6
2306.54	93	2306.54	337	2306.54	25
2307.54	169	2307.54	617	2307.54	74
2308.54	345	2308.54	1230	2308.54	182
2309.54	690	2309.54	2396	2309.54	396
2310.54	1283	2310.54	4351	2310.54	766
2311.54	2163	2311.54	7224	2311.54	1315
2312.54	3286	2312.54	10862	2312.54	2011
2313.54	4490	2313.54	14714	2313.54	2745
2314.54	5518	2314.54	17936	2314.54	3355
2315.54	6102	2315.54	19709	2315.54	3673
2316.54	6078	2316.54	19578	2316.54	3609
2317.55	5465	2317.55	17649	2317.55	3197
2318.55	4458	2318.55	14524	2318.55	2574
2319.55	3332	2319.55	11013	2319.55	1903
2320.55	2316	2320.55	7803	2320.55	1304
2321.55	1527	2321.55	5250	2321.55	840
2322.55	978	2322.55	3412	2322.55	518
2323.55	623	2323.55	2184	2323.55	313
2324.55	403	2324.55	1413	2324.55	191
2325.55	270	2325.55	947	2325.55	120
2326.55	191	2326.55	666	2326.55	81
2327.55	142	2327.55	492	2327.55	59
2328.55	112	2328.55	383	2328.55	45
2329.55	90	2329.55	312	2329.55	32
2330.55	74	2330.55	263	2330.55	22
2331.55	63	2331.55	224	2331.55	7
2332.56	55	2332.56	191	2332.56	2
2333.56	48	2333.56	166	2333.56	-1
2334.56	42	2334.56	149	2334.56	-3
2335.56	37	2335.56	140	2335.56	-4
2336.56	34	2336.56	135	2336.56	-6
2337.56	31	2337.56	130	2337.56	-7
2338.56	29	2338.56	125	2338.56	-8
2339.56	28	2339.56	121	2339.56	-9
2340.56	26	2340.56	115	2340.56	-11
2341.56	24	2341.56	107	2341.56	-13
2342.56	23	2342.56	98	2342.56	-14
2343.56	22	2343.56	92	2343.56	-15
2344.56	21	2344.56	90	2344.56	-16
2345.56	19	2345.56	89	2345.56	-17
2346.56	18	2346.56	88	2346.56	-18
2347.57	16	2347.57	87	2347.57	-19
2348.57	15	2348.57	84	2348.57	-19
2349.57	14	2349.57	79	2349.57	-19
2350.57	14	2350.57	75	2350.57	-20
2351.57	13	2351.57	71	2351.57	-20
2352.57	11	2352.57	68	2352.57	-20
2353.57	10	2353.57	67	2353.57	-20
2354.57	10	2354.57	67	2354.57	-21
2355.57	10	2355.57	67	2355.57	-22
2356.57	10	2356.57	65	2356.57	-22
2357.57	9	2357.57	62	2357.57	-22
2358.57	7	2358.57	58	2358.57	-22
2359.57	6	2359.57	57	2359.57	-22
2360.57	5	2360.57	57	2360.57	-22
2361.57	5	2361.57	56	2361.57	-22
2362.58	5	2362.58	54	2362.58	-22
2363.58	6	2363.58	51	2363.58	-23
2364.58	7	2364.58	50	2364.58	-22
2365.58	9	2365.58	49	2365.58	-23
2366.58	11	2366.58	48	2366.58	-23
2367.58	13	2367.58	45	2367.58	-23
2368.58	14	2368.58	41	2368.58	-23
2369.58	15	2369.58	39	2369.58	-23
2370.58	15	2370.58	38	2370.58	-23
2371.58	13	2371.58	39	2371.58	-24
2372.58	10	2372.58	40	2372.58	-24
2373.58	6	2373.58	39	2373.58	-25
2374.58	4	2374.58	38	2374.58	-24
2375.58	3	2375.58	36	2375.58	-24
2376.58	3	2376.58	35	2376.58	-25
2377.59	3	2377.59	33	2377.59	-25
2378.59	2	2378.59	30	2378.59	-25
2379.59	1	2379.59	29	2379.59	-25
2380.59	0	2380.59	29	2380.59	-24
2381.59	-1	2381.59	29	2381.59	-23
2382.59	-1	2382.59	29	2382.59	-24
2383.59	-1	2383.59	28	2383.59	-24
2384.59	-1	2384.59	28	2384.59	-24
2385.59	-1	2385.59	29	2385.59	-24
2386.59	-1	2386.59	30	2386.59	-24
2387.59	-1	2387.59	31	2387.59	-24
2388.59	-2	2388.59	31	2388.59	-24
2389.59	-2	2389.59	31	2389.59	-24
2390.59	-2	2390.59	29	2390.59	-25
2391.59	-1	2391.59	25	2391.59	-25
2392.6	-1	2392.6	22	2392.6	-25
2393.6	-1	2393.6	21	2393.6	-24
2394.6	-1	2394.6	22	2394.6	-25
2395.6	-1	2395.6	24	2395.6	-25
2396.6	-2	2396.6	25	2396.6	-25
2397.6	-2	2397.6	27	2397.6	-25
2398.6	-2	2398.6	28	2398.6	-25
2399.6	-1	2399.6	27	2399.6	-25
2400.6	-1	2400.6	25	2400.6	-24
2401.6	0	2401.6	22	2401.6	-23
2402.6	0	2402.6	20	2402.6	-23
2403.6	-1	2403.6	20	2403.6	-23
2404.6	-2	2404.6	21	2404.6	-24
2405.6	-3	2405.6	20	2405.6	-24
2406.6	-4	2406.6	20	2406.6	-25
2407.61	-3	2407.61	19	2407.61	-26
2408.61	-3	2408.61	18	2408.61	-26
2409.61	-2	2409.61	17	2409.61	-27
2410.61	-1	2410.61	17	2410.61	-27
2411.61	-2	2411.61	17	2411.61	-27
2412.61	-3	2412.61	16	2412.61	-26
2413.61	-3	2413.61	16	2413.61	-25
2414.61	-4	2414.61	17	2414.61	-25
2415.61	-4	2415.61	18	2415.61	-25
2416.61	-3	2416.61	18	2416.61	-25
2417.61	-3	2417.61	19	2417.61	-25
2418.61	-3	2418.61	19	2418.61	-25
2419.61	-4	2419.61	18	2419.61	-25
2420.61	-4	2420.61	18	2420.61	-25
2421.61	-4	2421.61	17	2421.61	-25
2422.62	-4	2422.62	18	2422.62	-25
2423.62	-2	2423.62	19	2423.62	-25
2424.62	-1	2424.62	20	2424.62	-25
2425.62	0	2425.62	22	2425.62	-25
2426.62	0	2426.62	23	2426.62	-25
2427.62	-2	2427.62	23	2427.62	-25
2428.62	-4	2428.62	23	2428.62	-25
2429.62	-5	2429.62	22	2429.62	-26
2430.62	-5	2430.62	16	2430.62	-26
2431.62	-5	2431.62	14	2431.62	-26
2432.62	-4	2432.62	12	2432.62	-26
2433.62	-4	2433.62	11	2433.62	-26
2434.62	-3	2434.62	11	2434.62	-25
2435.62	-3	2435.62	12	2435.62	-25
2436.62	-4	2436.62	14	2436.62	-25
2437.63	-4	2437.63	15	2437.63	-25
2438.63	-3	2438.63	15	2438.63	-26
2439.63	-3	2439.63	16	2439.63	-25
2440.63	-3	2440.63	17	2440.63	-24
2441.63	-3	2441.63	17	2441.63	-24
2442.63	-3	2442.63	17	2442.63	-25
2443.63	-3	2443.63	17	2443.63	-25
2444.63	-3	2444.63	16	2444.63	-25
2445.63	-3	2445.63	15	2445.63	-24
2446.63	-3	2446.63	14	2446.63	-24
2447.63	-4	2447.63	15	2447.63	-25
2448.63	-4	2448.63	15	2448.63	-25
2449.63	-5	2449.63	14	2449.63	-26
2450.63	-6	2450.63	12	2450.63	-26
2451.63	-6	2451.63	12	2451.63	-25
2452.64	-7	2452.64	12	2452.64	-25
2453.64	-6	2453.64	13	2453.64	-24
2454.64	-6	2454.64	13	2454.64	-24
2455.64	-6	2455.64	14	2455.64	-23
2456.64	-6	2456.64	14	2456.64	-23
2457.64	-5	2457.64	14	2457.64	-23
2458.64	-5	2458.64	12	2458.64	-23
2459.64	-4	2459.64	11	2459.64	-23
2460.64	-4	2460.64	10	2460.64	-23
2461.64	-4	2461.64	11	2461.64	-24
2462.64	-4	2462.64	12	2462.64	-25
2463.64	-4	2463.64	12	2463.64	-25
2464.64	-4	2464.64	12	2464.64	-25
2465.64	-4	2465.64	12	2465.64	-24
2466.64	-4	2466.64	11	2466.64	-24
2467.65	-4	2467.65	11	2467.65	-25
2468.65	-4	2468.65	13	2468.65	-25
2469.65	-3	2469.65	13	2469.65	-25
2470.65	-3	2470.65	13	2470.65	-25
2471.65	-3	2471.65	11	2471.65	-25
2472.65	-4	2472.65	10	2472.65	-25
2473.65	-4	2473.65	8	2473.65	-25
2474.65	-4	2474.65	7	2474.65	-25
2475.65	-5	2475.65	7	2475.65	-25
2476.65	-5	2476.65	7	2476.65	-24
2477.65	-5	2477.65	9	2477.65	-24
2478.65	-5	2478.65	11	2478.65	-24
2479.65	-4	2479.65	13	2479.65	-23
2480.65	-3	2480.65	13	2480.65	-23
2481.65	-3	2481.65	13	2481.65	-23
2482.66	-4	2482.66	12	2482.66	-23
2483.66	-4	2483.66	12	2483.66	-23
2484.66	-4	2484.66	11	2484.66	-23
2485.66	-3	2485.66	10	2485.66	-24
2486.66	-3	2486.66	11	2486.66	-24
2487.66	-4	2487.66	11	2487.66	-24
2488.66	-6	2488.66	11	2488.66	-24
2489.66	-6	2489.66	10	2489.66	-24
2490.66	-6	2490.66	9	2490.66	-24
2491.66	-5	2491.66	9	2491.66	-24
2492.66	-5	2492.66	11	2492.66	-24
2493.66	-4	2493.66	13	2493.66	-24
2494.66	-4	2494.66	14	2494.66	-24
2495.66	-5	2495.66	14	2495.66	-23
2496.66	-6	2496.66	16	2496.66	-23
2497.67	-6	2497.67	17	2497.67	-23
2498.67	-6	2498.67	18	2498.67	-23
2499.67	-6	2499.67	18	2499.67	-24
2500.67	-5	2500.67	16	2500.67	-24
2501.67	-5	2501.67	14	2501.67	-24
2502.67	-4	2502.67	12	2502.67	-24
2503.67	-4	2503.67	12	2503.67	-23
2504.67	-4	2504.67	12	2504.67	-23
2505.67	-5	2505.67	11	2505.67	-23
2506.67	-4	2506.67	11	2506.67	-23
2507.67	-4	2507.67	12	2507.67	-23
2508.67	-4	2508.67	14	2508.67	-22
2509.67	-4	2509.67	15	2509.67	-22
2510.67	-5	2510.67	16	2510.67	-22
2511.67	-5	2511.67	16	2511.67	-23
2512.68	-5	2512.68	17	2512.68	-23
2513.68	-4	2513.68	16	2513.68	-23
2514.68	-4	2514.68	14	2514.68	-23
2515.68	-5	2515.68	12	2515.68	-23
2516.68	-6	2516.68	11	2516.68	-23
2517.68	-6	2517.68	10	2517.68	-23
2518.68	-6	2518.68	9	2518.68	-23
2519.68	-6	2519.68	8	2519.68	-22
2520.68	-5	2520.68	7	2520.68	-22
2521.68	-4	2521.68	7	2521.68	-22
2522.68	-4	2522.68	8	2522.68	-22
2523.68	-4	2523.68	8	2523.68	-23
2524.68	-4	2524.68	8	2524.68	-23
2525.68	-5	2525.68	10	2525.68	-23
2526.68	-4	2526.68	12	2526.68	-22
2527.69	-4	2527.69	13	2527.69	-22
2528.69	-3	2528.69	12	2528.69	-23
2529.69	-4	2529.69	11	2529.69	-22
2530.69	-4	2530.69	12	2530.69	-22
2531.69	-4	2531.69	12	2531.69	-22
2532.69	-4	2532.69	11	2532.69	-22
2533.69	-3	2533.69	10	2533.69	-22
2534.69	-3	2534.69	10	2534.69	-22
2535.69	-3	2535.69	11	2535.69	-22
2536.69	-4	2536.69	11	2536.69	-22
2537.69	-3	2537.69	11	2537.69	-22
2538.69	-2	2538.69	10	2538.69	-23
2539.69	-1	2539.69	8	2539.69	-22
2540.69	0	2540.69	7	2540.69	-22
2541.69	0	2541.69	7	2541.69	-22
2542.7	-1	2542.7	7	2542.7	-22
2543.7	-1	2543.7	6	2543.7	-22
2544.7	-2	2544.7	5	2544.7	-22
2545.7	-2	2545.7	5	2545.7	-22
2546.7	-3	2546.7	6	2546.7	-22
2547.7	-3	2547.7	8	2547.7	-22
2548.7	-4	2548.7	10	2548.7	-22
2549.7	-4	2549.7	10	2549.7	-21
2550.7	-4	2550.7	11	2550.7	-21
2551.7	-3	2551.7	11	2551.7	-21
2552.7	-2	2552.7	11	2552.7	-22
2553.7	-2	2553.7	9	2553.7	-22
2554.7	-3	2554.7	8	2554.7	-22
2555.7	-4	2555.7	9	2555.7	-22
2556.7	-4	2556.7	9	2556.7	-22
2557.71	-4	2557.71	9	2557.71	-22
2558.71	-4	2558.71	8	2558.71	-20
2559.71	-5	2559.71	9	2559.71	-20
2560.71	-5	2560.71	10	2560.71	-20
2561.71	-5	2561.71	11	2561.71	-20
2562.71	-5	2562.71	11	2562.71	-20
2563.71	-4	2563.71	10	2563.71	-20
2564.71	-3	2564.71	10	2564.71	-20
2565.71	-2	2565.71	9	2565.71	-19
2566.71	-2	2566.71	9	2566.71	-19
2567.71	-2	2567.71	9	2567.71	-20
2568.71	-2	2568.71	10	2568.71	-20
2569.71	-3	2569.71	11	2569.71	-20
2570.71	-3	2570.71	10	2570.71	-20
2571.71	-4	2571.71	8	2571.71	-20
2572.72	-5	2572.72	7	2572.72	-20
2573.72	-5	2573.72	8	2573.72	-20
2574.72	-5	2574.72	9	2574.72	-21
2575.72	-4	2575.72	10	2575.72	-20
2576.72	-4	2576.72	9	2576.72	-19
2577.72	-3	2577.72	8	2577.72	-19
2578.72	-3	2578.72	7	2578.72	-19
2579.72	-3	2579.72	6	2579.72	-19
2580.72	-4	2580.72	5	2580.72	-20
2581.72	-4	2581.72	5	2581.72	-20
2582.72	-4	2582.72	6	2582.72	-21
2583.72	-4	2583.72	7	2583.72	-20
2584.72	-4	2584.72	8	2584.72	-20
2585.72	-5	2585.72	8	2585.72	-19
2586.72	-4	2586.72	8	2586.72	-19
2587.73	-4	2587.73	7	2587.73	-19
2588.73	-3	2588.73	5	2588.73	-19
2589.73	-3	2589.73	5	2589.73	-19
2590.73	-3	2590.73	5	2590.73	-19
2591.73	-3	2591.73	6	2591.73	-18
2592.73	-3	2592.73	7	2592.73	-18
2593.73	-3	2593.73	7	2593.73	-17
2594.73	-3	2594.73	6	2594.73	-18
2595.73	-3	2595.73	6	2595.73	-18
2596.73	-3	2596.73	5	2596.73	-19
2597.73	-3	2597.73	4	2597.73	-19
2598.73	-3	2598.73	4	2598.73	-19
2599.73	-2	2599.73	5	2599.73	-19
2600.73	-2	2600.73	7	2600.73	-18
2601.73	-2	2601.73	7	2601.73	-18
2602.74	-2	2602.74	7	2602.74	-18
2603.74	-1	2603.74	7	2603.74	-19
2604.74	-1	2604.74	8	2604.74	-19
2605.74	-1	2605.74	9	2605.74	-20
2606.74	-1	2606.74	8	2606.74	-20
2607.74	-2	2607.74	6	2607.74	-20
2608.74	-3	2608.74	6	2608.74	-20
2609.74	-3	2609.74	7	2609.74	-20
2610.74	-3	2610.74	7	2610.74	-20
2611.74	-3	2611.74	7	2611.74	-20
2612.74	-3	2612.74	6	2612.74	-20
2613.74	-4	2613.74	6	2613.74	-20
2614.74	-4	2614.74	5	2614.74	-20
2615.74	-3	2615.74	4	2615.74	-20
2616.74	-2	2616.74	4	2616.74	-19
2617.75	-2	2617.75	4	2617.75	-19
2618.75	-1	2618.75	5	2618.75	-19
2619.75	-1	2619.75	7	2619.75	-20
2620.75	-1	2620.75	8	2620.75	-20
2621.75	-2	2621.75	8	2621.75	-19
2622.75	-3	2622.75	8	2622.75	-19
2623.75	-4	2623.75	7	2623.75	-19
2624.75	-3	2624.75	6	2624.75	-17
2625.75	-2	2625.75	6	2625.75	-17
2626.75	-2	2626.75	6	2626.75	-17
2627.75	-2	2627.75	6	2627.75	-18
2628.75	-3	2628.75	6	2628.75	-18
2629.75	-3	2629.75	6	2629.75	-18
2630.75	-3	2630.75	6	2630.75	-17
2631.75	-2	2631.75	5	2631.75	-17
2632.76	-2	2632.76	3	2632.76	-17
2633.76	-1	2633.76	3	2633.76	-17
2634.76	-1	2634.76	4	2634.76	-17
2635.76	-2	2635.76	5	2635.76	-17
2636.76	-2	2636.76	6	2636.76	-17
2637.76	-2	2637.76	6	2637.76	-17
2638.76	-2	2638.76	6	2638.76	-17
2639.76	-1	2639.76	6	2639.76	-17
2640.76	-1	2640.76	6	2640.76	-17
2641.76	-1	2641.76	5	2641.76	-17
2642.76	-2	2642.76	3	2642.76	-17
2643.76	-3	2643.76	3	2643.76	-17
2644.76	-3	2644.76	4	2644.76	-17
2645.76	-3	2645.76	5	2645.76	-18
2646.76	-2	2646.76	6	2646.76	-18
2647.77	-1	2647.77	6	2647.77	-17
2648.77	-1	2648.77	7	2648.77	-17
2649.77	-1	2649.77	8	2649.77	-16
2650.77	-2	2650.77	9	2650.77	-16
2651.77	-2	2651.77	8	2651.77	-16
2652.77	-2	2652.77	7	2652.77	-17
2653.77	-2	2653.77	7	2653.77	-17
2654.77	-2	2654.77	6	2654.77	-17
2655.77	-2	2655.77	5	2655.77	-17
2656.77	-2	2656.77	4	2656.77	-17
2657.77	-2	2657.77	4	2657.77	-17
2658.77	-3	2658.77	4	2658.77	-17
2659.77	-2	2659.77	4	2659.77	-18
2660.77	-2	2660.77	4	2660.77	-18
2661.77	-2	2661.77	3	2661.77	-18
2662.78	-2	2662.78	3	2662.78	-19
2663.78	-2	2663.78	4	2663.78	-19
2664.78	-2	2664.78	2	2664.78	-18
2665.78	-2	2665.78	1	2665.78	-18
2666.78	-2	2666.78	0	2666.78	-17
2667.78	-2	2667.78	-1	2667.78	-16
2668.78	-1	2668.78	0	2668.78	-15
2669.78	0	2669.78	1	2669.78	-15
2670.78	0	2670.78	3	2670.78	-16
2671.78	-1	2671.78	5	2671.78	-16
2672.78	-1	2672.78	4	2672.78	-16
2673.78	-2	2673.78	3	2673.78	-16
2674.78	-3	2674.78	1	2674.78	-15
2675.78	-3	2675.78	0	2675.78	-15
2676.78	-3	2676.78	0	2676.78	-15
2677.79	-3	2677.79	0	2677.79	-16
2678.79	-3	2678.79	1	2678.79	-16
2679.79	-3	2679.79	1	2679.79	-17
2680.79	-3	2680.79	2	2680.79	-17
2681.79	-3	2681.79	3	2681.79	-16
2682.79	-2	2682.79	3	2682.79	-16
2683.79	-2	2683.79	2	2683.79	-15
2684.79	-1	2684.79	3	2684.79	-15
2685.79	-1	2685.79	3	2685.79	-15
2686.79	-2	2686.79	4	2686.79	-16
2687.79	-2	2687.79	3	2687.79	-16
2688.79	-2	2688.79	2	2688.79	-16
2689.79	-2	2689.79	2	2689.79	-15
2690.79	-2	2690.79	3	2690.79	-15
2691.79	-1	2691.79	4	2691.79	-15
2692.8	-1	2692.8	4	2692.8	-16
2693.8	-2	2693.8	4	2693.8	-16
2694.8	-2	2694.8	4	2694.8	-15
2695.8	-2	2695.8	4	2695.8	-15
2696.8	-2	2696.8	4	2696.8	-15
2697.8	-2	2697.8	4	2697.8	-14
2698.8	-1	2698.8	3	2698.8	-14
2699.8	-1	2699.8	2	2699.8	-14
2700.8	-1	2700.8	1	2700.8	-14
2701.8	-1	2701.8	0	2701.8	-15
2702.8	-1	2702.8	1	2702.8	-15
2703.8	-1	2703.8	2	2703.8	-15
2704.8	-2	2704.8	4	2704.8	-14
2705.8	-2	2705.8	4	2705.8	-14
2706.8	-1	2706.8	5	2706.8	-14
2707.81	-1	2707.81	4	2707.81	-15
2708.81	0	2708.81	3	2708.81	-14
2709.81	0	2709.81	2	2709.81	-14
2710.81	-1	2710.81	1	2710.81	-13
2711.81	-2	2711.81	0	2711.81	-13
2712.81	-2	2712.81	-1	2712.81	-14
2713.81	-2	2713.81	-1	2713.81	-14
2714.81	-3	2714.81	-1	2714.81	-13
2715.81	-3	2715.81	-1	2715.81	-13
2716.81	-2	2716.81	0	2716.81	-13
2717.81	-1	2717.81	1	2717.81	-13
2718.81	-1	2718.81	2	2718.81	-13
2719.81	-1	2719.81	2	2719.81	-13
2720.81	-1	2720.81	2	2720.81	-13
2721.81	-2	2721.81	3	2721.81	-13
2722.82	-2	2722.82	5	2722.82	-13
2723.82	-1	2723.82	5	2723.82	-14
2724.82	-1	2724.82	3	2724.82	-13
2725.82	0	2725.82	2	2725.82	-13
2726.82	0	2726.82	1	2726.82	-13
2727.82	0	2727.82	1	2727.82	-13
2728.82	0	2728.82	2	2728.82	-13
2729.82	-1	2729.82	3	2729.82	-13
2730.82	-1	2730.82	3	2730.82	-12
2731.82	-1	2731.82	3	2731.82	-12
2732.82	-1	2732.82	3	2732.82	-13
2733.82	-1	2733.82	3	2733.82	-13
2734.82	0	2734.82	3	2734.82	-13
2735.82	0	2735.82	2	2735.82	-13
2736.82	0	2736.82	0	2736.82	-13
2737.83	0	2737.83	-2	2737.83	-13
2738.83	0	2738.83	-3	2738.83	-13
2739.83	-1	2739.83	-2	2739.83	-13
2740.83	-1	2740.83	-1	2740.83	-13
2741.83	-2	2741.83	-1	2741.83	-13
2742.83	-1	2742.83	0	2742.83	-13
2743.83	0	2743.83	1	2743.83	-12
2744.83	1	2744.83	2	2744.83	-12
2745.83	1	2745.83	1	2745.83	-12
2746.83	0	2746.83	0	2746.83	-12
2747.83	-1	2747.83	1	2747.83	-12
2748.83	-1	2748.83	1	2748.83	-12
2749.83	-1	2749.83	1	2749.83	-13
2750.83	-1	2750.83	1	2750.83	-13
2751.83	-1	2751.83	1	2751.83	-14
2752.84	0	2752.84	0	2752.84	-14
2753.84	0	2753.84	1	2753.84	-14
2754.84	-1	2754.84	0	2754.84	-13
2755.84	-2	2755.84	-1	2755.84	-13
2756.84	-1	2756.84	-2	2756.84	-13
2757.84	-1	2757.84	-2	2757.84	-13
2758.84	-1	2758.84	-2	2758.84	-13
2759.84	0	2759.84	-1	2759.84	-13
2760.84	0	2760.84	1	2760.84	-13
2761.84	0	2761.84	1	2761.84	-12
2762.84	0	2762.84	1	2762.84	-13
2763.84	0	2763.84	1	2763.84	-13
2764.84	0	2764.84	1	2764.84	-12
2765.84	0	2765.84	2	2765.84	-12
2766.84	0	2766.84	2	2766.84	-12
2767.85	0	2767.85	2	2767.85	-12
2768.85	0	2768.85	2	2768.85	-12
2769.85	-1	2769.85	2	2769.85	-12
2770.85	-1	2770.85	2	2770.85	-12
2771.85	0	2771.85	2	2771.85	-12
2772.85	0	2772.85	3	2772.85	-12
2773.85	0	2773.85	5	2773.85	-12
2774.85	-1	2774.85	6	2774.85	-12
2775.85	0	2775.85	5	2775.85	-11
2776.85	0	2776.85	4	2776.85	-11
2777.85	1	2777.85	2	2777.85	-11
2778.85	1	2778.85	1	2778.85	-10
2779.85	0	2779.85	0	2779.85	-10
2780.85	0	2780.85	1	2780.85	-11
2781.85	1	2781.85	1	2781.85	-11
2782.86	1	2782.86	1	2782.86	-11
2783.86	1	2783.86	1	2783.86	-11
2784.86	1	2784.86	1	2784.86	-10
2785.86	0	2785.86	1	2785.86	-10
2786.86	-1	2786.86	1	2786.86	-10
2787.86	0	2787.86	0	2787.86	-10
2788.86	0	2788.86	0	2788.86	-10
2789.86	0	2789.86	-1	2789.86	-10
2790.86	0	2790.86	-2	2790.86	-10
2791.86	1	2791.86	-2	2791.86	-10
2792.86	0	2792.86	-1	2792.86	-10
2793.86	0	2793.86	0	2793.86	-10
2794.86	0	2794.86	0	2794.86	-11
2795.86	-1	2795.86	0	2795.86	-11
2796.86	-1	2796.86	0	2796.86	-11
2797.87	-1	2797.87	-1	2797.87	-11
2798.87	-1	2798.87	-2	2798.87	-11
2799.87	-1	2799.87	-2	2799.87	-12
2800.87	0	2800.87	-3	2800.87	-11
2801.87	0	2801.87	-2	2801.87	-11
2802.87	0	2802.87	-1	2802.87	-11
2803.87	0	2803.87	-1	2803.87	-12
2804.87	0	2804.87	0	2804.87	-12
2805.87	-1	2805.87	1	2805.87	-12
2806.87	-1	2806.87	2	2806.87	-12
2807.87	-1	2807.87	2	2807.87	-12
2808.87	-1	2808.87	2	2808.87	-12
2809.87	0	2809.87	2	2809.87	-12
2810.87	1	2810.87	2	2810.87	-11
2811.87	1	2811.87	0	2811.87	-11
2812.88	1	2812.88	-1	2812.88	-11
2813.88	0	2813.88	-2	2813.88	-11
2814.88	0	2814.88	-3	2814.88	-11
2815.88	0	2815.88	-3	2815.88	-11
2816.88	0	2816.88	-2	2816.88	-10
2817.88	1	2817.88	-2	2817.88	-10
2818.88	0	2818.88	-3	2818.88	-9
2819.88	0	2819.88	-3	2819.88	-9
2820.88	0	2820.88	-2	2820.88	-10
2821.88	1	2821.88	-1	2821.88	-10
2822.88	1	2822.88	-1	2822.88	-10
2823.88	2	2823.88	-2	2823.88	-10
2824.88	1	2824.88	-3	2824.88	-10
2825.88	1	2825.88	-3	2825.88	-9
2826.88	0	2826.88	-4	2826.88	-9
2827.89	-1	2827.89	-5	2827.89	-9
2828.89	-1	2828.89	-5	2828.89	-9
2829.89	-1	2829.89	-4	2829.89	-8
2830.89	0	2830.89	-3	2830.89	-7
2831.89	0	2831.89	-2	2831.89	-8
2832.89	0	2832.89	-2	2832.89	-8
2833.89	0	2833.89	-2	2833.89	-9
2834.89	0	2834.89	-2	2834.89	-9
2835.89	1	2835.89	-1	2835.89	-8
2836.89	2	2836.89	-1	2836.89	-8
2837.89	2	2837.89	-1	2837.89	-8
2838.89	1	2838.89	-1	2838.89	-8
2839.89	0	2839.89	-1	2839.89	-8
2840.89	-1	2840.89	-1	2840.89	-7
2841.89	-1	2841.89	-1	2841.89	-8
2842.9	-1	2842.9	-1	2842.9	-8
2843.9	-1	2843.9	-2	2843.9	-8
2844.9	0	2844.9	-3	2844.9	-7
2845.9	1	2845.9	-4	2845.9	-7
2846.9	1	2846.9	-5	2846.9	-8
2847.9	2	2847.9	-4	2847.9	-8
2848.9	2	2848.9	-3	2848.9	-8
2849.9	1	2849.9	-2	2849.9	-8
2850.9	1	2850.9	-1	2850.9	-8
2851.9	1	2851.9	-1	2851.9	-7
2852.9	1	2852.9	-2	2852.9	-7
2853.9	0	2853.9	-3	2853.9	-7
2854.9	-1	2854.9	-4	2854.9	-7
2855.9	-2	2855.9	-4	2855.9	-7
2856.9	-2	2856.9	-4	2856.9	-7
2857.91	-1	2857.91	-4	2857.91	-7
2858.91	-1	2858.91	-3	2858.91	-8
2859.91	-1	2859.91	-2	2859.91	-8
2860.91	0	2860.91	-2	2860.91	-8
2861.91	0	2861.91	-1	2861.91	-8
2862.91	0	2862.91	-1	2862.91	-8
2863.91	-1	2863.91	-1	2863.91	-7
2864.91	-1	2864.91	-1	2864.91	-7
2865.91	-1	2865.91	0	2865.91	-7
2866.91	-1	2866.91	-2	2866.91	-7
2867.91	-1	2867.91	-3	2867.91	-8
2868.91	-1	2868.91	-4	2868.91	-7
2869.91	0	2869.91	-4	2869.91	-7
2870.91	0	2870.91	-4	2870.91	-7
2871.91	0	2871.91	-4	2871.91	-8
2872.92	0	2872.92	-5	2872.92	-8
2873.92	0	2873.92	-5	2873.92	-8
2874.92	0	2874.92	-4	2874.92	-8
2875.92	0	2875.92	-3	2875.92	-8
2876.92	0	2876.92	-3	2876.92	-8
2877.92	0	2877.92	-5	2877.92	-7
2878.92	0	2878.92	-5	2878.92	-7
2879.92	0	2879.92	-4	2879.92	-6
2880.92	0	2880.92	-2	2880.92	-6
2881.92	-1	2881.92	-1	2881.92	-5
2882.92	-1	2882.92	-3	2882.92	-5
2883.92	-1	2883.92	-6	2883.92	-6
2884.92	0	2884.92	-7	2884.92	-6
2885.92	0	2885.92	-8	2885.92	-6
2886.92	-1	2886.92	-9	2886.92	-5
2887.93	-1	2887.93	-10	2887.93	-6
2888.93	-1	2888.93	-10	2888.93	-6
2889.93	0	2889.93	-8	2889.93	-6
2890.93	0	2890.93	-6	2890.93	-6
2891.93	0	2891.93	-4	2891.93	-6
2892.93	-1	2892.93	-4	2892.93	-6
2893.93	0	2893.93	-4	2893.93	-6
2894.93	0	2894.93	-3	2894.93	-5
2895.93	-1	2895.93	-3	2895.93	-4
2896.93	-1	2896.93	-5	2896.93	-5
2897.93	-1	2897.93	-6	2897.93	-5
2898.93	0	2898.93	-4	2898.93	-5
2899.93	0	2899.93	-2	2899.93	-5
2900.93	0	2900.93	-1	2900.93	-4
2901.93	0	2901.93	-2	2901.93	-4
2902.94	0	2902.94	-4	2902.94	-4
2903.94	-1	2903.94	-4	2903.94	-3
2904.94	-1	2904.94	-3	2904.94	-3
2905.94	-1	2905.94	-3	2905.94	-3
2906.94	-1	2906.94	-5	2906.94	-4
2907.94	-1	2907.94	-5	2907.94	-4
2908.94	-2	2908.94	-5	2908.94	-4
2909.94	-2	2909.94	-4	2909.94	-4
2910.94	-1	2910.94	-6	2910.94	-4
2911.94	-1	2911.94	-8	2911.94	-4
2912.94	-1	2912.94	-8	2912.94	-4
2913.94	-1	2913.94	-6	2913.94	-4
2914.94	0	2914.94	-4	2914.94	-3
2915.94	0	2915.94	-3	2915.94	-4
2916.94	0	2916.94	-3	2916.94	-4
2917.95	0	2917.95	-4	2917.95	-4
2918.95	0	2918.95	-5	2918.95	-4
2919.95	0	2919.95	-7	2919.95	-4
2920.95	-1	2920.95	-7	2920.95	-5
2921.95	-1	2921.95	-7	2921.95	-4
2922.95	-1	2922.95	-6	2922.95	-2
2923.95	0	2923.95	-4	2923.95	-2
2924.95	0	2924.95	-4	2924.95	-3
2925.95	0	2925.95	-3	2925.95	-5
2926.95	-1	2926.95	-3	2926.95	-5
2927.95	-1	2927.95	-3	2927.95	-5
2928.95	-1	2928.95	-4	2928.95	-5
2929.95	-1	2929.95	-5	2929.95	-6
2930.95	0	2930.95	-5	2930.95	-6
2931.95	1	2931.95	-5	2931.95	-5
2932.96	1	2932.96	-4	2932.96	-4
2933.96	1	2933.96	-5	2933.96	-4
2934.96	1	2934.96	-7	2934.96	-3
2935.96	1	2935.96	-8	2935.96	-3
2936.96	1	2936.96	-9	2936.96	-3
2937.96	1	2937.96	-9	2937.96	-3
2938.96	1	2938.96	-8	2938.96	-4
2939.96	0	2939.96	-7	2939.96	-4
2940.96	-1	2940.96	-6	2940.96	-3
2941.96	-1	2941.96	-5	2941.96	-1
2942.96	-1	2942.96	-6	2942.96	0
2943.96	0	2943.96	-7	2943.96	0
2944.96	0	2944.96	-7	2944.96	0
2945.96	1	2945.96	-5	2945.96	0
2946.96	1	2946.96	-4	2946.96	0
2947.97	0	2947.97	-4	2947.97	0
2948.97	0	2948.97	-4	2948.97	0
2949.97	0	2949.97	-4	2949.97	0
2950.97	0	2950.97	-4	2950.97	0
2951.97	0	2951.97	-4	2951.97	0
2952.97	0	2952.97	-3	2952.97	0
2953.97	0	2953.97	-2	2953.97	0
2954.97	0	2954.97	-2	2954.97	0
2955.97	0	2955.97	-1	2955.97	0
2956.97	0	2956.97	-2	2956.97	0
2957.97	0	2957.97	-2	2957.97	0
2958.97	-1	2958.97	-3	2958.97	0
2959.97	-1	2959.97	-5	2959.97	0
2960.97	0	2960.97	-6	2960.97	0
2961.97	1	2961.97	-6	2961.97	0
2962.98	1	2962.98	-5	2962.98	0
2963.98	1	2963.98	-5	2963.98	0
2964.98	0	2964.98	-5	2964.98	0
2965.98	0	2965.98	-4	2965.98	0
2966.98	0	2966.98	-2	2966.98	0
2967.98	-1	2967.98	-1	2967.98	0
2968.98	-1	2968.98	0	2968.98	0
2969.98	-1	2969.98	-1	2969.98	0
2970.98	0	2970.98	-2	2970.98	0
2971.98	1	2971.98	-4	2971.98	0
2972.98	2	2972.98	-5	2972.98	0
2973.98	2	2973.98	-6	2973.98	0
2974.98	2	2974.98	-6	2974.98	0
2975.98	2	2975.98	-5	2975.98	0
2976.98	2	2976.98	-3	2976.98	0
2977.99	2	2977.99	-4	2977.99	0
2978.99	2	2978.99	-5	2978.99	0
2979.99	2	2979.99	-6	2979.99	0
2980.99	1	2980.99	-5	2980.99	0
2981.99	1	2981.99	-4	2981.99	0
2982.99	1	2982.99	-3	2982.99	0
2983.99	1	2983.99	-3	2983.99	0
2984.99	1	2984.99	-3	2984.99	0
2985.99	1	2985.99	-3	2985.99	0
2986.99	2	2986.99	-3	2986.99	0
2987.99	2	2987.99	-4	2987.99	0
2988.99	3	2988.99	-6	2988.99	0
2989.99	2	2989.99	-8	2989.99	0
2990.99	1	2990.99	-8	2990.99	0
2991.99	1	2991.99	-8	2991.99	0
2993	1	2993	-7	2993	0
2994	0	2994	-7	2994	0
2995	0	2995	-8	2995	0
2996	0	2996	-9	2996	0
2997	0	2997	-9	2997	0
2998	0	2998	-9	2998	0
2999	0	2999	-8	2999	0
