Time (HH:MM:SS) - Plot 0	RFU - Plot 0	Time (HH:MM:SS) - Plot 1	RFU - Plot 1	Time (HH:MM:SS) - Plot 2	RFU - Plot 2
0	0	0	0	0	0
1.00067	0	1.00067	0	1.00067	0
2.00133	1	2.00133	0	2.00133	0
3.002	1	3.002	0	3.002	0
4.00267	3	4.00267	1	4.00267	0
5.00334	6	5.00334	1	5.00334	0
6.004	9	6.004	1	6.004	0
7.00467	10	7.00467	1	7.00467	0
8.00534	9	8.00534	2	8.00534	0
9.006	8	9.006	3	9.006	0
10.0067	7	10.0067	4	10.0067	1
11.0073	7	11.0073	4	11.0073	1
12.008	8	12.008	5	12.008	1
13.0087	8	13.0087	6	13.0087	1
14.0093	7	14.0093	7	14.0093	1
15.01	4	15.01	7	15.01	1
16.0107	2	16.0107	6	16.0107	1
17.0113	1	17.0113	7	17.0113	1
18.012	2	18.012	8	18.012	2
19.0127	5	19.0127	8	19.0127	2
20.0133	8	20.0133	8	20.0133	3
21.014	10	21.014	6	21.014	3
22.0147	11	22.0147	4	22.0147	3
23.0153	11	23.0153	4	23.0153	3
24.016	10	24.016	5	24.016	4
25.0167	10	25.0167	6	25.0167	4
26.0173	10	26.0173	7	26.0173	3
27.018	9	27.018	8	27.018	3
28.0187	8	28.0187	9	28.0187	3
29.0193	5	29.0193	9	29.0193	3
30.02	4	30.02	9	30.02	3
31.0207	3	31.0207	10	31.0207	3
32.0213	4	32.0213	10	32.0213	5
33.022	4	33.022	11	33.022	6
34.0227	6	34.0227	12	34.0227	5
35.0233	8	35.0233	11	35.0233	4
36.024	9	36.024	10	36.024	2
37.0247	9	37.0247	9	37.0247	1
38.0254	9	38.0254	8	38.0254	1
39.026	9	39.026	8	39.026	1
40.0267	9	40.0267	8	40.0267	2
41.0274	12	41.0274	8	41.0274	1
42.028	16	42.028	9	42.028	1
43.0287	22	43.0287	10	43.0287	1
44.0294	27	44.0294	10	44.0294	1
45.03	30	45.03	9	45.03	2
46.0307	32	46.0307	9	46.0307	1
47.0314	36	47.0314	9	47.0314	0
48.032	40	48.032	9	48.032	0
49.0327	43	49.0327	9	49.0327	1
50.0334	47	50.0334	8	50.0334	2
51.034	50	51.034	7	51.034	2
52.0347	51	52.0347	8	52.0347	2
53.0354	52	53.0354	9	53.0354	1
54.036	51	54.036	10	54.036	0
55.0367	51	55.0367	10	55.0367	0
56.0374	50	56.0374	9	56.0374	0
57.038	49	57.038	8	57.038	1
58.0387	48	58.0387	8	58.0387	2
59.0394	49	59.0394	8	59.0394	3
60.04	50	60.04	8	60.04	4
61.0407	49	61.0407	8	61.0407	5
62.0414	49	62.0414	8	62.0414	5
63.042	49	63.042	7	63.042	5
64.0427	49	64.0427	6	64.0427	4
65.0434	51	65.0434	5	65.0434	4
66.044	52	66.044	6	66.044	4
67.0447	53	67.0447	7	67.0447	4
68.0454	53	68.0454	7	68.0454	3
69.046	53	69.046	6	69.046	3
70.0467	55	70.0467	4	70.0467	3
71.0474	57	71.0474	3	71.0474	3
72.048	57	72.048	2	72.048	3
73.0487	56	73.0487	1	73.0487	4
74.0494	57	74.0494	2	74.0494	4
75.05	58	75.05	2	75.05	4
76.0507	60	76.0507	3	76.0507	4
77.0514	61	77.0514	3	77.0514	4
78.052	63	78.052	4	78.052	3
79.0527	67	79.0527	4	79.0527	3
80.0534	73	80.0534	4	80.0534	3
81.054	78	81.054	4	81.054	3
82.0547	80	82.0547	5	82.0547	2
83.0554	77	83.0554	5	83.0554	2
84.056	75	84.056	4	84.056	2
85.0567	70	85.0567	5	85.0567	2
86.0574	67	86.0574	6	86.0574	1
87.058	67	87.058	6	87.058	1
88.0587	66	88.0587	6	88.0587	2
89.0594	65	89.0594	6	89.0594	2
90.06	65	90.06	6	90.06	3
91.0607	67	91.0607	5	91.0607	4
92.0614	69	92.0614	5	92.0614	3
93.062	72	93.062	5	93.062	2
94.0627	73	94.0627	4	94.0627	1
95.0634	74	95.0634	4	95.0634	0
96.064	74	96.064	4	96.064	0
97.0647	73	97.0647	5	97.0647	1
98.0654	73	98.0654	6	98.0654	2
99.066	72	99.066	6	99.066	2
100.067	72	100.067	7	100.067	2
101.067	70	101.067	7	101.067	1
102.068	67	102.068	7	102.068	0
103.069	64	103.069	7	103.069	0
104.069	61	104.069	6	104.069	0
105.07	60	105.07	7	105.07	0
106.071	63	106.071	7	106.071	0
107.071	69	107.071	7	107.071	0
108.072	72	108.072	7	108.072	0
109.073	69	109.073	6	109.073	0
110.073	65	110.073	5	110.073	0
111.074	63	111.074	5	111.074	0
112.075	63	112.075	6	112.075	0
113.075	62	113.075	7	113.075	0
114.076	59	114.076	7	114.076	0
115.077	56	115.077	7	115.077	1
116.077	53	116.077	7	116.077	1
117.078	51	117.078	8	117.078	2
118.079	52	118.079	8	118.079	2
119.079	53	119.079	7	119.079	1
120.08	54	120.08	5	120.08	1
121.081	51	121.081	4	121.081	0
122.081	48	122.081	4	122.081	0
123.082	46	123.082	5	123.082	1
124.083	46	124.083	6	124.083	1
125.083	48	125.083	7	125.083	1
126.084	47	126.084	8	126.084	1
127.085	43	127.085	8	127.085	2
128.085	41	128.085	8	128.085	3
129.086	39	129.086	8	129.086	2
130.087	36	130.087	8	130.087	2
131.087	34	131.087	8	131.087	1
132.088	32	132.088	7	132.088	1
133.089	29	133.089	8	133.089	1
134.089	26	134.089	8	134.089	1
135.09	24	135.09	8	135.09	1
136.091	21	136.091	9	136.091	1
137.091	20	137.091	9	137.091	2
138.092	17	138.092	9	138.092	3
139.093	13	139.093	9	139.093	3
140.093	8	140.093	8	140.093	3
141.094	4	141.094	7	141.094	2
142.095	3	142.095	7	142.095	2
143.095	2	143.095	8	143.095	2
144.096	2	144.096	8	144.096	2
145.097	2	145.097	8	145.097	1
146.097	1	146.097	8	146.097	1
147.098	0	147.098	7	147.098	0
148.099	0	148.099	8	148.099	0
149.099	0	149.099	7	149.099	0
150.1	0	150.1	6	150.1	0
151.101	0	151.101	4	151.101	1
152.101	0	152.101	3	152.101	1
153.102	0	153.102	4	153.102	2
154.103	0	154.103	5	154.103	2
155.103	0	155.103	6	155.103	1
156.104	0	156.104	8	156.104	0
157.105	0	157.105	9	157.105	0
158.105	0	158.105	9	158.105	0
159.106	0	159.106	9	159.106	1
160.107	0	160.107	8	160.107	2
161.107	0	161.107	8	161.107	2
162.108	0	162.108	9	162.108	2
163.109	0	163.109	9	163.109	2
164.109	0	164.109	9	164.109	2
165.11	0	165.11	9	165.11	2
166.111	0	166.111	8	166.111	0
167.111	0	167.111	6	167.111	0
168.112	0	168.112	5	168.112	0
169.113	0	169.113	4	169.113	0
170.113	0	170.113	4	170.113	0
171.114	1	171.114	4	171.114	0
172.115	2	172.115	4	172.115	0
173.115	2	173.115	4	173.115	1
174.116	3	174.116	4	174.116	1
175.117	3	175.117	4	175.117	1
176.117	4	176.117	5	176.117	1
177.118	4	177.118	6	177.118	0
178.119	5	178.119	7	178.119	0
179.119	5	179.119	7	179.119	0
180.12	5	180.12	6	180.12	0
181.121	5	181.121	6	181.121	0
182.121	4	182.121	6	182.121	0
183.122	3	183.122	6	183.122	0
184.123	4	184.123	6	184.123	0
185.123	5	185.123	6	185.123	0
186.124	5	186.124	6	186.124	0
187.125	5	187.125	5	187.125	0
188.125	5	188.125	4	188.125	0
189.126	4	189.126	4	189.126	0
190.127	3	190.127	4	190.127	0
191.127	4	191.127	4	191.127	0
192.128	5	192.128	4	192.128	0
193.129	5	193.129	4	193.129	0
194.129	3	194.129	4	194.129	1
195.13	1	195.13	5	195.13	1
196.131	1	196.131	6	196.131	1
197.131	1	197.131	6	197.131	1
198.132	1	198.132	5	198.132	2
199.133	0	199.133	5	199.133	4
200.133	0	200.133	4	200.133	5
201.134	0	201.134	4	201.134	5
202.135	0	202.135	5	202.135	4
203.135	1	203.135	5	203.135	4
204.136	1	204.136	5	204.136	4
205.137	2	205.137	4	205.137	3
206.137	1	206.137	3	206.137	3
207.138	2	207.138	3	207.138	2
208.139	2	208.139	3	208.139	3
209.139	2	209.139	3	209.139	3
210.14	2	210.14	4	210.14	3
211.141	1	211.141	4	211.141	3
212.141	0	212.141	4	212.141	3
213.142	0	213.142	5	213.142	3
214.143	0	214.143	4	214.143	3
215.143	0	215.143	4	215.143	3
216.144	0	216.144	4	216.144	3
217.145	0	217.145	4	217.145	3
218.145	0	218.145	4	218.145	3
219.146	0	219.146	4	219.146	3
220.147	0	220.147	3	220.147	3
221.147	0	221.147	4	221.147	3
222.148	0	222.148	4	222.148	4
223.149	0	223.149	5	223.149	4
224.149	0	224.149	5	224.149	4
225.15	0	225.15	5	225.15	5
226.151	0	226.151	4	226.151	5
227.151	0	227.151	3	227.151	5
228.152	0	228.152	2	228.152	5
229.153	0	229.153	1	229.153	4
230.153	0	230.153	1	230.153	4
231.154	0	231.154	1	231.154	4
232.155	0	232.155	1	232.155	4
233.155	0	233.155	0	233.155	4
234.156	0	234.156	0	234.156	3
235.157	1	235.157	0	235.157	3
236.157	3	236.157	1	236.157	2
237.158	3	237.158	2	237.158	2
238.159	2	238.159	2	238.159	2
239.159	1	239.159	2	239.159	3
240.16	1	240.16	2	240.16	3
241.161	1	241.161	1	241.161	2
242.161	1	242.161	0	242.161	1
243.162	1	243.162	0	243.162	0
244.163	0	244.163	0	244.163	0
245.163	0	245.163	0	245.163	1
246.164	0	246.164	0	246.164	3
247.165	0	247.165	0	247.165	3
248.165	1	248.165	1	248.165	4
249.166	3	249.166	1	249.166	4
250.167	3	250.167	2	250.167	4
251.167	4	251.167	2	251.167	5
252.168	4	252.168	2	252.168	5
253.169	5	253.169	3	253.169	5
254.169	5	254.169	3	254.169	5
255.17	3	255.17	4	255.17	4
256.171	1	256.171	4	256.171	3
257.171	1	257.171	4	257.171	3
258.172	1	258.172	4	258.172	3
259.173	2	259.173	3	259.173	3
260.173	2	260.173	2	260.173	4
261.174	2	261.174	2	261.174	4
262.175	3	262.175	3	262.175	5
263.175	3	263.175	3	263.175	5
264.176	3	264.176	3	264.176	4
265.177	3	265.177	3	265.177	4
266.177	3	266.177	3	266.177	3
267.178	2	267.178	3	267.178	3
268.179	2	268.179	2	268.179	3
269.179	1	269.179	1	269.179	3
270.18	0	270.18	1	270.18	4
271.181	0	271.181	1	271.181	4
272.181	0	272.181	2	272.181	4
273.182	0	273.182	3	273.182	4
274.183	0	274.183	3	274.183	3
275.183	0	275.183	3	275.183	3
276.184	0	276.184	3	276.184	3
277.185	0	277.185	3	277.185	2
278.185	0	278.185	3	278.185	2
279.186	0	279.186	3	279.186	2
280.187	0	280.187	3	280.187	3
281.187	0	281.187	3	281.187	3
282.188	0	282.188	3	282.188	2
283.189	-1	283.189	2	283.189	1
284.189	-2	284.189	2	284.189	0
285.19	-1	285.19	1	285.19	0
286.191	-1	286.191	1	286.191	0
287.191	-1	287.191	2	287.191	0
288.192	-1	288.192	2	288.192	0
289.193	-2	289.193	2	289.193	0
290.193	-2	290.193	1	290.193	1
291.194	-2	291.194	0	291.194	1
292.195	-1	292.195	0	292.195	2
293.195	-1	293.195	0	293.195	2
294.196	0	294.196	0	294.196	2
295.197	0	295.197	0	295.197	2
296.197	-2	296.197	0	296.197	2
297.198	-4	297.198	0	297.198	3
298.199	-5	298.199	0	298.199	4
299.199	-6	299.199	0	299.199	4
300.2	-7	300.2	0	300.2	4
301.201	-7	301.201	0	301.201	3
302.201	-6	302.201	0	302.201	2
303.202	-5	303.202	0	303.202	2
304.203	-4	304.203	0	304.203	3
305.203	-4	305.203	0	305.203	3
306.204	-4	306.204	0	306.204	3
307.205	-6	307.205	0	307.205	3
308.205	-7	308.205	0	308.205	2
309.206	-7	309.206	0	309.206	2
310.207	-4	310.207	0	310.207	2
311.207	-2	311.207	1	311.207	2
312.208	-2	312.208	1	312.208	3
313.209	-3	313.209	2	313.209	3
314.209	-4	314.209	2	314.209	3
315.21	-4	315.21	2	315.21	3
316.211	-3	316.211	2	316.211	3
317.211	-2	317.211	2	317.211	2
318.212	-1	318.212	2	318.212	1
319.213	0	319.213	2	319.213	1
320.213	0	320.213	2	320.213	3
321.214	0	321.214	2	321.214	4
322.215	-1	322.215	2	322.215	4
323.215	-1	323.215	2	323.215	3
324.216	-1	324.216	2	324.216	3
325.217	-1	325.217	2	325.217	2
326.217	-1	326.217	2	326.217	1
327.218	-1	327.218	1	327.218	1
328.219	0	328.219	2	328.219	2
329.219	0	329.219	3	329.219	2
330.22	-1	330.22	3	330.22	2
331.221	-3	331.221	4	331.221	1
332.221	-3	332.221	3	332.221	0
333.222	-3	333.222	3	333.222	0
334.223	-2	334.223	2	334.223	0
335.223	-1	335.223	1	335.223	0
336.224	-1	336.224	1	336.224	0
337.225	-1	337.225	1	337.225	0
338.225	0	338.225	1	338.225	0
339.226	0	339.226	1	339.226	1
340.227	0	340.227	1	340.227	1
341.227	0	341.227	1	341.227	1
342.228	0	342.228	0	342.228	1
343.229	0	343.229	0	343.229	2
344.229	0	344.229	0	344.229	2
345.23	0	345.23	0	345.23	2
346.231	0	346.231	0	346.231	2
347.231	0	347.231	0	347.231	1
348.232	1	348.232	0	348.232	1
349.233	1	349.233	0	349.233	1
350.233	1	350.233	0	350.233	2
351.234	1	351.234	0	351.234	2
352.235	1	352.235	0	352.235	2
353.235	2	353.235	0	353.235	2
354.236	2	354.236	0	354.236	2
355.237	2	355.237	0	355.237	2
356.237	1	356.237	1	356.237	2
357.238	0	357.238	1	357.238	2
358.239	0	358.239	2	358.239	2
359.239	1	359.239	2	359.239	2
360.24	3	360.24	2	360.24	1
361.241	3	361.241	2	361.241	1
362.241	3	362.241	1	362.241	0
363.242	3	363.242	1	363.242	0
364.243	3	364.243	1	364.243	0
365.243	2	365.243	1	365.243	1
366.244	1	366.244	1	366.244	1
367.245	1	367.245	2	367.245	2
368.245	3	368.245	2	368.245	2
369.246	4	369.246	2	369.246	2
370.247	4	370.247	2	370.247	1
371.247	4	371.247	2	371.247	0
372.248	5	372.248	2	372.248	0
373.249	6	373.249	1	373.249	0
374.249	6	374.249	1	374.249	0
375.25	4	375.25	1	375.25	1
376.251	2	376.251	1	376.251	1
377.252	0	377.252	2	377.252	1
378.252	0	378.252	2	378.252	1
379.253	1	379.253	1	379.253	1
380.254	3	380.254	0	380.254	1
381.254	5	381.254	0	381.254	1
382.255	7	382.255	0	382.255	2
383.256	7	383.256	0	383.256	3
384.256	5	384.256	0	384.256	2
385.257	3	385.257	0	385.257	1
386.258	2	386.258	0	386.258	0
387.258	1	387.258	0	387.258	0
388.259	0	388.259	0	388.259	1
389.26	0	389.26	0	389.26	3
390.26	0	390.26	0	390.26	3
391.261	0	391.261	0	391.261	3
392.262	0	392.262	1	392.262	2
393.262	0	393.262	3	393.262	2
394.263	0	394.263	3	394.263	2
395.264	0	395.264	3	395.264	1
396.264	0	396.264	3	396.264	1
397.265	0	397.265	2	397.265	1
398.266	0	398.266	1	398.266	1
399.266	0	399.266	1	399.266	1
400.267	0	400.267	0	400.267	1
401.268	-2	401.268	0	401.268	2
402.268	-5	402.268	1	402.268	2
403.269	-6	403.269	2	403.269	2
404.27	-7	404.27	3	404.27	2
405.27	-7	405.27	3	405.27	2
406.271	-7	406.271	2	406.271	2
407.272	-7	407.272	2	407.272	2
408.272	-7	408.272	2	408.272	1
409.273	-6	409.273	2	409.273	0
410.274	-5	410.274	2	410.274	0
411.274	-4	411.274	1	411.274	0
412.275	-5	412.275	1	412.275	1
413.276	-6	413.276	1	413.276	1
414.276	-7	414.276	1	414.276	1
415.277	-8	415.277	1	415.277	1
416.278	-8	416.278	1	416.278	1
417.278	-7	417.278	1	417.278	1
418.279	-7	418.279	0	418.279	1
419.28	-7	419.28	0	419.28	1
420.28	-7	420.28	0	420.28	1
421.281	-7	421.281	1	421.281	1
422.282	-7	422.282	2	422.282	1
423.282	-6	423.282	1	423.282	0
424.283	-5	424.283	1	424.283	0
425.284	-4	425.284	1	425.284	0
426.284	-4	426.284	2	426.284	0
427.285	-4	427.285	2	427.285	0
428.286	-6	428.286	1	428.286	0
429.286	-7	429.286	1	429.286	0
430.287	-7	430.287	0	430.287	0
431.288	-6	431.288	0	431.288	0
432.288	-5	432.288	0	432.288	0
433.289	-6	433.289	0	433.289	0
434.29	-8	434.29	0	434.29	0
435.29	-8	435.29	0	435.29	0
436.291	-7	436.291	0	436.291	1
437.292	-7	437.292	0	437.292	1
438.292	-7	438.292	0	438.292	2
439.293	-7	439.293	0	439.293	2
440.294	-7	440.294	0	440.294	3
441.294	-7	441.294	0	441.294	3
442.295	-7	442.295	0	442.295	3
443.296	-7	443.296	0	443.296	3
444.296	-6	444.296	1	444.296	2
445.297	-5	445.297	1	445.297	2
446.298	-5	446.298	2	446.298	1
447.298	-4	447.298	2	447.298	1
448.299	-4	448.299	2	448.299	1
449.3	-4	449.3	2	449.3	0
450.3	-5	450.3	2	450.3	0
451.301	-5	451.301	3	451.301	0
452.302	-5	452.302	3	452.302	0
453.302	-5	453.302	2	453.302	0
454.303	-6	454.303	2	454.303	1
455.304	-6	455.304	2	455.304	1
456.304	-6	456.304	2	456.304	1
457.305	-6	457.305	2	457.305	0
458.306	-5	458.306	2	458.306	0
459.306	-4	459.306	2	459.306	0
460.307	-4	460.307	2	460.307	1
461.308	-4	461.308	2	461.308	2
462.308	-4	462.308	2	462.308	2
463.309	-3	463.309	2	463.309	3
464.31	-2	464.31	2	464.31	3
465.31	-1	465.31	2	465.31	3
466.311	0	466.311	1	466.311	3
467.312	0	467.312	0	467.312	2
468.312	-1	468.312	0	468.312	1
469.313	-1	469.313	1	469.313	1
470.314	0	470.314	2	470.314	1
471.314	0	471.314	2	471.314	1
472.315	0	472.315	2	472.315	1
473.316	0	473.316	1	473.316	1
474.316	0	474.316	0	474.316	1
475.317	0	475.317	0	475.317	1
476.318	0	476.318	0	476.318	1
477.318	-1	477.318	0	477.318	1
478.319	-2	478.319	0	478.319	0
479.32	-3	479.32	0	479.32	0
480.32	-4	480.32	0	480.32	0
481.321	-4	481.321	0	481.321	0
482.322	-4	482.322	0	482.322	0
483.322	-5	483.322	0	483.322	0
484.323	-5	484.323	0	484.323	0
485.324	-4	485.324	0	485.324	0
486.324	-2	486.324	0	486.324	0
487.325	-2	487.325	0	487.325	0
488.326	-2	488.326	-1	488.326	0
489.326	-2	489.326	-1	489.326	0
490.327	-1	490.327	-1	490.327	0
491.328	-1	491.328	-1	491.328	1
492.328	-2	492.328	0	492.328	1
493.329	-3	493.329	0	493.329	0
494.33	-3	494.33	0	494.33	1
495.33	-3	495.33	-1	495.33	0
496.331	-3	496.331	-1	496.331	0
497.332	-2	497.332	0	497.332	1
498.332	-2	498.332	0	498.332	1
499.333	-1	499.333	0	499.333	1
500.334	-1	500.334	-1	500.334	1
501.334	0	501.334	0	501.334	1
502.335	0	502.335	0	502.335	1
503.336	0	503.336	0	503.336	2
504.336	0	504.336	0	504.336	1
505.337	0	505.337	0	505.337	1
506.338	1	506.338	0	506.338	1
507.338	2	507.338	0	507.338	1
508.339	3	508.339	0	508.339	1
509.34	4	509.34	0	509.34	1
510.34	5	510.34	0	510.34	1
511.341	5	511.341	0	511.341	0
512.342	5	512.342	0	512.342	0
513.342	4	513.342	0	513.342	1
514.343	4	514.343	0	514.343	1
515.344	3	515.344	0	515.344	1
516.344	1	516.344	0	516.344	0
517.345	0	517.345	0	517.345	0
518.346	0	518.346	0	518.346	1
519.346	1	519.346	0	519.346	2
520.347	1	520.347	0	520.347	3
521.348	2	521.348	0	521.348	3
522.348	3	522.348	0	522.348	4
523.349	3	523.349	0	523.349	4
524.35	2	524.35	0	524.35	4
525.35	1	525.35	0	525.35	4
526.351	1	526.351	0	526.351	4
527.352	0	527.352	0	527.352	3
528.352	0	528.352	1	528.352	3
529.353	0	529.353	1	529.353	3
530.354	0	530.354	2	530.354	2
531.354	0	531.354	2	531.354	1
532.355	0	532.355	3	532.355	1
533.356	1	533.356	4	533.356	2
534.356	1	534.356	4	534.356	2
535.357	1	535.357	4	535.357	2
536.358	1	536.358	4	536.358	2
537.358	1	537.358	4	537.358	3
538.359	1	538.359	4	538.359	4
539.36	2	539.36	4	539.36	4
540.36	2	540.36	4	540.36	3
541.361	1	541.361	4	541.361	3
542.362	0	542.362	4	542.362	3
543.362	0	543.362	3	543.362	2
544.363	0	544.363	3	544.363	2
545.364	0	545.364	4	545.364	2
546.364	0	546.364	5	546.364	2
547.365	0	547.365	5	547.365	3
548.366	0	548.366	6	548.366	3
549.366	-1	549.366	6	549.366	4
550.367	-1	550.367	5	550.367	4
551.368	-1	551.368	5	551.368	4
552.368	-1	552.368	5	552.368	4
553.369	-2	553.369	4	553.369	3
554.37	-3	554.37	4	554.37	2
555.37	-2	555.37	3	555.37	2
556.371	-2	556.371	3	556.371	1
557.372	-2	557.372	2	557.372	1
558.372	-2	558.372	2	558.372	1
559.373	-2	559.373	3	559.373	2
560.374	-2	560.374	4	560.374	3
561.374	-4	561.374	4	561.374	3
562.375	-5	562.375	3	562.375	3
563.376	-5	563.376	1	563.376	2
564.376	-5	564.376	1	564.376	2
565.377	-4	565.377	0	565.377	1
566.378	-3	566.378	0	566.378	2
567.378	-2	567.378	0	567.378	2
568.379	-2	568.379	1	568.379	1
569.38	-3	569.38	2	569.38	1
570.38	-3	570.38	3	570.38	1
571.381	-3	571.381	3	571.381	1
572.382	-3	572.382	2	572.382	0
573.382	-1	573.382	2	573.382	0
574.383	0	574.383	3	574.383	0
575.384	0	575.384	3	575.384	1
576.384	0	576.384	3	576.384	3
577.385	0	577.385	3	577.385	4
578.386	0	578.386	3	578.386	4
579.386	0	579.386	3	579.386	4
580.387	0	580.387	3	580.387	3
581.388	0	581.388	2	581.388	3
582.388	0	582.388	2	582.388	4
583.389	0	583.389	2	583.389	4
584.39	1	584.39	2	584.39	4
585.39	1	585.39	2	585.39	3
586.391	0	586.391	2	586.391	2
587.392	0	587.392	2	587.392	2
588.392	1	588.392	2	588.392	2
589.393	2	589.393	2	589.393	2
590.394	2	590.394	3	590.394	2
591.394	1	591.394	3	591.394	2
592.395	1	592.395	3	592.395	2
593.396	1	593.396	3	593.396	1
594.396	1	594.396	2	594.396	0
595.397	2	595.397	1	595.397	0
596.398	2	596.398	1	596.398	1
597.398	2	597.398	2	597.398	2
598.399	1	598.399	2	598.399	3
599.4	0	599.4	1	599.4	3
600.4	1	600.4	1	600.4	3
601.401	1	601.401	0	601.401	2
602.402	2	602.402	0	602.402	2
603.402	2	603.402	0	603.402	3
604.403	2	604.403	0	604.403	3
605.404	1	605.404	1	605.404	3
606.404	1	606.404	1	606.404	3
607.405	2	607.405	1	607.405	2
608.406	3	608.406	1	608.406	2
609.406	3	609.406	1	609.406	2
610.407	3	610.407	1	610.407	2
611.408	3	611.408	1	611.408	2
612.408	4	612.408	1	612.408	2
613.409	4	613.409	1	613.409	2
614.41	4	614.41	1	614.41	2
615.41	3	615.41	0	615.41	2
616.411	2	616.411	0	616.411	1
617.412	2	617.412	0	617.412	1
618.412	2	618.412	0	618.412	1
619.413	3	619.413	0	619.413	3
620.414	4	620.414	0	620.414	4
621.414	4	621.414	-1	621.414	3
622.415	4	622.415	-1	622.415	3
623.416	2	623.416	-1	623.416	3
624.416	1	624.416	-2	624.416	2
625.417	0	625.417	-2	625.417	1
626.418	0	626.418	-3	626.418	1
627.418	0	627.418	-3	627.418	1
628.419	1	628.419	-2	628.419	2
629.42	1	629.42	-1	629.42	2
630.42	1	630.42	-1	630.42	2
631.421	1	631.421	-1	631.421	2
632.422	2	632.422	0	632.422	1
633.422	2	633.422	0	633.422	1
634.423	1	634.423	0	634.423	0
635.424	0	635.424	0	635.424	1
636.424	0	636.424	0	636.424	1
637.425	1	637.425	0	637.425	1
638.426	2	638.426	0	638.426	2
639.426	1	639.426	0	639.426	1
640.427	0	640.427	0	640.427	1
641.428	0	641.428	0	641.428	1
642.428	1	642.428	0	642.428	1
643.429	2	643.429	0	643.429	1
644.43	4	644.43	0	644.43	1
645.43	5	645.43	0	645.43	2
646.431	4	646.431	0	646.431	2
647.432	3	647.432	1	647.432	2
648.432	2	648.432	1	648.432	2
649.433	2	649.433	1	649.433	2
650.434	1	650.434	1	650.434	2
651.434	0	651.434	1	651.434	1
652.435	0	652.435	1	652.435	1
653.436	1	653.436	1	653.436	1
654.436	1	654.436	1	654.436	1
655.437	2	655.437	1	655.437	1
656.438	1	656.438	0	656.438	1
657.438	1	657.438	0	657.438	2
658.439	1	658.439	1	658.439	2
659.44	1	659.44	1	659.44	2
660.44	2	660.44	1	660.44	1
661.441	2	661.441	1	661.441	0
662.442	2	662.442	1	662.442	0
663.442	1	663.442	1	663.442	1
664.443	2	664.443	1	664.443	1
665.444	2	665.444	1	665.444	1
666.444	2	666.444	1	666.444	0
667.445	2	667.445	1	667.445	0
668.446	2	668.446	2	668.446	0
669.446	2	669.446	1	669.446	1
670.447	2	670.447	1	670.447	0
671.448	1	671.448	0	671.448	0
672.448	0	672.448	0	672.448	0
673.449	0	673.449	0	673.449	0
674.45	1	674.45	0	674.45	0
675.45	2	675.45	1	675.45	1
676.451	3	676.451	1	676.451	1
677.452	2	677.452	2	677.452	0
678.452	1	678.452	1	678.452	0
679.453	0	679.453	0	679.453	0
680.454	1	680.454	0	680.454	0
681.454	2	681.454	0	681.454	0
682.455	3	682.455	0	682.455	0
683.456	3	683.456	0	683.456	0
684.456	2	684.456	0	684.456	0
685.457	1	685.457	0	685.457	0
686.458	1	686.458	0	686.458	0
687.458	2	687.458	0	687.458	0
688.459	4	688.459	0	688.459	0
689.46	5	689.46	0	689.46	0
690.46	5	690.46	0	690.46	0
691.461	4	691.461	0	691.461	1
692.462	3	692.462	0	692.462	2
693.462	4	693.462	0	693.462	3
694.463	4	694.463	0	694.463	4
695.464	5	695.464	0	695.464	4
696.464	5	696.464	0	696.464	3
697.465	4	697.465	0	697.465	2
698.466	2	698.466	1	698.466	2
699.466	1	699.466	1	699.466	1
700.467	0	700.467	1	700.467	1
701.468	0	701.468	2	701.468	1
702.468	1	702.468	2	702.468	1
703.469	1	703.469	2	703.469	1
704.47	3	704.47	2	704.47	2
705.47	3	705.47	2	705.47	2
706.471	3	706.471	2	706.471	2
707.472	3	707.472	3	707.472	2
708.472	3	708.472	3	708.472	2
709.473	2	709.473	2	709.473	1
710.474	1	710.474	2	710.474	1
711.474	1	711.474	1	711.474	0
712.475	3	712.475	2	712.475	1
713.476	4	713.476	2	713.476	1
714.476	3	714.476	2	714.476	1
715.477	3	715.477	2	715.477	1
716.478	2	716.478	2	716.478	1
717.478	2	717.478	2	717.478	1
718.479	1	718.479	3	718.479	1
719.48	1	719.48	3	719.48	1
720.48	1	720.48	3	720.48	1
721.481	2	721.481	3	721.481	2
722.482	2	722.482	3	722.482	2
723.482	3	723.482	3	723.482	2
724.483	3	724.483	2	724.483	2
725.484	3	725.484	2	725.484	1
726.484	3	726.484	2	726.484	1
727.485	1	727.485	2	727.485	1
728.486	0	728.486	2	728.486	1
729.486	0	729.486	2	729.486	1
730.487	0	730.487	1	730.487	1
731.488	0	731.488	1	731.488	2
732.488	0	732.488	1	732.488	2
733.489	0	733.489	1	733.489	3
734.49	1	734.49	1	734.49	3
735.49	2	735.49	1	735.49	3
736.491	2	736.491	1	736.491	1
737.492	3	737.492	0	737.492	1
738.492	3	738.492	0	738.492	0
739.493	3	739.493	0	739.493	1
740.494	2	740.494	1	740.494	1
741.494	1	741.494	0	741.494	1
742.495	0	742.495	0	742.495	1
743.496	0	743.496	0	743.496	1
744.496	0	744.496	0	744.496	2
745.497	2	745.497	0	745.497	2
746.498	3	746.498	0	746.498	1
747.498	3	747.498	0	747.498	1
748.499	3	748.499	0	748.499	1
749.5	2	749.5	0	749.5	1
750.5	1	750.5	0	750.5	1
751.501	1	751.501	0	751.501	1
752.502	3	752.502	0	752.502	1
753.502	3	753.502	0	753.502	2
754.503	2	754.503	0	754.503	3
755.504	1	755.504	0	755.504	2
756.504	1	756.504	0	756.504	2
757.505	2	757.505	0	757.505	1
758.506	2	758.506	0	758.506	1
759.506	2	759.506	0	759.506	2
760.507	2	760.507	0	760.507	3
761.508	2	761.508	0	761.508	3
762.508	2	762.508	0	762.508	3
763.509	2	763.509	0	763.509	3
764.51	3	764.51	0	764.51	2
765.51	3	765.51	0	765.51	2
766.511	3	766.511	0	766.511	1
767.512	3	767.512	0	767.512	2
768.512	3	768.512	0	768.512	3
769.513	3	769.513	0	769.513	3
770.514	3	770.514	0	770.514	3
771.514	4	771.514	0	771.514	3
772.515	4	772.515	0	772.515	3
773.516	4	773.516	0	773.516	3
774.516	4	774.516	0	774.516	3
775.517	4	775.517	0	775.517	3
776.518	3	776.518	0	776.518	3
777.518	3	777.518	0	777.518	3
778.519	3	778.519	0	778.519	3
779.52	2	779.52	0	779.52	3
780.52	2	780.52	0	780.52	3
781.521	2	781.521	0	781.521	3
782.522	2	782.522	-1	782.522	3
783.522	2	783.522	-1	783.522	3
784.523	3	784.523	-2	784.523	3
785.524	3	785.524	-2	785.524	3
786.524	3	786.524	-1	786.524	3
787.525	3	787.525	-1	787.525	2
788.526	4	788.526	-1	788.526	1
789.526	3	789.526	-1	789.526	0
790.527	3	790.527	-1	790.527	0
791.528	2	791.528	-1	791.528	1
792.528	1	792.528	0	792.528	2
793.529	1	793.529	0	793.529	3
794.53	1	794.53	0	794.53	3
795.53	2	795.53	-1	795.53	3
796.531	3	796.531	-1	796.531	3
797.532	3	797.532	-1	797.532	3
798.532	2	798.532	-1	798.532	3
799.533	0	799.533	-1	799.533	2
800.534	0	800.534	-1	800.534	2
801.534	0	801.534	-1	801.534	2
802.535	1	802.535	-1	802.535	3
803.536	2	803.536	-1	803.536	2
804.536	3	804.536	-1	804.536	2
805.537	3	805.537	-1	805.537	1
806.538	3	806.538	-2	806.538	0
807.538	2	807.538	-2	807.538	0
808.539	1	808.539	-2	808.539	1
809.54	0	809.54	-2	809.54	2
810.54	0	810.54	-2	810.54	2
811.541	0	811.541	-2	811.541	3
812.542	0	812.542	-2	812.542	3
813.542	0	813.542	-2	813.542	3
814.543	1	814.543	-2	814.543	2
815.544	2	815.544	-1	815.544	2
816.544	2	816.544	-1	816.544	3
817.545	2	817.545	-1	817.545	3
818.546	1	818.546	-1	818.546	3
819.546	0	819.546	-2	819.546	3
820.547	0	820.547	-2	820.547	3
821.548	1	821.548	-2	821.548	3
822.548	0	822.548	-2	822.548	2
823.549	0	823.549	-2	823.549	2
824.55	1	824.55	-1	824.55	2
825.55	2	825.55	-1	825.55	2
826.551	2	826.551	0	826.551	2
827.552	2	827.552	0	827.552	2
828.552	1	828.552	0	828.552	1
829.553	1	829.553	0	829.553	1
830.554	1	830.554	-1	830.554	0
831.554	2	831.554	0	831.554	0
832.555	3	832.555	0	832.555	0
833.556	3	833.556	0	833.556	0
834.556	3	834.556	0	834.556	1
835.557	3	835.557	0	835.557	1
836.558	3	836.558	0	836.558	0
837.558	3	837.558	0	837.558	1
838.559	3	838.559	0	838.559	1
839.56	3	839.56	0	839.56	2
840.56	4	840.56	0	840.56	2
841.561	4	841.561	1	841.561	1
842.562	3	842.562	2	842.562	2
843.562	2	843.562	2	843.562	2
844.563	3	844.563	2	844.563	2
845.564	4	845.564	1	845.564	3
846.564	5	846.564	0	846.564	3
847.565	6	847.565	0	847.565	3
848.566	7	848.566	0	848.566	3
849.566	7	849.566	0	849.566	3
850.567	6	850.567	0	850.567	3
851.568	3	851.568	0	851.568	3
852.568	1	852.568	0	852.568	3
853.569	1	853.569	0	853.569	3
854.57	2	854.57	1	854.57	2
855.57	4	855.57	1	855.57	2
856.571	5	856.571	1	856.571	2
857.572	4	857.572	0	857.572	2
858.572	3	858.572	1	858.572	1
859.573	1	859.573	1	859.573	1
860.574	0	860.574	1	860.574	1
861.574	0	861.574	1	861.574	2
862.575	1	862.575	0	862.575	2
863.576	2	863.576	0	863.576	2
864.576	3	864.576	0	864.576	1
865.577	3	865.577	0	865.577	1
866.578	3	866.578	0	866.578	1
867.578	3	867.578	0	867.578	1
868.579	3	868.579	0	868.579	2
869.58	4	869.58	1	869.58	3
870.58	5	870.58	1	870.58	3
871.581	4	871.581	1	871.581	3
872.582	4	872.582	1	872.582	3
873.582	4	873.582	1	873.582	3
874.583	4	874.583	1	874.583	3
875.584	5	875.584	2	875.584	2
876.584	5	876.584	2	876.584	1
877.585	5	877.585	3	877.585	1
878.586	5	878.586	2	878.586	2
879.586	5	879.586	2	879.586	2
880.587	5	880.587	1	880.587	2
881.588	5	881.588	1	881.588	2
882.588	6	882.588	2	882.588	2
883.589	5	883.589	2	883.589	1
884.59	4	884.59	2	884.59	1
885.59	3	885.59	1	885.59	1
886.591	2	886.591	0	886.591	1
887.592	2	887.592	0	887.592	1
888.592	2	888.592	0	888.592	1
889.593	2	889.593	0	889.593	0
890.594	3	890.594	0	890.594	0
891.594	3	891.594	1	891.594	0
892.595	3	892.595	1	892.595	1
893.596	3	893.596	2	893.596	2
894.596	3	894.596	2	894.596	2
895.597	5	895.597	2	895.597	1
896.598	6	896.598	3	896.598	1
897.598	7	897.598	3	897.598	1
898.599	7	898.599	3	898.599	1
899.6	7	899.6	3	899.6	1
900.6	6	900.6	3	900.6	1
901.601	6	901.601	3	901.601	2
902.602	5	902.602	2	902.602	2
903.602	4	903.602	2	903.602	2
904.603	3	904.603	1	904.603	2
905.604	3	905.604	1	905.604	2
906.604	3	906.604	1	906.604	2
907.605	3	907.605	1	907.605	2
908.606	3	908.606	1	908.606	1
909.606	2	909.606	1	909.606	1
910.607	3	910.607	1	910.607	1
911.608	3	911.608	1	911.608	1
912.608	3	912.608	0	912.608	1
913.609	3	913.609	0	913.609	1
914.61	3	914.61	0	914.61	1
915.61	2	915.61	1	915.61	1
916.611	1	916.611	1	916.611	2
917.612	0	917.612	1	917.612	2
918.612	0	918.612	1	918.612	2
919.613	1	919.613	1	919.613	2
920.614	1	920.614	2	920.614	2
921.614	1	921.614	2	921.614	2
922.615	1	922.615	2	922.615	2
923.616	2	923.616	2	923.616	2
924.616	3	924.616	2	924.616	3
925.617	4	925.617	2	925.617	3
926.618	4	926.618	2	926.618	4
927.618	5	927.618	3	927.618	5
928.619	6	928.619	3	928.619	6
929.62	6	929.62	4	929.62	6
930.62	6	930.62	4	930.62	6
931.621	6	931.621	5	931.621	8
932.622	7	932.622	6	932.622	10
933.622	9	933.622	8	933.622	12
934.623	12	934.623	11	934.623	15
935.624	17	935.624	15	935.624	19
936.624	23	936.624	21	936.624	25
937.625	31	937.625	29	937.625	32
938.626	39	938.626	38	938.626	42
939.626	52	939.626	58	939.626	62
940.627	86	940.627	116	940.627	117
941.628	191	941.628	278	941.628	275
942.628	458	942.628	641	942.628	642
943.629	971	943.629	1258	943.629	1277
944.63	1689	944.63	2003	944.63	2044
945.63	2354	945.63	2559	945.63	2598
946.631	2624	946.631	2623	946.631	2623
947.632	2356	947.632	2174	947.632	2121
948.632	1731	948.632	1488	948.632	1406
949.633	1086	949.633	888	949.633	812
950.634	638	950.634	521	950.634	469
951.634	415	951.634	357	951.634	329
952.635	342	952.635	308	952.635	297
953.636	341	953.636	309	953.636	305
954.636	362	954.636	324	954.636	318
955.637	381	955.637	338	955.637	325
956.638	396	956.638	352	956.638	327
957.638	417	957.638	372	957.638	331
958.639	445	958.639	394	958.639	337
959.64	465	959.64	407	959.64	336
960.64	460	960.64	399	960.64	324
961.641	427	961.641	371	961.641	302
962.642	379	962.642	332	962.642	273
963.642	332	963.642	289	963.642	241
964.643	291	964.643	246	964.643	210
965.644	257	965.644	206	965.644	179
966.644	225	966.644	170	966.644	150
967.645	210	967.645	139	967.645	123
968.646	194	968.646	115	968.646	99
969.646	164	969.646	96	969.646	81
970.647	136	970.647	81	970.647	68
971.648	111	971.648	70	971.648	60
972.648	92	972.648	63	972.648	57
973.649	78	973.649	60	973.649	55
974.65	69	974.65	58	974.65	52
975.65	64	975.65	57	975.65	52
976.651	61	976.651	57	976.651	51
977.652	61	977.652	56	977.652	50
978.652	61	978.652	53	978.652	48
979.653	59	979.653	48	979.653	44
980.654	55	980.654	42	980.654	38
981.654	50	981.654	36	981.654	33
982.655	44	982.655	33	982.655	29
983.656	38	983.656	30	983.656	26
984.656	33	984.656	28	984.656	25
985.657	29	985.657	27	985.657	24
986.658	26	986.658	27	986.658	25
987.658	23	987.658	26	987.658	26
988.659	22	988.659	26	988.659	25
989.66	21	989.66	25	989.66	24
990.66	19	990.66	24	990.66	23
991.661	18	991.661	23	991.661	21
992.662	16	992.662	23	992.662	20
993.662	14	993.662	23	993.662	20
994.663	12	994.663	22	994.663	19
995.664	11	995.664	20	995.664	17
996.664	11	996.664	18	996.664	15
997.665	10	997.665	15	997.665	13
998.666	10	998.666	14	998.666	12
999.666	10	999.666	12	999.666	11
1000.67	10	1000.67	11	1000.67	10
1001.67	10	1001.67	9	1001.67	9
1002.67	9	1002.67	8	1002.67	8
1003.67	8	1003.67	7	1003.67	7
1004.67	8	1004.67	7	1004.67	6
1005.67	7	1005.67	6	1005.67	5
1006.67	6	1006.67	5	1006.67	4
1007.67	7	1007.67	4	1007.67	3
1008.67	7	1008.67	3	1008.67	2
1009.67	7	1009.67	3	1009.67	1
1010.67	8	1010.67	2	1010.67	1
1011.67	8	1011.67	1	1011.67	1
1012.68	9	1012.68	0	1012.68	1
1013.68	10	1013.68	1	1013.68	1
1014.68	12	1014.68	1	1014.68	1
1015.68	13	1015.68	1	1015.68	1
1016.68	12	1016.68	1	1016.68	0
1017.68	9	1017.68	0	1017.68	0
1018.68	6	1018.68	0	1018.68	0
1019.68	4	1019.68	-1	1019.68	0
1020.68	3	1020.68	-1	1020.68	0
1021.68	3	1021.68	-1	1021.68	0
1022.68	4	1022.68	-1	1022.68	0
1023.68	4	1023.68	0	1023.68	0
1024.68	4	1024.68	0	1024.68	0
1025.68	3	1025.68	-1	1025.68	1
1026.68	1	1026.68	-1	1026.68	1
1027.69	1	1027.69	-2	1027.69	1
1028.69	1	1028.69	-1	1028.69	1
1029.69	0	1029.69	-1	1029.69	0
1030.69	-1	1030.69	-1	1030.69	0
1031.69	-1	1031.69	-1	1031.69	0
1032.69	-1	1032.69	-1	1032.69	1
1033.69	0	1033.69	0	1033.69	1
1034.69	2	1034.69	0	1034.69	1
1035.69	3	1035.69	0	1035.69	1
1036.69	4	1036.69	1	1036.69	1
1037.69	3	1037.69	1	1037.69	1
1038.69	3	1038.69	1	1038.69	2
1039.69	3	1039.69	1	1039.69	3
1040.69	4	1040.69	2	1040.69	4
1041.69	5	1041.69	2	1041.69	5
1042.7	6	1042.7	3	1042.7	5
1043.7	8	1043.7	3	1043.7	4
1044.7	9	1044.7	2	1044.7	4
1045.7	10	1045.7	2	1045.7	4
1046.7	10	1046.7	2	1046.7	0
1047.7	11	1047.7	1	1047.7	1
1048.7	11	1048.7	1	1048.7	1
1049.7	11	1049.7	0	1049.7	0
1050.7	11	1050.7	0	1050.7	1
1051.7	10	1051.7	-1	1051.7	1
1052.7	9	1052.7	-2	1052.7	1
1053.7	10	1053.7	-3	1053.7	1
1054.7	11	1054.7	-4	1054.7	1
1055.7	11	1055.7	-4	1055.7	0
1056.7	12	1056.7	-4	1056.7	0
1057.71	11	1057.71	-4	1057.71	0
1058.71	11	1058.71	-4	1058.71	0
1059.71	10	1059.71	-4	1059.71	0
1060.71	11	1060.71	-3	1060.71	1
1061.71	12	1061.71	-3	1061.71	1
1062.71	12	1062.71	-4	1062.71	1
1063.71	11	1063.71	-6	1063.71	1
1064.71	11	1064.71	-6	1064.71	1
1065.71	11	1065.71	-7	1065.71	1
1066.71	11	1066.71	-7	1066.71	0
1067.71	11	1067.71	-7	1067.71	-1
1068.71	13	1068.71	-7	1068.71	-1
1069.71	15	1069.71	-7	1069.71	-1
1070.71	16	1070.71	-8	1070.71	-1
1071.71	17	1071.71	-9	1071.71	-1
1072.72	16	1072.72	-9	1072.72	-1
1073.72	15	1073.72	-10	1073.72	-1
1074.72	15	1074.72	-10	1074.72	-1
1075.72	15	1075.72	-12	1075.72	-2
1076.72	13	1076.72	-13	1076.72	-2
1077.72	13	1077.72	-13	1077.72	-2
1078.72	14	1078.72	-13	1078.72	-2
1079.72	15	1079.72	-12	1079.72	-2
1080.72	15	1080.72	-12	1080.72	-2
1081.72	14	1081.72	-12	1081.72	-2
1082.72	14	1082.72	-13	1082.72	-2
1083.72	15	1083.72	-13	1083.72	-3
1084.72	16	1084.72	-14	1084.72	-3
1085.72	17	1085.72	-15	1085.72	-2
1086.72	17	1086.72	-16	1086.72	-2
1087.73	16	1087.73	-16	1087.73	-2
1088.73	15	1088.73	-15	1088.73	-2
1089.73	15	1089.73	-14	1089.73	-2
1090.73	15	1090.73	-13	1090.73	-2
1091.73	16	1091.73	-14	1091.73	-1
1092.73	18	1092.73	-14	1092.73	-1
1093.73	20	1093.73	-14	1093.73	-1
1094.73	22	1094.73	-14	1094.73	-1
1095.73	24	1095.73	-14	1095.73	-1
1096.73	25	1096.73	-14	1096.73	0
1097.73	25	1097.73	-15	1097.73	0
1098.73	25	1098.73	-14	1098.73	0
1099.73	25	1099.73	-14	1099.73	1
1100.73	25	1100.73	-14	1100.73	2
1101.73	26	1101.73	-14	1101.73	3
1102.74	26	1102.74	-13	1102.74	4
1103.74	27	1103.74	-13	1103.74	5
1104.74	29	1104.74	-13	1104.74	6
1105.74	31	1105.74	-13	1105.74	6
1106.74	31	1106.74	-13	1106.74	7
1107.74	33	1107.74	-12	1107.74	8
1108.74	35	1108.74	-11	1108.74	8
1109.74	39	1109.74	-10	1109.74	9
1110.74	43	1110.74	-9	1110.74	10
1111.74	45	1111.74	-8	1111.74	11
1112.74	47	1112.74	-7	1112.74	12
1113.74	47	1113.74	-6	1113.74	13
1114.74	48	1114.74	-5	1114.74	15
1115.74	50	1115.74	-3	1115.74	16
1116.74	52	1116.74	-2	1116.74	17
1117.75	56	1117.75	-2	1117.75	18
1118.75	59	1118.75	-1	1118.75	20
1119.75	62	1119.75	1	1119.75	21
1120.75	64	1120.75	2	1120.75	23
1121.75	66	1121.75	3	1121.75	25
1122.75	70	1122.75	5	1122.75	27
1123.75	75	1123.75	6	1123.75	29
1124.75	80	1124.75	8	1124.75	31
1125.75	85	1125.75	10	1125.75	33
1126.75	90	1126.75	12	1126.75	36
1127.75	96	1127.75	14	1127.75	39
1128.75	101	1128.75	18	1128.75	42
1129.75	108	1129.75	22	1129.75	47
1130.75	115	1130.75	25	1130.75	52
1131.75	123	1131.75	28	1131.75	55
1132.76	130	1132.76	31	1132.76	58
1133.76	137	1133.76	35	1133.76	62
1134.76	146	1134.76	40	1134.76	66
1135.76	157	1135.76	45	1135.76	69
1136.76	168	1136.76	49	1136.76	71
1137.76	179	1137.76	53	1137.76	75
1138.76	189	1138.76	58	1138.76	79
1139.76	200	1139.76	64	1139.76	83
1140.76	210	1140.76	71	1140.76	88
1141.76	222	1141.76	77	1141.76	93
1142.76	234	1142.76	82	1142.76	98
1143.76	246	1143.76	88	1143.76	103
1144.76	252	1144.76	93	1144.76	107
1145.76	257	1145.76	100	1145.76	112
1146.76	270	1146.76	106	1146.76	116
1147.77	284	1147.77	113	1147.77	122
1148.77	298	1148.77	120	1148.77	127
1149.77	309	1149.77	127	1149.77	132
1150.77	320	1150.77	133	1150.77	137
1151.77	332	1151.77	140	1151.77	144
1152.77	344	1152.77	146	1152.77	152
1153.77	357	1153.77	154	1153.77	160
1154.77	372	1154.77	161	1154.77	168
1155.77	388	1155.77	168	1155.77	177
1156.77	404	1156.77	176	1156.77	187
1157.77	421	1157.77	186	1157.77	197
1158.77	440	1158.77	195	1158.77	209
1159.77	462	1159.77	205	1159.77	223
1160.77	488	1160.77	216	1160.77	238
1161.77	517	1161.77	228	1161.77	255
1162.78	548	1162.78	242	1162.78	273
1163.78	583	1163.78	258	1163.78	293
1164.78	622	1164.78	275	1164.78	315
1165.78	664	1165.78	294	1165.78	338
1166.78	706	1166.78	315	1166.78	361
1167.78	749	1167.78	338	1167.78	383
1168.78	798	1168.78	361	1168.78	405
1169.78	852	1169.78	387	1169.78	428
1170.78	908	1170.78	414	1170.78	451
1171.78	964	1171.78	442	1171.78	473
1172.78	1019	1172.78	470	1172.78	495
1173.78	1076	1173.78	500	1173.78	516
1174.78	1134	1174.78	532	1174.78	536
1175.78	1193	1175.78	564	1175.78	554
1176.78	1252	1176.78	594	1176.78	569
1177.79	1308	1177.79	622	1177.79	583
1178.79	1358	1178.79	649	1178.79	593
1179.79	1399	1179.79	674	1179.79	601
1180.79	1432	1180.79	698	1180.79	606
1181.79	1458	1181.79	718	1181.79	610
1182.79	1479	1182.79	735	1182.79	612
1183.79	1493	1183.79	749	1183.79	611
1184.79	1500	1184.79	760	1184.79	608
1185.79	1502	1185.79	768	1185.79	604
1186.79	1499	1186.79	772	1186.79	598
1187.79	1487	1187.79	773	1187.79	589
1188.79	1476	1188.79	771	1188.79	579
1189.79	1466	1189.79	765	1189.79	567
1190.79	1439	1190.79	756	1190.79	554
1191.79	1408	1191.79	746	1191.79	540
1192.8	1376	1192.8	733	1192.8	526
1193.8	1338	1193.8	717	1193.8	512
1194.8	1295	1194.8	699	1194.8	498
1195.8	1248	1195.8	679	1195.8	483
1196.8	1203	1196.8	658	1196.8	466
1197.8	1159	1197.8	636	1197.8	458
1198.8	1113	1198.8	613	1198.8	449
1199.8	1067	1199.8	588	1199.8	433
1200.8	1019	1200.8	564	1200.8	417
1201.8	971	1201.8	540	1201.8	402
1202.8	923	1202.8	516	1202.8	387
1203.8	879	1203.8	492	1203.8	371
1204.8	836	1204.8	469	1204.8	355
1205.8	796	1205.8	448	1205.8	340
1206.8	758	1206.8	430	1206.8	325
1207.81	722	1207.81	410	1207.81	311
1208.81	685	1208.81	390	1208.81	298
1209.81	646	1209.81	370	1209.81	286
1210.81	610	1210.81	351	1210.81	273
1211.81	576	1211.81	332	1211.81	262
1212.81	545	1212.81	315	1212.81	250
1213.81	517	1213.81	298	1213.81	238
1214.81	492	1214.81	283	1214.81	227
1215.81	467	1215.81	269	1215.81	216
1216.81	443	1216.81	254	1216.81	206
1217.81	419	1217.81	239	1217.81	197
1218.81	395	1218.81	225	1218.81	188
1219.81	374	1219.81	212	1219.81	180
1220.81	354	1220.81	200	1220.81	172
1221.81	335	1221.81	190	1221.81	163
1222.82	316	1222.82	180	1222.82	154
1223.82	298	1223.82	171	1223.82	146
1224.82	282	1224.82	160	1224.82	139
1225.82	268	1225.82	151	1225.82	133
1226.82	255	1226.82	142	1226.82	126
1227.82	242	1227.82	135	1227.82	120
1228.82	232	1228.82	128	1228.82	116
1229.82	222	1229.82	121	1229.82	112
1230.82	212	1230.82	115	1230.82	108
1231.82	198	1231.82	108	1231.82	102
1232.82	192	1232.82	101	1232.82	96
1233.82	185	1233.82	95	1233.82	90
1234.82	173	1234.82	88	1234.82	85
1235.82	165	1235.82	82	1235.82	81
1236.82	158	1236.82	76	1236.82	77
1237.83	149	1237.83	71	1237.83	74
1238.83	140	1238.83	67	1238.83	70
1239.83	131	1239.83	63	1239.83	67
1240.83	122	1240.83	59	1240.83	64
1241.83	115	1241.83	54	1241.83	61
1242.83	108	1242.83	49	1242.83	58
1243.83	103	1243.83	45	1243.83	54
1244.83	99	1244.83	41	1244.83	51
1245.83	95	1245.83	38	1245.83	47
1246.83	89	1246.83	35	1246.83	45
1247.83	82	1247.83	33	1247.83	42
1248.83	75	1248.83	30	1248.83	40
1249.83	70	1249.83	28	1249.83	38
1250.83	66	1250.83	26	1250.83	37
1251.83	64	1251.83	24	1251.83	36
1252.84	62	1252.84	22	1252.84	34
1253.84	60	1253.84	21	1253.84	33
1254.84	59	1254.84	20	1254.84	32
1255.84	58	1255.84	18	1255.84	30
1256.84	56	1256.84	17	1256.84	29
1257.84	52	1257.84	16	1257.84	28
1258.84	48	1258.84	14	1258.84	27
1259.84	44	1259.84	13	1259.84	26
1260.84	42	1260.84	12	1260.84	26
1261.84	42	1261.84	12	1261.84	25
1262.84	42	1262.84	12	1262.84	24
1263.84	41	1263.84	11	1263.84	22
1264.84	40	1264.84	10	1264.84	21
1265.84	39	1265.84	9	1265.84	20
1266.84	38	1266.84	8	1266.84	20
1267.85	36	1267.85	7	1267.85	19
1268.85	33	1268.85	7	1268.85	18
1269.85	28	1269.85	7	1269.85	18
1270.85	23	1270.85	6	1270.85	17
1271.85	21	1271.85	6	1271.85	16
1272.85	20	1272.85	5	1272.85	15
1273.85	21	1273.85	5	1273.85	15
1274.85	22	1274.85	5	1274.85	15
1275.85	23	1275.85	5	1275.85	15
1276.85	22	1276.85	4	1276.85	15
1277.85	22	1277.85	4	1277.85	15
1278.85	22	1278.85	4	1278.85	15
1279.85	21	1279.85	3	1279.85	14
1280.85	20	1280.85	3	1280.85	14
1281.85	20	1281.85	3	1281.85	14
1282.86	21	1282.86	2	1282.86	13
1283.86	21	1283.86	1	1283.86	12
1284.86	20	1284.86	0	1284.86	12
1285.86	17	1285.86	0	1285.86	12
1286.86	13	1286.86	1	1286.86	12
1287.86	12	1287.86	1	1287.86	11
1288.86	12	1288.86	0	1288.86	10
1289.86	13	1289.86	-1	1289.86	9
1290.86	14	1290.86	-1	1290.86	10
1291.86	15	1291.86	-1	1291.86	11
1292.86	15	1292.86	-1	1292.86	11
1293.86	15	1293.86	-1	1293.86	11
1294.86	14	1294.86	-2	1294.86	10
1295.86	11	1295.86	-3	1295.86	10
1296.86	10	1296.86	-4	1296.86	9
1297.87	10	1297.87	-4	1297.87	8
1298.87	10	1298.87	-4	1298.87	8
1299.87	10	1299.87	-4	1299.87	7
1300.87	10	1300.87	-5	1300.87	8
1301.87	10	1301.87	-5	1301.87	8
1302.87	11	1302.87	-4	1302.87	8
1303.87	11	1303.87	-5	1303.87	8
1304.87	9	1304.87	-6	1304.87	8
1305.87	7	1305.87	-7	1305.87	8
1306.87	5	1306.87	-8	1306.87	8
1307.87	5	1307.87	-8	1307.87	7
1308.87	6	1308.87	-8	1308.87	6
1309.87	7	1309.87	-9	1309.87	5
1310.87	7	1310.87	-9	1310.87	5
1311.87	6	1311.87	-9	1311.87	5
1312.88	6	1312.88	-9	1312.88	5
1313.88	6	1313.88	-10	1313.88	5
1314.88	5	1314.88	-11	1314.88	5
1315.88	3	1315.88	-11	1315.88	6
1316.88	2	1316.88	-11	1316.88	6
1317.88	2	1317.88	-11	1317.88	6
1318.88	3	1318.88	-12	1318.88	5
1319.88	3	1319.88	-12	1319.88	5
1320.88	3	1320.88	-12	1320.88	4
1321.88	4	1321.88	-13	1321.88	3
1322.88	4	1322.88	-13	1322.88	2
1323.88	4	1323.88	-14	1323.88	2
1324.88	4	1324.88	-14	1324.88	2
1325.88	4	1325.88	-15	1325.88	3
1326.88	4	1326.88	-15	1326.88	3
1327.89	4	1327.89	-15	1327.89	4
1328.89	4	1328.89	-15	1328.89	4
1329.89	6	1329.89	-16	1329.89	4
1330.89	7	1330.89	-15	1330.89	4
1331.89	8	1331.89	-15	1331.89	3
1332.89	7	1332.89	-15	1332.89	2
1333.89	6	1333.89	-15	1333.89	2
1334.89	7	1334.89	-15	1334.89	3
1335.89	8	1335.89	-14	1335.89	3
1336.89	12	1336.89	-14	1336.89	3
1337.89	14	1337.89	-14	1337.89	4
1338.89	16	1338.89	-13	1338.89	4
1339.89	17	1339.89	-14	1339.89	4
1340.89	16	1340.89	-14	1340.89	4
1341.89	16	1341.89	-14	1341.89	4
1342.9	17	1342.9	-13	1342.9	5
1343.9	20	1343.9	-13	1343.9	5
1344.9	22	1344.9	-12	1344.9	6
1345.9	25	1345.9	-12	1345.9	5
1346.9	27	1346.9	-11	1346.9	5
1347.9	29	1347.9	-10	1347.9	4
1348.9	30	1348.9	-10	1348.9	4
1349.9	31	1349.9	-10	1349.9	6
1350.9	31	1350.9	-9	1350.9	7
1351.9	32	1351.9	-9	1351.9	8
1352.9	34	1352.9	-8	1352.9	8
1353.9	36	1353.9	-7	1353.9	8
1354.9	39	1354.9	-6	1354.9	9
1355.9	42	1355.9	-5	1355.9	10
1356.9	45	1356.9	-5	1356.9	11
1357.91	49	1357.91	-4	1357.91	11
1358.91	54	1358.91	-3	1358.91	11
1359.91	57	1359.91	-3	1359.91	11
1360.91	59	1360.91	-2	1360.91	12
1361.91	62	1361.91	-1	1361.91	13
1362.91	66	1362.91	1	1362.91	14
1363.91	70	1363.91	2	1363.91	14
1364.91	74	1364.91	4	1364.91	16
1365.91	75	1365.91	5	1365.91	17
1366.91	77	1366.91	6	1366.91	18
1367.91	79	1367.91	7	1367.91	18
1368.91	81	1368.91	8	1368.91	19
1369.91	85	1369.91	9	1369.91	20
1370.91	90	1370.91	10	1370.91	21
1371.91	95	1371.91	12	1371.91	21
1372.92	100	1372.92	14	1372.92	21
1373.92	105	1373.92	15	1373.92	20
1374.92	109	1374.92	16	1374.92	20
1375.92	110	1375.92	16	1375.92	19
1376.92	111	1376.92	17	1376.92	19
1377.92	112	1377.92	17	1377.92	19
1378.92	115	1378.92	19	1378.92	19
1379.92	119	1379.92	20	1379.92	19
1380.92	122	1380.92	21	1380.92	19
1381.92	124	1381.92	21	1381.92	20
1382.92	124	1382.92	22	1382.92	20
1383.92	123	1383.92	22	1383.92	21
1384.92	123	1384.92	23	1384.92	21
1385.92	124	1385.92	24	1385.92	21
1386.92	125	1386.92	25	1386.92	22
1387.93	126	1387.93	26	1387.93	23
1388.93	128	1388.93	26	1388.93	24
1389.93	128	1389.93	27	1389.93	23
1390.93	128	1390.93	26	1390.93	23
1391.93	127	1391.93	26	1391.93	22
1392.93	125	1392.93	25	1392.93	22
1393.93	124	1393.93	25	1393.93	22
1394.93	123	1394.93	26	1394.93	23
1395.93	122	1395.93	26	1395.93	23
1396.93	121	1396.93	26	1396.93	23
1397.93	120	1397.93	27	1397.93	23
1398.93	119	1398.93	27	1398.93	23
1399.93	117	1399.93	27	1399.93	24
1400.93	116	1400.93	26	1400.93	25
1401.93	116	1401.93	26	1401.93	25
1402.94	116	1402.94	25	1402.94	25
1403.94	116	1403.94	25	1403.94	24
1404.94	117	1404.94	24	1404.94	25
1405.94	118	1405.94	24	1405.94	26
1406.94	118	1406.94	23	1406.94	27
1407.94	117	1407.94	22	1407.94	27
1408.94	115	1408.94	23	1408.94	28
1409.94	114	1409.94	23	1409.94	28
1410.94	113	1410.94	24	1410.94	29
1411.94	113	1411.94	25	1411.94	29
1412.94	113	1412.94	26	1412.94	30
1413.94	114	1413.94	26	1413.94	30
1414.94	113	1414.94	25	1414.94	30
1415.94	111	1415.94	25	1415.94	30
1416.94	111	1416.94	25	1416.94	31
1417.95	112	1417.95	27	1417.95	32
1418.95	113	1418.95	28	1418.95	33
1419.95	113	1419.95	28	1419.95	34
1420.95	113	1420.95	28	1420.95	34
1421.95	114	1421.95	28	1421.95	35
1422.95	116	1422.95	29	1422.95	37
1423.95	117	1423.95	29	1423.95	37
1424.95	117	1424.95	30	1424.95	37
1425.95	117	1425.95	31	1425.95	36
1426.95	117	1426.95	31	1426.95	36
1427.95	118	1427.95	32	1427.95	38
1428.95	120	1428.95	33	1428.95	40
1429.95	122	1429.95	34	1429.95	41
1430.95	124	1430.95	34	1430.95	42
1431.95	124	1431.95	34	1431.95	41
1432.96	124	1432.96	34	1432.96	40
1433.96	125	1433.96	35	1433.96	40
1434.96	125	1434.96	36	1434.96	40
1435.96	126	1435.96	36	1435.96	41
1436.96	126	1436.96	37	1436.96	42
1437.96	126	1437.96	38	1437.96	43
1438.96	126	1438.96	38	1438.96	43
1439.96	127	1439.96	39	1439.96	42
1440.96	127	1440.96	40	1440.96	42
1441.96	127	1441.96	41	1441.96	42
1442.96	126	1442.96	41	1442.96	42
1443.96	126	1443.96	39	1443.96	43
1444.96	127	1444.96	38	1444.96	44
1445.96	126	1445.96	39	1445.96	43
1446.96	125	1446.96	41	1446.96	43
1447.97	124	1447.97	43	1447.97	44
1448.97	122	1448.97	43	1448.97	45
1449.97	120	1449.97	42	1449.97	45
1450.97	118	1450.97	42	1450.97	44
1451.97	115	1451.97	42	1451.97	43
1452.97	114	1452.97	42	1452.97	43
1453.97	114	1453.97	43	1453.97	43
1454.97	114	1454.97	43	1454.97	43
1455.97	115	1455.97	43	1455.97	43
1456.97	114	1456.97	43	1456.97	42
1457.97	111	1457.97	43	1457.97	41
1458.97	108	1458.97	42	1458.97	41
1459.97	107	1459.97	42	1459.97	42
1460.97	107	1460.97	42	1460.97	42
1461.97	106	1461.97	42	1461.97	42
1462.98	105	1462.98	42	1462.98	41
1463.98	103	1463.98	41	1463.98	40
1464.98	100	1464.98	42	1464.98	39
1465.98	98	1465.98	42	1465.98	38
1466.98	96	1466.98	41	1466.98	38
1467.98	95	1467.98	39	1467.98	39
1468.98	95	1468.98	37	1468.98	39
1469.98	95	1469.98	37	1469.98	39
1470.98	93	1470.98	37	1470.98	37
1471.98	90	1471.98	38	1471.98	36
1472.98	87	1472.98	38	1472.98	36
1473.98	84	1473.98	38	1473.98	36
1474.98	81	1474.98	36	1474.98	37
1475.98	79	1475.98	34	1475.98	36
1476.98	77	1476.98	32	1476.98	35
1477.99	77	1477.99	31	1477.99	34
1478.99	76	1478.99	30	1478.99	33
1479.99	74	1479.99	29	1479.99	32
1480.99	72	1480.99	28	1480.99	31
1481.99	71	1481.99	27	1481.99	31
1482.99	70	1482.99	27	1482.99	31
1483.99	70	1483.99	27	1483.99	30
1484.99	69	1484.99	28	1484.99	30
1485.99	66	1485.99	28	1485.99	30
1486.99	63	1486.99	28	1486.99	29
1487.99	60	1487.99	26	1487.99	28
1488.99	58	1488.99	25	1488.99	27
1489.99	58	1489.99	23	1489.99	26
1490.99	58	1490.99	23	1490.99	26
1491.99	57	1491.99	22	1491.99	26
1493	54	1493	22	1493	25
1494	52	1494	21	1494	24
1495	51	1495	19	1495	23
1496	50	1496	18	1496	23
1497	48	1497	16	1497	23
1498	47	1498	15	1498	23
1499	46	1499	15	1499	23
1500	44	1500	14	1500	22
1501	43	1501	14	1501	21
1502	43	1502	14	1502	19
1503	43	1503	14	1503	18
1504	42	1504	14	1504	18
1505	39	1505	14	1505	18
1506	37	1506	13	1506	18
1507	36	1507	13	1507	17
1508.01	34	1508.01	11	1508.01	17
1509.01	32	1509.01	11	1509.01	16
1510.01	31	1510.01	11	1510.01	15
1511.01	30	1511.01	10	1511.01	14
1512.01	28	1512.01	9	1512.01	13
1513.01	27	1513.01	8	1513.01	12
1514.01	26	1514.01	8	1514.01	11
1515.01	25	1515.01	7	1515.01	11
1516.01	23	1516.01	7	1516.01	11
1517.01	23	1517.01	6	1517.01	11
1518.01	22	1518.01	6	1518.01	11
1519.01	21	1519.01	6	1519.01	10
1520.01	20	1520.01	5	1520.01	9
1521.01	18	1521.01	3	1521.01	8
1522.01	17	1522.01	2	1522.01	8
1523.02	16	1523.02	1	1523.02	7
1524.02	16	1524.02	0	1524.02	7
1525.02	15	1525.02	0	1525.02	6
1526.02	15	1526.02	0	1526.02	5
1527.02	14	1527.02	1	1527.02	4
1528.02	13	1528.02	1	1528.02	4
1529.02	13	1529.02	0	1529.02	4
1530.02	13	1530.02	-1	1530.02	4
1531.02	11	1531.02	-2	1531.02	3
1532.02	10	1532.02	-3	1532.02	3
1533.02	10	1533.02	-5	1533.02	2
1534.02	9	1534.02	-6	1534.02	2
1535.02	10	1535.02	-6	1535.02	1
1536.02	11	1536.02	-6	1536.02	1
1537.02	12	1537.02	-6	1537.02	1
1538.03	11	1538.03	-6	1538.03	0
1539.03	9	1539.03	-7	1539.03	0
1540.03	7	1540.03	-7	1540.03	-1
1541.03	6	1541.03	-8	1541.03	-1
1542.03	7	1542.03	-9	1542.03	0
1543.03	7	1543.03	-9	1543.03	0
1544.03	7	1544.03	-9	1544.03	-1
1545.03	6	1545.03	-9	1545.03	-2
1546.03	6	1546.03	-9	1546.03	-3
1547.03	6	1547.03	-9	1547.03	-3
1548.03	7	1548.03	-10	1548.03	-2
1549.03	6	1549.03	-10	1549.03	-2
1550.03	5	1550.03	-10	1550.03	-3
1551.03	6	1551.03	-10	1551.03	-3
1552.03	8	1552.03	-10	1552.03	-4
1553.04	8	1553.04	-10	1553.04	-4
1554.04	7	1554.04	-10	1554.04	-4
1555.04	6	1555.04	-10	1555.04	-4
1556.04	7	1556.04	-10	1556.04	-4
1557.04	7	1557.04	-11	1557.04	-4
1558.04	6	1558.04	-12	1558.04	-5
1559.04	6	1559.04	-12	1559.04	-5
1560.04	6	1560.04	-12	1560.04	-6
1561.04	6	1561.04	-12	1561.04	-6
1562.04	7	1562.04	-12	1562.04	-6
1563.04	9	1563.04	-13	1563.04	-6
1564.04	11	1564.04	-13	1564.04	-6
1565.04	13	1565.04	-13	1565.04	-6
1566.04	13	1566.04	-14	1566.04	-6
1567.04	13	1567.04	-15	1567.04	-7
1568.05	11	1568.05	-15	1568.05	-7
1569.05	9	1569.05	-14	1569.05	-6
1570.05	8	1570.05	-14	1570.05	-6
1571.05	8	1571.05	-13	1571.05	-5
1572.05	9	1572.05	-13	1572.05	-6
1573.05	10	1573.05	-14	1573.05	-7
1574.05	11	1574.05	-14	1574.05	-8
1575.05	11	1575.05	-14	1575.05	-9
1576.05	10	1576.05	-14	1576.05	-8
1577.05	10	1577.05	-14	1577.05	-8
1578.05	12	1578.05	-14	1578.05	-7
1579.05	13	1579.05	-15	1579.05	-6
1580.05	13	1580.05	-15	1580.05	-6
1581.05	12	1581.05	-15	1581.05	-7
1582.05	11	1582.05	-15	1582.05	-7
1583.06	11	1583.06	-14	1583.06	-8
1584.06	13	1584.06	-14	1584.06	-8
1585.06	14	1585.06	-15	1585.06	-7
1586.06	16	1586.06	-15	1586.06	-7
1587.06	16	1587.06	-15	1587.06	-6
1588.06	16	1588.06	-15	1588.06	-7
1589.06	16	1589.06	-15	1589.06	-7
1590.06	16	1590.06	-16	1590.06	-7
1591.06	15	1591.06	-17	1591.06	-8
1592.06	14	1592.06	-17	1592.06	-8
1593.06	13	1593.06	-17	1593.06	-9
1594.06	13	1594.06	-17	1594.06	-9
1595.06	15	1595.06	-17	1595.06	-9
1596.06	15	1596.06	-17	1596.06	-9
1597.06	15	1597.06	-17	1597.06	-9
1598.07	16	1598.07	-16	1598.07	-8
1599.07	17	1599.07	-16	1599.07	-7
1600.07	17	1600.07	-15	1600.07	-7
1601.07	16	1601.07	-15	1601.07	-7
1602.07	16	1602.07	-16	1602.07	-7
1603.07	17	1603.07	-16	1603.07	-7
1604.07	18	1604.07	-16	1604.07	-7
1605.07	17	1605.07	-15	1605.07	-6
1606.07	16	1606.07	-15	1606.07	-7
1607.07	15	1607.07	-15	1607.07	-7
1608.07	14	1608.07	-15	1608.07	-8
1609.07	14	1609.07	-15	1609.07	-9
1610.07	14	1610.07	-15	1610.07	-9
1611.07	15	1611.07	-14	1611.07	-8
1612.07	16	1612.07	-14	1612.07	-8
1613.08	16	1613.08	-13	1613.08	-7
1614.08	17	1614.08	-14	1614.08	-7
1615.08	17	1615.08	-15	1615.08	-7
1616.08	16	1616.08	-15	1616.08	-7
1617.08	16	1617.08	-15	1617.08	-7
1618.08	15	1618.08	-15	1618.08	-7
1619.08	15	1619.08	-14	1619.08	-7
1620.08	15	1620.08	-13	1620.08	-8
1621.08	15	1621.08	-13	1621.08	-8
1622.08	15	1622.08	-14	1622.08	-8
1623.08	15	1623.08	-14	1623.08	-7
1624.08	15	1624.08	-14	1624.08	-7
1625.08	15	1625.08	-14	1625.08	-8
1626.08	15	1626.08	-14	1626.08	-9
1627.08	15	1627.08	-14	1627.08	-9
1628.09	16	1628.09	-14	1628.09	-9
1629.09	17	1629.09	-13	1629.09	-8
1630.09	16	1630.09	-12	1630.09	-8
1631.09	16	1631.09	-12	1631.09	-8
1632.09	15	1632.09	-12	1632.09	-8
1633.09	14	1633.09	-12	1633.09	-8
1634.09	15	1634.09	-12	1634.09	-7
1635.09	16	1635.09	-11	1635.09	-6
1636.09	18	1636.09	-10	1636.09	-5
1637.09	19	1637.09	-10	1637.09	-4
1638.09	20	1638.09	-11	1638.09	-5
1639.09	20	1639.09	-10	1639.09	-7
1640.09	19	1640.09	-10	1640.09	-8
1641.09	18	1641.09	-11	1641.09	-8
1642.09	17	1642.09	-11	1642.09	-8
1643.1	17	1643.1	-11	1643.1	-7
1644.1	18	1644.1	-11	1644.1	-6
1645.1	18	1645.1	-10	1645.1	-6
1646.1	18	1646.1	-10	1646.1	-6
1647.1	17	1647.1	-10	1647.1	-6
1648.1	18	1648.1	-10	1648.1	-6
1649.1	19	1649.1	-10	1649.1	-6
1650.1	20	1650.1	-10	1650.1	-5
1651.1	20	1651.1	-10	1651.1	-6
1652.1	20	1652.1	-10	1652.1	-6
1653.1	20	1653.1	-10	1653.1	-6
1654.1	20	1654.1	-10	1654.1	-6
1655.1	19	1655.1	-10	1655.1	-6
1656.1	18	1656.1	-10	1656.1	-6
1657.1	17	1657.1	-10	1657.1	-6
1658.11	18	1658.11	-9	1658.11	-6
1659.11	18	1659.11	-9	1659.11	-5
1660.11	18	1660.11	-9	1660.11	-4
1661.11	18	1661.11	-9	1661.11	-4
1662.11	18	1662.11	-9	1662.11	-4
1663.11	19	1663.11	-9	1663.11	-4
1664.11	19	1664.11	-8	1664.11	-4
1665.11	18	1665.11	-8	1665.11	-3
1666.11	17	1666.11	-7	1666.11	-2
1667.11	17	1667.11	-8	1667.11	-2
1668.11	17	1668.11	-8	1668.11	-2
1669.11	17	1669.11	-9	1669.11	-4
1670.11	17	1670.11	-9	1670.11	-5
1671.11	16	1671.11	-9	1671.11	-6
1672.11	15	1672.11	-8	1672.11	-7
1673.12	15	1673.12	-7	1673.12	-6
1674.12	16	1674.12	-7	1674.12	-6
1675.12	17	1675.12	-8	1675.12	-5
1676.12	17	1676.12	-8	1676.12	-5
1677.12	18	1677.12	-8	1677.12	-6
1678.12	17	1678.12	-8	1678.12	-7
1679.12	16	1679.12	-8	1679.12	-7
1680.12	16	1680.12	-9	1680.12	-8
1681.12	15	1681.12	-10	1681.12	-8
1682.12	13	1682.12	-9	1682.12	-7
1683.12	12	1683.12	-8	1683.12	-7
1684.12	12	1684.12	-7	1684.12	-8
1685.12	12	1685.12	-6	1685.12	-8
1686.12	12	1686.12	-6	1686.12	-8
1687.12	11	1687.12	-6	1687.12	-8
1688.13	11	1688.13	-7	1688.13	-8
1689.13	12	1689.13	-7	1689.13	-8
1690.13	13	1690.13	-8	1690.13	-9
1691.13	13	1691.13	-8	1691.13	-10
1692.13	13	1692.13	-8	1692.13	-10
1693.13	12	1693.13	-8	1693.13	-10
1694.13	11	1694.13	-8	1694.13	-10
1695.13	9	1695.13	-8	1695.13	-10
1696.13	8	1696.13	-8	1696.13	-9
1697.13	6	1697.13	-7	1697.13	-9
1698.13	5	1698.13	-7	1698.13	-10
1699.13	5	1699.13	-6	1699.13	-11
1700.13	6	1700.13	-7	1700.13	-11
1701.13	8	1701.13	-7	1701.13	-10
1702.13	9	1702.13	-7	1702.13	-8
1703.14	9	1703.14	-7	1703.14	-8
1704.14	7	1704.14	-7	1704.14	-9
1705.14	5	1705.14	-7	1705.14	-10
1706.14	4	1706.14	-7	1706.14	-10
1707.14	4	1707.14	-7	1707.14	-10
1708.14	4	1708.14	-7	1708.14	-10
1709.14	4	1709.14	-8	1709.14	-10
1710.14	4	1710.14	-9	1710.14	-10
1711.14	2	1711.14	-9	1711.14	-10
1712.14	1	1712.14	-8	1712.14	-10
1713.14	-1	1713.14	-7	1713.14	-10
1714.14	-2	1714.14	-7	1714.14	-10
1715.14	-2	1715.14	-7	1715.14	-11
1716.14	-2	1716.14	-8	1716.14	-11
1717.14	-2	1717.14	-8	1717.14	-12
1718.15	-1	1718.15	-9	1718.15	-12
1719.15	-1	1719.15	-10	1719.15	-13
1720.15	0	1720.15	-11	1720.15	-14
1721.15	-1	1721.15	-11	1721.15	-14
1722.15	-2	1722.15	-11	1722.15	-14
1723.15	-3	1723.15	-11	1723.15	-13
1724.15	-3	1724.15	-11	1724.15	-13
1725.15	-2	1725.15	-10	1725.15	-13
1726.15	-2	1726.15	-10	1726.15	-13
1727.15	-3	1727.15	-10	1727.15	-12
1728.15	-3	1728.15	-10	1728.15	-12
1729.15	-1	1729.15	-10	1729.15	-12
1730.15	1	1730.15	-11	1730.15	-13
1731.15	1	1731.15	-11	1731.15	-12
1732.15	-1	1732.15	-11	1732.15	-11
1733.16	-3	1733.16	-10	1733.16	-11
1734.16	-4	1734.16	-10	1734.16	-11
1735.16	-5	1735.16	-10	1735.16	-12
1736.16	-6	1736.16	-11	1736.16	-12
1737.16	-5	1737.16	-12	1737.16	-12
1738.16	-4	1738.16	-13	1738.16	-12
1739.16	-4	1739.16	-14	1739.16	-12
1740.16	-4	1740.16	-15	1740.16	-13
1741.16	-5	1741.16	-15	1741.16	-14
1742.16	-5	1742.16	-14	1742.16	-15
1743.16	-5	1743.16	-13	1743.16	-15
1744.16	-5	1744.16	-12	1744.16	-15
1745.16	-5	1745.16	-13	1745.16	-16
1746.16	-6	1746.16	-13	1746.16	-17
1747.16	-7	1747.16	-13	1747.16	-17
1748.17	-8	1748.17	-14	1748.17	-17
1749.17	-7	1749.17	-14	1749.17	-18
1750.17	-6	1750.17	-15	1750.17	-18
1751.17	-6	1751.17	-16	1751.17	-19
1752.17	-7	1752.17	-16	1752.17	-18
1753.17	-9	1753.17	-15	1753.17	-18
1754.17	-11	1754.17	-15	1754.17	-19
1755.17	-12	1755.17	-15	1755.17	-19
1756.17	-13	1756.17	-15	1756.17	-19
1757.17	-12	1757.17	-15	1757.17	-20
1758.17	-10	1758.17	-16	1758.17	-20
1759.17	-9	1759.17	-16	1759.17	-19
1760.17	-8	1760.17	-16	1760.17	-19
1761.17	-8	1761.17	-17	1761.17	-19
1762.17	-8	1762.17	-18	1762.17	-19
1763.18	-8	1763.18	-18	1763.18	-19
1764.18	-8	1764.18	-18	1764.18	-19
1765.18	-8	1765.18	-18	1765.18	-19
1766.18	-9	1766.18	-19	1766.18	-19
1767.18	-9	1767.18	-19	1767.18	-20
1768.18	-9	1768.18	-18	1768.18	-20
1769.18	-9	1769.18	-17	1769.18	-20
1770.18	-9	1770.18	-16	1770.18	-20
1771.18	-10	1771.18	-16	1771.18	-21
1772.18	-11	1772.18	-16	1772.18	-21
1773.18	-11	1773.18	-17	1773.18	-21
1774.18	-11	1774.18	-19	1774.18	-21
1775.18	-11	1775.18	-20	1775.18	-21
1776.18	-11	1776.18	-20	1776.18	-20
1777.18	-11	1777.18	-21	1777.18	-19
1778.19	-11	1778.19	-21	1778.19	-19
1779.19	-11	1779.19	-21	1779.19	-19
1780.19	-11	1780.19	-21	1780.19	-20
1781.19	-11	1781.19	-21	1781.19	-20
1782.19	-11	1782.19	-22	1782.19	-20
1783.19	-12	1783.19	-22	1783.19	-19
1784.19	-12	1784.19	-21	1784.19	-20
1785.19	-12	1785.19	-20	1785.19	-20
1786.19	-12	1786.19	-19	1786.19	-21
1787.19	-13	1787.19	-19	1787.19	-21
1788.19	-14	1788.19	-18	1788.19	-20
1789.19	-14	1789.19	-18	1789.19	-20
1790.19	-14	1790.19	-18	1790.19	-20
1791.19	-12	1791.19	-17	1791.19	-21
1792.19	-11	1792.19	-18	1792.19	-22
1793.2	-10	1793.2	-19	1793.2	-22
1794.2	-10	1794.2	-19	1794.2	-22
1795.2	-11	1795.2	-18	1795.2	-22
1796.2	-11	1796.2	-18	1796.2	-22
1797.2	-11	1797.2	-18	1797.2	-22
1798.2	-12	1798.2	-19	1798.2	-21
1799.2	-13	1799.2	-19	1799.2	-20
1800.2	-12	1800.2	-19	1800.2	-20
1801.2	-11	1801.2	-19	1801.2	-21
1802.2	-11	1802.2	-19	1802.2	-21
1803.2	-11	1803.2	-19	1803.2	-21
1804.2	-10	1804.2	-19	1804.2	-21
1805.2	-9	1805.2	-20	1805.2	-22
1806.2	-9	1806.2	-20	1806.2	-23
1807.2	-9	1807.2	-20	1807.2	-23
1808.21	-10	1808.21	-20	1808.21	-22
1809.21	-11	1809.21	-20	1809.21	-23
1810.21	-13	1810.21	-20	1810.21	-23
1811.21	-13	1811.21	-19	1811.21	-23
1812.21	-11	1812.21	-19	1812.21	-23
1813.21	-10	1813.21	-20	1813.21	-24
1814.21	-10	1814.21	-20	1814.21	-24
1815.21	-10	1815.21	-20	1815.21	-24
1816.21	-11	1816.21	-21	1816.21	-24
1817.21	-12	1817.21	-21	1817.21	-24
1818.21	-14	1818.21	-21	1818.21	-24
1819.21	-14	1819.21	-20	1819.21	-24
1820.21	-14	1820.21	-20	1820.21	-24
1821.21	-14	1821.21	-19	1821.21	-23
1822.21	-13	1822.21	-19	1822.21	-23
1823.22	-13	1823.22	-20	1823.22	-24
1824.22	-13	1824.22	-20	1824.22	-24
1825.22	-13	1825.22	-21	1825.22	-25
1826.22	-14	1826.22	-21	1826.22	-25
1827.22	-14	1827.22	-21	1827.22	-24
1828.22	-15	1828.22	-20	1828.22	-24
1829.22	-15	1829.22	-19	1829.22	-24
1830.22	-15	1830.22	-19	1830.22	-24
1831.22	-16	1831.22	-19	1831.22	-24
1832.22	-16	1832.22	-19	1832.22	-24
1833.22	-16	1833.22	-19	1833.22	-24
1834.22	-16	1834.22	-19	1834.22	-23
1835.22	-15	1835.22	-18	1835.22	-23
1836.22	-15	1836.22	-18	1836.22	-23
1837.22	-14	1837.22	-19	1837.22	-23
1838.23	-15	1838.23	-19	1838.23	-23
1839.23	-16	1839.23	-19	1839.23	-23
1840.23	-16	1840.23	-18	1840.23	-23
1841.23	-16	1841.23	-17	1841.23	-23
1842.23	-15	1842.23	-17	1842.23	-23
1843.23	-14	1843.23	-17	1843.23	-23
1844.23	-12	1844.23	-17	1844.23	-23
1845.23	-11	1845.23	-17	1845.23	-23
1846.23	-10	1846.23	-17	1846.23	-23
1847.23	-11	1847.23	-18	1847.23	-23
1848.23	-12	1848.23	-18	1848.23	-23
1849.23	-13	1849.23	-19	1849.23	-23
1850.23	-13	1850.23	-20	1850.23	-22
1851.23	-13	1851.23	-20	1851.23	-22
1852.23	-13	1852.23	-19	1852.23	-22
1853.24	-13	1853.24	-19	1853.24	-23
1854.24	-12	1854.24	-19	1854.24	-24
1855.24	-12	1855.24	-20	1855.24	-23
1856.24	-13	1856.24	-19	1856.24	-23
1857.24	-14	1857.24	-19	1857.24	-23
1858.24	-15	1858.24	-18	1858.24	-23
1859.24	-15	1859.24	-17	1859.24	-24
1860.24	-15	1860.24	-16	1860.24	-24
1861.24	-15	1861.24	-16	1861.24	-24
1862.24	-14	1862.24	-17	1862.24	-24
1863.24	-14	1863.24	-16	1863.24	-23
1864.24	-14	1864.24	-16	1864.24	-23
1865.24	-15	1865.24	-16	1865.24	-23
1866.24	-16	1866.24	-16	1866.24	-23
1867.24	-17	1867.24	-17	1867.24	-23
1868.25	-18	1868.25	-18	1868.25	-23
1869.25	-18	1869.25	-19	1869.25	-23
1870.25	-18	1870.25	-19	1870.25	-25
1871.25	-18	1871.25	-19	1871.25	-26
1872.25	-18	1872.25	-18	1872.25	-27
1873.25	-17	1873.25	-18	1873.25	-27
1874.25	-16	1874.25	-18	1874.25	-27
1875.25	-16	1875.25	-18	1875.25	-27
1876.25	-17	1876.25	-18	1876.25	-27
1877.25	-18	1877.25	-18	1877.25	-27
1878.25	-17	1878.25	-18	1878.25	-27
1879.25	-16	1879.25	-18	1879.25	-27
1880.25	-15	1880.25	-19	1880.25	-27
1881.25	-15	1881.25	-19	1881.25	-27
1882.25	-16	1882.25	-18	1882.25	-27
1883.26	-18	1883.26	-18	1883.26	-27
1884.26	-20	1884.26	-18	1884.26	-27
1885.26	-21	1885.26	-18	1885.26	-27
1886.26	-21	1886.26	-19	1886.26	-28
1887.26	-20	1887.26	-19	1887.26	-28
1888.26	-19	1888.26	-19	1888.26	-28
1889.26	-18	1889.26	-19	1889.26	-28
1890.26	-17	1890.26	-19	1890.26	-29
1891.26	-17	1891.26	-19	1891.26	-29
1892.26	-17	1892.26	-20	1892.26	-29
1893.26	-16	1893.26	-19	1893.26	-28
1894.26	-17	1894.26	-19	1894.26	-28
1895.26	-19	1895.26	-19	1895.26	-28
1896.26	-20	1896.26	-19	1896.26	-29
1897.26	-21	1897.26	-20	1897.26	-29
1898.27	-21	1898.27	-20	1898.27	-29
1899.27	-22	1899.27	-20	1899.27	-29
1900.27	-22	1900.27	-20	1900.27	-29
1901.27	-22	1901.27	-20	1901.27	-30
1902.27	-21	1902.27	-20	1902.27	-30
1903.27	-22	1903.27	-20	1903.27	-30
1904.27	-22	1904.27	-19	1904.27	-29
1905.27	-22	1905.27	-19	1905.27	-29
1906.27	-22	1906.27	-18	1906.27	-28
1907.27	-23	1907.27	-19	1907.27	-29
1908.27	-24	1908.27	-20	1908.27	-29
1909.27	-25	1909.27	-20	1909.27	-30
1910.27	-24	1910.27	-20	1910.27	-29
1911.27	-22	1911.27	-19	1911.27	-28
1912.27	-23	1912.27	-19	1912.27	-28
1913.28	-24	1913.28	-19	1913.28	-29
1914.28	-25	1914.28	-19	1914.28	-30
1915.28	-25	1915.28	-19	1915.28	-30
1916.28	-24	1916.28	-20	1916.28	-30
1917.28	-24	1917.28	-20	1917.28	-29
1918.28	-24	1918.28	-20	1918.28	-29
1919.28	-23	1919.28	-20	1919.28	-29
1920.28	-22	1920.28	-20	1920.28	-29
1921.28	-22	1921.28	-19	1921.28	-30
1922.28	-22	1922.28	-19	1922.28	-30
1923.28	-22	1923.28	-19	1923.28	-31
1924.28	-23	1924.28	-19	1924.28	-31
1925.28	-24	1925.28	-18	1925.28	-30
1926.28	-25	1926.28	-18	1926.28	-30
1927.28	-25	1927.28	-17	1927.28	-29
1928.29	-25	1928.29	-17	1928.29	-30
1929.29	-26	1929.29	-17	1929.29	-31
1930.29	-27	1930.29	-17	1930.29	-31
1931.29	-25	1931.29	-18	1931.29	-31
1932.29	-24	1932.29	-19	1932.29	-31
1933.29	-24	1933.29	-19	1933.29	-32
1934.29	-25	1934.29	-18	1934.29	-32
1935.29	-25	1935.29	-18	1935.29	-32
1936.29	-25	1936.29	-19	1936.29	-31
1937.29	-26	1937.29	-19	1937.29	-31
1938.29	-27	1938.29	-19	1938.29	-32
1939.29	-28	1939.29	-19	1939.29	-32
1940.29	-28	1940.29	-19	1940.29	-31
1941.29	-29	1941.29	-19	1941.29	-30
1942.29	-29	1942.29	-19	1942.29	-30
1943.3	-27	1943.3	-18	1943.3	-30
1944.3	-25	1944.3	-18	1944.3	-31
1945.3	-24	1945.3	-17	1945.3	-32
1946.3	-24	1946.3	-16	1946.3	-33
1947.3	-25	1947.3	-16	1947.3	-33
1948.3	-25	1948.3	-17	1948.3	-33
1949.3	-25	1949.3	-17	1949.3	-32
1950.3	-26	1950.3	-18	1950.3	-32
1951.3	-26	1951.3	-17	1951.3	-31
1952.3	-27	1952.3	-18	1952.3	-31
1953.3	-28	1953.3	-18	1953.3	-31
1954.3	-28	1954.3	-19	1954.3	-32
1955.3	-27	1955.3	-18	1955.3	-32
1956.3	-26	1956.3	-17	1956.3	-32
1957.3	-25	1957.3	-17	1957.3	-33
1958.31	-25	1958.31	-16	1958.31	-33
1959.31	-25	1959.31	-16	1959.31	-33
1960.31	-27	1960.31	-17	1960.31	-34
1961.31	-28	1961.31	-17	1961.31	-34
1962.31	-29	1962.31	-18	1962.31	-34
1963.31	-28	1963.31	-18	1963.31	-33
1964.31	-27	1964.31	-18	1964.31	-33
1965.31	-26	1965.31	-17	1965.31	-33
1966.31	-25	1966.31	-17	1966.31	-33
1967.31	-25	1967.31	-17	1967.31	-33
1968.31	-24	1968.31	-17	1968.31	-33
1969.31	-25	1969.31	-16	1969.31	-34
1970.31	-25	1970.31	-16	1970.31	-34
1971.31	-25	1971.31	-16	1971.31	-35
1972.31	-25	1972.31	-17	1972.31	-34
1973.32	-26	1973.32	-17	1973.32	-34
1974.32	-26	1974.32	-17	1974.32	-34
1975.32	-26	1975.32	-16	1975.32	-35
1976.32	-26	1976.32	-17	1976.32	-35
1977.32	-26	1977.32	-17	1977.32	-36
1978.32	-26	1978.32	-17	1978.32	-36
1979.32	-26	1979.32	-17	1979.32	-36
1980.32	-26	1980.32	-17	1980.32	-36
1981.32	-27	1981.32	-18	1981.32	-35
1982.32	-27	1982.32	-17	1982.32	-35
1983.32	-26	1983.32	-16	1983.32	-35
1984.32	-27	1984.32	-16	1984.32	-35
1985.32	-27	1985.32	-16	1985.32	-34
1986.32	-28	1986.32	-16	1986.32	-34
1987.32	-29	1987.32	-16	1987.32	-34
1988.33	-28	1988.33	-16	1988.33	-35
1989.33	-28	1989.33	-16	1989.33	-35
1990.33	-28	1990.33	-17	1990.33	-36
1991.33	-29	1991.33	-17	1991.33	-36
1992.33	-28	1992.33	-18	1992.33	-37
1993.33	-28	1993.33	-18	1993.33	-37
1994.33	-27	1994.33	-17	1994.33	-36
1995.33	-26	1995.33	-15	1995.33	-36
1996.33	-26	1996.33	-14	1996.33	-35
1997.33	-26	1997.33	-14	1997.33	-35
1998.33	-26	1998.33	-14	1998.33	-35
1999.33	-27	1999.33	-15	1999.33	-35
2000.33	-28	2000.33	-16	2000.33	-35
2001.33	-29	2001.33	-17	2001.33	-34
2002.33	-28	2002.33	-17	2002.33	-34
2003.34	-26	2003.34	-17	2003.34	-34
2004.34	-24	2004.34	-16	2004.34	-35
2005.34	-24	2005.34	-15	2005.34	-35
2006.34	-25	2006.34	-14	2006.34	-35
2007.34	-27	2007.34	-15	2007.34	-35
2008.34	-28	2008.34	-16	2008.34	-35
2009.34	-29	2009.34	-17	2009.34	-35
2010.34	-30	2010.34	-17	2010.34	-35
2011.34	-29	2011.34	-18	2011.34	-36
2012.34	-29	2012.34	-18	2012.34	-36
2013.34	-29	2013.34	-18	2013.34	-36
2014.34	-31	2014.34	-18	2014.34	-37
2015.34	-34	2015.34	-17	2015.34	-38
2016.34	-34	2016.34	-18	2016.34	-38
2017.34	-32	2017.34	-18	2017.34	-37
2018.35	-30	2018.35	-17	2018.35	-37
2019.35	-29	2019.35	-16	2019.35	-36
2020.35	-29	2020.35	-16	2020.35	-36
2021.35	-30	2021.35	-16	2021.35	-36
2022.35	-30	2022.35	-16	2022.35	-37
2023.35	-30	2023.35	-16	2023.35	-37
2024.35	-29	2024.35	-16	2024.35	-36
2025.35	-27	2025.35	-16	2025.35	-35
2026.35	-27	2026.35	-17	2026.35	-35
2027.35	-29	2027.35	-17	2027.35	-35
2028.35	-30	2028.35	-17	2028.35	-35
2029.35	-30	2029.35	-17	2029.35	-35
2030.35	-30	2030.35	-16	2030.35	-34
2031.35	-30	2031.35	-16	2031.35	-34
2032.35	-29	2032.35	-17	2032.35	-35
2033.36	-29	2033.36	-18	2033.36	-35
2034.36	-29	2034.36	-18	2034.36	-35
2035.36	-29	2035.36	-18	2035.36	-35
2036.36	-29	2036.36	-17	2036.36	-35
2037.36	-28	2037.36	-17	2037.36	-36
2038.36	-28	2038.36	-16	2038.36	-36
2039.36	-27	2039.36	-16	2039.36	-36
2040.36	-26	2040.36	-16	2040.36	-36
2041.36	-27	2041.36	-16	2041.36	-35
2042.36	-28	2042.36	-17	2042.36	-35
2043.36	-30	2043.36	-17	2043.36	-35
2044.36	-31	2044.36	-16	2044.36	-34
2045.36	-30	2045.36	-15	2045.36	-33
2046.36	-29	2046.36	-15	2046.36	-32
2047.36	-27	2047.36	-16	2047.36	-31
2048.37	-26	2048.37	-16	2048.37	-30
2049.37	-26	2049.37	-16	2049.37	-29
2050.37	-26	2050.37	-15	2050.37	-28
2051.37	-26	2051.37	-14	2051.37	-28
2052.37	-28	2052.37	-15	2052.37	-28
2053.37	-29	2053.37	-15	2053.37	-29
2054.37	-30	2054.37	-16	2054.37	-29
2055.37	-28	2055.37	-15	2055.37	-29
2056.37	-28	2056.37	-14	2056.37	-29
2057.37	-27	2057.37	-14	2057.37	-29
2058.37	-27	2058.37	-15	2058.37	-29
2059.37	-27	2059.37	-15	2059.37	-29
2060.37	-27	2060.37	-15	2060.37	-28
2061.37	-28	2061.37	-15	2061.37	-28
2062.37	-28	2062.37	-15	2062.37	-28
2063.38	-27	2063.38	-15	2063.38	-28
2064.38	-26	2064.38	-16	2064.38	-28
2065.38	-25	2065.38	-16	2065.38	-28
2066.38	-26	2066.38	-15	2066.38	-29
2067.38	-27	2067.38	-15	2067.38	-30
2068.38	-27	2068.38	-15	2068.38	-31
2069.38	-27	2069.38	-15	2069.38	-31
2070.38	-27	2070.38	-15	2070.38	-31
2071.38	-26	2071.38	-15	2071.38	-31
2072.38	-25	2072.38	-14	2072.38	-31
2073.38	-25	2073.38	-14	2073.38	-31
2074.38	-24	2074.38	-15	2074.38	-31
2075.38	-24	2075.38	-15	2075.38	-31
2076.38	-24	2076.38	-15	2076.38	-32
2077.38	-26	2077.38	-15	2077.38	-32
2078.39	-27	2078.39	-15	2078.39	-32
2079.39	-27	2079.39	-15	2079.39	-32
2080.39	-26	2080.39	-15	2080.39	-33
2081.39	-25	2081.39	-16	2081.39	-33
2082.39	-25	2082.39	-16	2082.39	-34
2083.39	-27	2083.39	-16	2083.39	-34
2084.39	-29	2084.39	-16	2084.39	-34
2085.39	-28	2085.39	-16	2085.39	-33
2086.39	-27	2086.39	-16	2086.39	-32
2087.39	-26	2087.39	-16	2087.39	-32
2088.39	-27	2088.39	-17	2088.39	-32
2089.39	-28	2089.39	-16	2089.39	-32
2090.39	-29	2090.39	-16	2090.39	-33
2091.39	-29	2091.39	-16	2091.39	-34
2092.39	-30	2092.39	-16	2092.39	-34
2093.4	-30	2093.4	-16	2093.4	-33
2094.4	-30	2094.4	-16	2094.4	-32
2095.4	-31	2095.4	-15	2095.4	-31
2096.4	-32	2096.4	-16	2096.4	-32
2097.4	-32	2097.4	-16	2097.4	-33
2098.4	-30	2098.4	-17	2098.4	-33
2099.4	-29	2099.4	-18	2099.4	-33
2100.4	-29	2100.4	-16	2100.4	-33
2101.4	-28	2101.4	-12	2101.4	-32
2102.4	-29	2102.4	-6	2102.4	-31
2103.4	-30	2103.4	-1	2103.4	-31
2104.4	-30	2104.4	0	2104.4	-30
2105.4	-31	2105.4	1	2105.4	-30
2106.4	-30	2106.4	2	2106.4	-30
2107.4	-29	2107.4	3	2107.4	-29
2108.41	-30	2108.41	4	2108.41	-29
2109.41	-31	2109.41	4	2109.41	-29
2110.41	-31	2110.41	5	2110.41	-30
2111.41	-31	2111.41	6	2111.41	-30
2112.41	-30	2112.41	6	2112.41	-30
2113.41	-31	2113.41	3	2113.41	-30
2114.41	-32	2114.41	2	2114.41	-29
2115.41	-32	2115.41	3	2115.41	-28
2116.41	-31	2116.41	6	2116.41	-29
2117.41	-31	2117.41	7	2117.41	-29
2118.41	-31	2118.41	9	2118.41	-29
2119.41	-32	2119.41	10	2119.41	-29
2120.41	-33	2120.41	10	2120.41	-27
2121.41	-33	2121.41	9	2121.41	-26
2122.41	-32	2122.41	7	2122.41	-26
2123.42	-33	2123.42	6	2123.42	-26
2124.42	-33	2124.42	6	2124.42	-26
2125.42	-34	2125.42	6	2125.42	-26
2126.42	-34	2126.42	6	2126.42	-25
2127.42	-34	2127.42	7	2127.42	-25
2128.42	-34	2128.42	9	2128.42	-24
2129.42	-35	2129.42	12	2129.42	-23
2130.42	-34	2130.42	12	2130.42	-23
2131.42	-32	2131.42	10	2131.42	-23
2132.42	-33	2132.42	8	2132.42	-23
2133.42	-35	2133.42	7	2133.42	-21
2134.42	-36	2134.42	7	2134.42	-19
2135.42	-36	2135.42	7	2135.42	-17
2136.42	-35	2136.42	7	2136.42	-15
2137.42	-34	2137.42	9	2137.42	-14
2138.43	-35	2138.43	10	2138.43	-13
2139.43	-36	2139.43	10	2139.43	-13
2140.43	-36	2140.43	11	2140.43	-13
2141.43	-36	2141.43	12	2141.43	-12
2142.43	-36	2142.43	13	2142.43	-12
2143.43	-35	2143.43	14	2143.43	-11
2144.43	-36	2144.43	14	2144.43	-10
2145.43	-36	2145.43	14	2145.43	-8
2146.43	-36	2146.43	14	2146.43	-7
2147.43	-34	2147.43	16	2147.43	-6
2148.43	-33	2148.43	16	2148.43	-5
2149.43	-33	2149.43	15	2149.43	-4
2150.43	-33	2150.43	14	2150.43	-3
2151.43	-34	2151.43	15	2151.43	-3
2152.43	-33	2152.43	17	2152.43	-2
2153.44	-32	2153.44	19	2153.44	0
2154.44	-32	2154.44	20	2154.44	3
2155.44	-33	2155.44	20	2155.44	5
2156.44	-34	2156.44	19	2156.44	6
2157.44	-36	2157.44	17	2157.44	7
2158.44	-36	2158.44	16	2158.44	8
2159.44	-36	2159.44	16	2159.44	9
2160.44	-35	2160.44	17	2160.44	10
2161.44	-35	2161.44	17	2161.44	12
2162.44	-35	2162.44	18	2162.44	14
2163.44	-36	2163.44	18	2163.44	15
2164.44	-37	2164.44	19	2164.44	16
2165.44	-37	2165.44	21	2165.44	17
2166.44	-36	2166.44	22	2166.44	18
2167.44	-34	2167.44	21	2167.44	20
2168.45	-33	2168.45	21	2168.45	22
2169.45	-33	2169.45	20	2169.45	24
2170.45	-34	2170.45	21	2170.45	26
2171.45	-36	2171.45	21	2171.45	27
2172.45	-36	2172.45	22	2172.45	29
2173.45	-36	2173.45	25	2173.45	31
2174.45	-36	2174.45	28	2174.45	32
2175.45	-34	2175.45	30	2175.45	33
2176.45	-33	2176.45	28	2176.45	33
2177.45	-33	2177.45	24	2177.45	34
2178.45	-34	2178.45	21	2178.45	35
2179.45	-33	2179.45	21	2179.45	37
2180.45	-32	2180.45	22	2180.45	39
2181.45	-32	2181.45	23	2181.45	41
2182.45	-32	2182.45	24	2182.45	43
2183.46	-34	2183.46	24	2183.46	44
2184.46	-35	2184.46	25	2184.46	46
2185.46	-35	2185.46	26	2185.46	47
2186.46	-35	2186.46	25	2186.46	49
2187.46	-34	2187.46	25	2187.46	50
2188.46	-33	2188.46	26	2188.46	51
2189.46	-33	2189.46	29	2189.46	53
2190.46	-34	2190.46	30	2190.46	55
2191.46	-35	2191.46	30	2191.46	56
2192.46	-34	2192.46	29	2192.46	57
2193.46	-34	2193.46	28	2193.46	58
2194.46	-33	2194.46	27	2194.46	60
2195.46	-32	2195.46	28	2195.46	62
2196.46	-30	2196.46	28	2196.46	64
2197.46	-28	2197.46	27	2197.46	66
2198.47	-29	2198.47	25	2198.47	67
2199.47	-31	2199.47	25	2199.47	68
2200.47	-33	2200.47	28	2200.47	70
2201.47	-32	2201.47	33	2201.47	72
2202.47	-31	2202.47	35	2202.47	73
2203.47	-31	2203.47	35	2203.47	74
2204.47	-32	2204.47	32	2204.47	75
2205.47	-33	2205.47	30	2205.47	75
2206.47	-33	2206.47	30	2206.47	77
2207.47	-33	2207.47	31	2207.47	79
2208.47	-32	2208.47	33	2208.47	80
2209.47	-31	2209.47	33	2209.47	82
2210.47	-29	2210.47	32	2210.47	83
2211.47	-27	2211.47	31	2211.47	84
2212.47	-26	2212.47	32	2212.47	85
2213.48	-25	2213.48	34	2213.48	87
2214.48	-24	2214.48	36	2214.48	89
2215.48	-25	2215.48	37	2215.48	91
2216.48	-27	2216.48	37	2216.48	92
2217.48	-29	2217.48	38	2217.48	92
2218.48	-29	2218.48	40	2218.48	93
2219.48	-27	2219.48	40	2219.48	93
2220.48	-26	2220.48	40	2220.48	94
2221.48	-25	2221.48	39	2221.48	95
2222.48	-23	2222.48	38	2222.48	96
2223.48	-22	2223.48	37	2223.48	97
2224.48	-23	2224.48	35	2224.48	98
2225.48	-24	2225.48	34	2225.48	98
2226.48	-25	2226.48	35	2226.48	99
2227.48	-24	2227.48	35	2227.48	100
2228.49	-22	2228.49	37	2228.49	101
2229.49	-21	2229.49	39	2229.49	102
2230.49	-20	2230.49	40	2230.49	102
2231.49	-20	2231.49	39	2231.49	102
2232.49	-20	2232.49	37	2232.49	102
2233.49	-20	2233.49	36	2233.49	102
2234.49	-18	2234.49	36	2234.49	103
2235.49	-16	2235.49	36	2235.49	104
2236.49	-14	2236.49	37	2236.49	105
2237.49	-14	2237.49	38	2237.49	106
2238.49	-14	2238.49	39	2238.49	107
2239.49	-16	2239.49	40	2239.49	108
2240.49	-17	2240.49	39	2240.49	107
2241.49	-17	2241.49	38	2241.49	107
2242.49	-14	2242.49	37	2242.49	106
2243.5	-13	2243.5	38	2243.5	105
2244.5	-14	2244.5	38	2244.5	104
2245.5	-17	2245.5	39	2245.5	104
2246.5	-19	2246.5	38	2246.5	104
2247.5	-20	2247.5	36	2247.5	104
2248.5	-19	2248.5	34	2248.5	104
2249.5	-16	2249.5	32	2249.5	103
2250.5	-16	2250.5	32	2250.5	102
2251.5	-15	2251.5	33	2251.5	100
2252.5	-14	2252.5	34	2252.5	99
2253.5	-14	2253.5	34	2253.5	99
2254.5	-14	2254.5	35	2254.5	99
2255.5	-14	2255.5	36	2255.5	99
2256.5	-13	2256.5	38	2256.5	99
2257.51	-12	2257.51	39	2257.51	99
2258.51	-10	2258.51	40	2258.51	97
2259.51	-8	2259.51	40	2259.51	96
2260.51	-7	2260.51	40	2260.51	95
2261.51	-7	2261.51	40	2261.51	95
2262.51	-8	2262.51	41	2262.51	95
2263.51	-8	2263.51	42	2263.51	95
2264.51	-6	2264.51	44	2264.51	95
2265.51	-3	2265.51	46	2265.51	95
2266.51	-2	2266.51	46	2266.51	94
2267.51	-2	2267.51	46	2267.51	94
2268.51	-1	2268.51	45	2268.51	94
2269.51	-1	2269.51	47	2269.51	95
2270.51	0	2270.51	49	2270.51	95
2271.51	3	2271.51	51	2271.51	96
2272.52	7	2272.52	52	2272.52	97
2273.52	11	2273.52	51	2273.52	98
2274.52	14	2274.52	51	2274.52	99
2275.52	15	2275.52	52	2275.52	99
2276.52	15	2276.52	53	2276.52	99
2277.52	15	2277.52	54	2277.52	98
2278.52	16	2278.52	55	2278.52	98
2279.52	18	2279.52	57	2279.52	97
2280.52	21	2280.52	58	2280.52	96
2281.52	23	2281.52	57	2281.52	95
2282.52	24	2282.52	56	2282.52	94
2283.52	24	2283.52	57	2283.52	94
2284.52	26	2284.52	58	2284.52	93
2285.52	31	2285.52	60	2285.52	93
2286.52	38	2286.52	61	2286.52	93
2287.53	41	2287.53	62	2287.53	93
2288.53	40	2288.53	63	2288.53	93
2289.53	36	2289.53	63	2289.53	92
2290.53	33	2290.53	62	2290.53	89
2291.53	32	2291.53	58	2291.53	86
2292.53	33	2292.53	55	2292.53	83
2293.53	35	2293.53	55	2293.53	79
2294.53	35	2294.53	56	2294.53	76
2295.53	36	2295.53	56	2295.53	75
2296.53	36	2296.53	56	2296.53	74
2297.53	35	2297.53	55	2297.53	73
2298.53	36	2298.53	54	2298.53	72
2299.53	38	2299.53	54	2299.53	72
2300.53	41	2300.53	54	2300.53	71
2301.53	44	2301.53	54	2301.53	70
2302.54	47	2302.54	54	2302.54	70
2303.54	50	2303.54	55	2303.54	71
2304.54	51	2304.54	56	2304.54	71
2305.54	51	2305.54	58	2305.54	71
2306.54	50	2306.54	59	2306.54	71
2307.54	49	2307.54	61	2307.54	71
2308.54	49	2308.54	61	2308.54	70
2309.54	50	2309.54	60	2309.54	69
2310.54	53	2310.54	58	2310.54	68
2311.54	58	2311.54	57	2311.54	67
2312.54	63	2312.54	58	2312.54	67
2313.54	69	2313.54	58	2313.54	67
2314.54	73	2314.54	58	2314.54	68
2315.54	75	2315.54	57	2315.54	68
2316.54	75	2316.54	57	2316.54	68
2317.55	74	2317.55	56	2317.55	67
2318.55	73	2318.55	55	2318.55	64
2319.55	73	2319.55	54	2319.55	62
2320.55	73	2320.55	52	2320.55	61
2321.55	74	2321.55	52	2321.55	60
2322.55	75	2322.55	54	2322.55	59
2323.55	75	2323.55	56	2323.55	57
2324.55	76	2324.55	56	2324.55	56
2325.55	77	2325.55	55	2325.55	55
2326.55	77	2326.55	52	2326.55	55
2327.55	78	2327.55	50	2327.55	55
2328.55	78	2328.55	50	2328.55	55
2329.55	78	2329.55	51	2329.55	56
2330.55	79	2330.55	53	2330.55	57
2331.55	81	2331.55	54	2331.55	57
2332.56	84	2332.56	53	2332.56	57
2333.56	88	2333.56	51	2333.56	56
2334.56	91	2334.56	50	2334.56	55
2335.56	94	2335.56	52	2335.56	54
2336.56	97	2336.56	55	2336.56	53
2337.56	100	2337.56	58	2337.56	53
2338.56	100	2338.56	57	2338.56	51
2339.56	101	2339.56	55	2339.56	50
2340.56	101	2340.56	54	2340.56	49
2341.56	100	2341.56	55	2341.56	49
2342.56	99	2342.56	58	2342.56	48
2343.56	99	2343.56	59	2343.56	48
2344.56	100	2344.56	57	2344.56	48
2345.56	100	2345.56	54	2345.56	48
2346.56	101	2346.56	50	2346.56	49
2347.57	100	2347.57	48	2347.57	49
2348.57	100	2348.57	48	2348.57	49
2349.57	100	2349.57	48	2349.57	51
2350.57	103	2350.57	48	2350.57	59
2351.57	121	2351.57	55	2351.57	84
2352.57	183	2352.57	80	2352.57	145
2353.57	354	2353.57	153	2353.57	281
2354.57	755	2354.57	328	2354.57	542
2355.57	1571	2355.57	695	2355.57	995
2356.57	2998	2356.57	1357	2356.57	1695
2357.57	5125	2357.57	2373	2357.57	2651
2358.57	7815	2358.57	3691	2358.57	3785
2359.57	10650	2359.57	5096	2359.57	4928
2360.57	13008	2360.57	6259	2360.57	5845
2361.57	14262	2361.57	6868	2361.57	6309
2362.58	14054	2362.58	6762	2362.58	6194
2363.58	12491	2363.58	5999	2363.58	5535
2364.58	10091	2364.58	4821	2364.58	4516
2365.58	7504	2365.58	3539	2365.58	3385
2366.58	5220	2366.58	2405	2366.58	2356
2367.58	3462	2367.58	1541	2367.58	1551
2368.58	2239	2368.58	953	2368.58	992
2369.58	1450	2369.58	585	2369.58	637
2370.58	961	2370.58	368	2370.58	420
2371.58	661	2371.58	245	2371.58	289
2372.58	475	2372.58	176	2372.58	207
2373.58	359	2373.58	133	2373.58	156
2374.58	286	2374.58	103	2374.58	124
2375.58	240	2375.58	82	2375.58	102
2376.58	207	2376.58	68	2376.58	86
2377.59	182	2377.59	59	2377.59	74
2378.59	162	2378.59	52	2378.59	65
2379.59	146	2379.59	46	2379.59	58
2380.59	135	2380.59	42	2380.59	54
2381.59	128	2381.59	39	2381.59	51
2382.59	126	2382.59	37	2382.59	47
2383.59	124	2383.59	36	2383.59	43
2384.59	119	2384.59	33	2384.59	40
2385.59	113	2385.59	30	2385.59	38
2386.59	107	2386.59	28	2386.59	37
2387.59	103	2387.59	26	2387.59	36
2388.59	100	2388.59	25	2388.59	33
2389.59	98	2389.59	24	2389.59	30
2390.59	97	2390.59	22	2390.59	27
2391.59	98	2391.59	20	2391.59	24
2392.6	99	2392.6	18	2392.6	22
2393.6	100	2393.6	17	2393.6	19
2394.6	99	2394.6	15	2394.6	17
2395.6	95	2395.6	13	2395.6	16
2396.6	89	2396.6	11	2396.6	15
2397.6	85	2397.6	9	2397.6	15
2398.6	83	2398.6	9	2398.6	15
2399.6	83	2399.6	10	2399.6	14
2400.6	84	2400.6	9	2400.6	13
2401.6	84	2401.6	9	2401.6	11
2402.6	84	2402.6	8	2402.6	10
2403.6	82	2403.6	7	2403.6	9
2404.6	80	2404.6	5	2404.6	9
2405.6	78	2405.6	4	2405.6	8
2406.6	77	2406.6	2	2406.6	8
2407.61	75	2407.61	2	2407.61	7
2408.61	71	2408.61	3	2408.61	7
2409.61	67	2409.61	3	2409.61	6
2410.61	64	2410.61	1	2410.61	6
2411.61	62	2411.61	0	2411.61	6
2412.61	62	2412.61	0	2412.61	7
2413.61	61	2413.61	0	2413.61	7
2414.61	59	2414.61	1	2414.61	7
2415.61	57	2415.61	1	2415.61	7
2416.61	55	2416.61	0	2416.61	6
2417.61	54	2417.61	0	2417.61	5
2418.61	53	2418.61	-1	2418.61	4
2419.61	51	2419.61	-1	2419.61	3
2420.61	48	2420.61	-2	2420.61	4
2421.61	46	2421.61	-2	2421.61	4
2422.62	46	2422.62	-3	2422.62	4
2423.62	45	2423.62	-4	2423.62	4
2424.62	44	2424.62	-4	2424.62	4
2425.62	43	2425.62	-4	2425.62	5
2426.62	43	2426.62	-5	2426.62	4
2427.62	44	2427.62	-7	2427.62	4
2428.62	44	2428.62	-8	2428.62	4
2429.62	43	2429.62	-9	2429.62	4
2430.62	40	2430.62	-9	2430.62	4
2431.62	38	2431.62	-8	2431.62	3
2432.62	38	2432.62	-8	2432.62	2
2433.62	39	2433.62	-7	2433.62	1
2434.62	40	2434.62	-8	2434.62	1
2435.62	39	2435.62	-8	2435.62	0
2436.62	38	2436.62	-9	2436.62	1
2437.63	35	2437.63	-10	2437.63	1
2438.63	32	2438.63	-10	2438.63	2
2439.63	31	2439.63	-11	2439.63	2
2440.63	32	2440.63	-11	2440.63	2
2441.63	33	2441.63	-11	2441.63	1
2442.63	34	2442.63	-11	2442.63	1
2443.63	35	2443.63	-12	2443.63	2
2444.63	36	2444.63	-12	2444.63	2
2445.63	35	2445.63	-12	2445.63	2
2446.63	33	2446.63	-12	2446.63	2
2447.63	31	2447.63	-12	2447.63	2
2448.63	30	2448.63	-11	2448.63	1
2449.63	29	2449.63	-11	2449.63	1
2450.63	30	2450.63	-11	2450.63	0
2451.63	30	2451.63	-11	2451.63	0
2452.64	30	2452.64	-11	2452.64	0
2453.64	29	2453.64	-11	2453.64	0
2454.64	29	2454.64	-12	2454.64	0
2455.64	29	2455.64	-12	2455.64	1
2456.64	29	2456.64	-12	2456.64	2
2457.64	31	2457.64	-11	2457.64	1
2458.64	33	2458.64	-11	2458.64	1
2459.64	36	2459.64	-11	2459.64	0
2460.64	39	2460.64	-11	2460.64	0
2461.64	41	2461.64	-11	2461.64	0
2462.64	43	2462.64	-11	2462.64	1
2463.64	44	2463.64	-12	2463.64	1
2464.64	42	2464.64	-12	2464.64	0
2465.64	38	2465.64	-11	2465.64	-1
2466.64	34	2466.64	-11	2466.64	-1
2467.65	31	2467.65	-11	2467.65	-2
2468.65	27	2468.65	-11	2468.65	-2
2469.65	23	2469.65	-12	2469.65	-1
2470.65	21	2470.65	-12	2470.65	-2
2471.65	20	2471.65	-13	2471.65	-2
2472.65	18	2472.65	-13	2472.65	-2
2473.65	18	2473.65	-13	2473.65	-1
2474.65	17	2474.65	-13	2474.65	0
2475.65	17	2475.65	-13	2475.65	0
2476.65	17	2476.65	-13	2476.65	-1
2477.65	17	2477.65	-13	2477.65	-1
2478.65	18	2478.65	-14	2478.65	-2
2479.65	18	2479.65	-14	2479.65	-1
2480.65	19	2480.65	-13	2480.65	-1
2481.65	19	2481.65	-13	2481.65	-1
2482.66	17	2482.66	-13	2482.66	-1
2483.66	14	2483.66	-13	2483.66	-1
2484.66	12	2484.66	-13	2484.66	0
2485.66	10	2485.66	-13	2485.66	0
2486.66	10	2486.66	-13	2486.66	0
2487.66	10	2487.66	-13	2487.66	0
2488.66	10	2488.66	-12	2488.66	0
2489.66	11	2489.66	-12	2489.66	-1
2490.66	11	2490.66	-13	2490.66	-2
2491.66	13	2491.66	-13	2491.66	-3
2492.66	13	2492.66	-13	2492.66	-3
2493.66	12	2493.66	-13	2493.66	-2
2494.66	12	2494.66	-13	2494.66	-1
2495.66	11	2495.66	-14	2495.66	-1
2496.66	10	2496.66	-15	2496.66	-2
2497.67	9	2497.67	-16	2497.67	-2
2498.67	9	2498.67	-16	2498.67	-2
2499.67	9	2499.67	-17	2499.67	-1
2500.67	9	2500.67	-17	2500.67	-2
2501.67	10	2501.67	-17	2501.67	-2
2502.67	11	2502.67	-16	2502.67	-3
2503.67	11	2503.67	-16	2503.67	-3
2504.67	11	2504.67	-16	2504.67	-2
2505.67	10	2505.67	-16	2505.67	-2
2506.67	9	2506.67	-16	2506.67	-2
2507.67	8	2507.67	-16	2507.67	-2
2508.67	7	2508.67	-16	2508.67	-2
2509.67	7	2509.67	-16	2509.67	-2
2510.67	7	2510.67	-16	2510.67	-2
2511.67	9	2511.67	-17	2511.67	-2
2512.68	10	2512.68	-17	2512.68	-3
2513.68	11	2513.68	-17	2513.68	-3
2514.68	11	2514.68	-16	2514.68	-2
2515.68	11	2515.68	-16	2515.68	-1
2516.68	10	2516.68	-15	2516.68	-2
2517.68	9	2517.68	-15	2517.68	-2
2518.68	9	2518.68	-15	2518.68	-3
2519.68	8	2519.68	-15	2519.68	-3
2520.68	8	2520.68	-16	2520.68	-3
2521.68	7	2521.68	-16	2521.68	-3
2522.68	7	2522.68	-16	2522.68	-3
2523.68	7	2523.68	-15	2523.68	-3
2524.68	7	2524.68	-15	2524.68	-3
2525.68	7	2525.68	-15	2525.68	-3
2526.68	6	2526.68	-15	2526.68	-3
2527.69	6	2527.69	-16	2527.69	-2
2528.69	5	2528.69	-16	2528.69	-1
2529.69	4	2529.69	-16	2529.69	-1
2530.69	4	2530.69	-15	2530.69	-2
2531.69	6	2531.69	-15	2531.69	-2
2532.69	8	2532.69	-15	2532.69	-3
2533.69	8	2533.69	-15	2533.69	-3
2534.69	7	2534.69	-15	2534.69	-2
2535.69	6	2535.69	-15	2535.69	-2
2536.69	6	2536.69	-15	2536.69	-3
2537.69	7	2537.69	-15	2537.69	-4
2538.69	8	2538.69	-14	2538.69	-4
2539.69	8	2539.69	-14	2539.69	-4
2540.69	7	2540.69	-15	2540.69	-3
2541.69	7	2541.69	-15	2541.69	-3
2542.7	8	2542.7	-15	2542.7	-3
2543.7	8	2543.7	-15	2543.7	-2
2544.7	7	2544.7	-15	2544.7	-2
2545.7	6	2545.7	-15	2545.7	-3
2546.7	5	2546.7	-15	2546.7	-3
2547.7	6	2547.7	-15	2547.7	-3
2548.7	6	2548.7	-15	2548.7	-3
2549.7	7	2549.7	-15	2549.7	-2
2550.7	8	2550.7	-15	2550.7	-2
2551.7	10	2551.7	-15	2551.7	-3
2552.7	10	2552.7	-15	2552.7	-3
2553.7	9	2553.7	-15	2553.7	-4
2554.7	7	2554.7	-15	2554.7	-4
2555.7	7	2555.7	-14	2555.7	-3
2556.7	8	2556.7	-14	2556.7	-3
2557.71	10	2557.71	-13	2557.71	-3
2558.71	10	2558.71	-14	2558.71	-3
2559.71	10	2559.71	-14	2559.71	-4
2560.71	9	2560.71	-15	2560.71	-3
2561.71	9	2561.71	-15	2561.71	-3
2562.71	9	2562.71	-15	2562.71	-2
2563.71	9	2563.71	-15	2563.71	-2
2564.71	8	2564.71	-14	2564.71	-2
2565.71	8	2565.71	-13	2565.71	-2
2566.71	8	2566.71	-13	2566.71	-2
2567.71	8	2567.71	-13	2567.71	-1
2568.71	8	2568.71	-13	2568.71	-1
2569.71	9	2569.71	-12	2569.71	-1
2570.71	9	2570.71	-12	2570.71	-2
2571.71	8	2571.71	-12	2571.71	-3
2572.72	7	2572.72	-13	2572.72	-3
2573.72	7	2573.72	-13	2573.72	-3
2574.72	6	2574.72	-13	2574.72	-2
2575.72	6	2575.72	-14	2575.72	-2
2576.72	5	2576.72	-14	2576.72	-1
2577.72	6	2577.72	-13	2577.72	-2
2578.72	8	2578.72	-13	2578.72	-1
2579.72	10	2579.72	-13	2579.72	-1
2580.72	11	2580.72	-13	2580.72	-2
2581.72	11	2581.72	-13	2581.72	-2
2582.72	11	2582.72	-13	2582.72	-3
2583.72	10	2583.72	-13	2583.72	-2
2584.72	9	2584.72	-13	2584.72	-2
2585.72	9	2585.72	-14	2585.72	-2
2586.72	10	2586.72	-13	2586.72	-2
2587.73	10	2587.73	-12	2587.73	-2
2588.73	9	2588.73	-12	2588.73	-1
2589.73	7	2589.73	-12	2589.73	-1
2590.73	6	2590.73	-13	2590.73	-1
2591.73	6	2591.73	-14	2591.73	-1
2592.73	8	2592.73	-14	2592.73	-1
2593.73	9	2593.73	-14	2593.73	-1
2594.73	10	2594.73	-14	2594.73	-1
2595.73	9	2595.73	-13	2595.73	-1
2596.73	8	2596.73	-13	2596.73	-1
2597.73	8	2597.73	-13	2597.73	-1
2598.73	8	2598.73	-13	2598.73	0
2599.73	8	2599.73	-13	2599.73	0
2600.73	8	2600.73	-13	2600.73	0
2601.73	8	2601.73	-12	2601.73	-1
2602.74	7	2602.74	-13	2602.74	-1
2603.74	7	2603.74	-13	2603.74	-1
2604.74	6	2604.74	-13	2604.74	0
2605.74	5	2605.74	-13	2605.74	1
2606.74	5	2606.74	-13	2606.74	1
2607.74	5	2607.74	-13	2607.74	2
2608.74	6	2608.74	-14	2608.74	2
2609.74	8	2609.74	-14	2609.74	3
2610.74	9	2610.74	-13	2610.74	3
2611.74	10	2611.74	-13	2611.74	3
2612.74	10	2612.74	-14	2612.74	3
2613.74	10	2613.74	-14	2613.74	3
2614.74	10	2614.74	-13	2614.74	2
2615.74	10	2615.74	-13	2615.74	2
2616.74	11	2616.74	-12	2616.74	1
2617.75	13	2617.75	-12	2617.75	1
2618.75	14	2618.75	-12	2618.75	1
2619.75	13	2619.75	-13	2619.75	1
2620.75	11	2620.75	-12	2620.75	1
2621.75	10	2621.75	-12	2621.75	1
2622.75	9	2622.75	-12	2622.75	1
2623.75	9	2623.75	-12	2623.75	1
2624.75	10	2624.75	-12	2624.75	1
2625.75	10	2625.75	-12	2625.75	2
2626.75	10	2626.75	-12	2626.75	2
2627.75	11	2627.75	-12	2627.75	3
2628.75	11	2628.75	-12	2628.75	3
2629.75	10	2629.75	-12	2629.75	3
2630.75	9	2630.75	-11	2630.75	3
2631.75	10	2631.75	-11	2631.75	2
2632.76	11	2632.76	-11	2632.76	1
2633.76	11	2633.76	-12	2633.76	0
2634.76	9	2634.76	-12	2634.76	0
2635.76	8	2635.76	-13	2635.76	0
2636.76	9	2636.76	-13	2636.76	0
2637.76	10	2637.76	-12	2637.76	0
2638.76	11	2638.76	-12	2638.76	0
2639.76	11	2639.76	-11	2639.76	1
2640.76	10	2640.76	-11	2640.76	1
2641.76	10	2641.76	-11	2641.76	1
2642.76	10	2642.76	-11	2642.76	1
2643.76	11	2643.76	-11	2643.76	0
2644.76	12	2644.76	-11	2644.76	0
2645.76	12	2645.76	-11	2645.76	0
2646.76	13	2646.76	-11	2646.76	0
2647.77	13	2647.77	-12	2647.77	0
2648.77	13	2648.77	-11	2648.77	0
2649.77	13	2649.77	-11	2649.77	0
2650.77	13	2650.77	-10	2650.77	-1
2651.77	12	2651.77	-9	2651.77	-2
2652.77	11	2652.77	-9	2652.77	-2
2653.77	10	2653.77	-10	2653.77	-2
2654.77	9	2654.77	-10	2654.77	-1
2655.77	9	2655.77	-11	2655.77	0
2656.77	8	2656.77	-11	2656.77	0
2657.77	7	2657.77	-11	2657.77	0
2658.77	7	2658.77	-11	2658.77	0
2659.77	7	2659.77	-12	2659.77	0
2660.77	8	2660.77	-12	2660.77	1
2661.77	9	2661.77	-12	2661.77	1
2662.78	10	2662.78	-12	2662.78	1
2663.78	10	2663.78	-11	2663.78	2
2664.78	10	2664.78	-11	2664.78	1
2665.78	10	2665.78	-12	2665.78	0
2666.78	9	2666.78	-12	2666.78	0
2667.78	8	2667.78	-11	2667.78	-1
2668.78	7	2668.78	-10	2668.78	-1
2669.78	6	2669.78	-10	2669.78	-1
2670.78	5	2670.78	-11	2670.78	0
2671.78	5	2671.78	-11	2671.78	0
2672.78	5	2672.78	-11	2672.78	0
2673.78	7	2673.78	-11	2673.78	0
2674.78	8	2674.78	-10	2674.78	1
2675.78	9	2675.78	-10	2675.78	1
2676.78	9	2676.78	-10	2676.78	1
2677.79	9	2677.79	-10	2677.79	0
2678.79	10	2678.79	-10	2678.79	-1
2679.79	11	2679.79	-9	2679.79	0
2680.79	10	2680.79	-10	2680.79	0
2681.79	9	2681.79	-10	2681.79	0
2682.79	9	2682.79	-10	2682.79	1
2683.79	8	2683.79	-11	2683.79	1
2684.79	7	2684.79	-11	2684.79	1
2685.79	6	2685.79	-11	2685.79	0
2686.79	7	2686.79	-11	2686.79	-1
2687.79	8	2687.79	-11	2687.79	-2
2688.79	8	2688.79	-11	2688.79	-2
2689.79	8	2689.79	-12	2689.79	-1
2690.79	7	2690.79	-12	2690.79	-1
2691.79	7	2691.79	-12	2691.79	0
2692.8	7	2692.8	-12	2692.8	1
2693.8	7	2693.8	-11	2693.8	1
2694.8	7	2694.8	-10	2694.8	1
2695.8	8	2695.8	-9	2695.8	1
2696.8	8	2696.8	-9	2696.8	1
2697.8	7	2697.8	-9	2697.8	1
2698.8	7	2698.8	-10	2698.8	0
2699.8	7	2699.8	-10	2699.8	0
2700.8	8	2700.8	-10	2700.8	0
2701.8	8	2701.8	-10	2701.8	0
2702.8	9	2702.8	-10	2702.8	0
2703.8	9	2703.8	-9	2703.8	0
2704.8	9	2704.8	-9	2704.8	0
2705.8	9	2705.8	-9	2705.8	0
2706.8	9	2706.8	-9	2706.8	0
2707.81	9	2707.81	-9	2707.81	0
2708.81	9	2708.81	-10	2708.81	0
2709.81	9	2709.81	-10	2709.81	1
2710.81	9	2710.81	-9	2710.81	1
2711.81	9	2711.81	-9	2711.81	1
2712.81	9	2712.81	-9	2712.81	0
2713.81	10	2713.81	-10	2713.81	0
2714.81	9	2714.81	-10	2714.81	0
2715.81	9	2715.81	-10	2715.81	0
2716.81	9	2716.81	-9	2716.81	0
2717.81	9	2717.81	-9	2717.81	0
2718.81	10	2718.81	-9	2718.81	0
2719.81	11	2719.81	-9	2719.81	0
2720.81	12	2720.81	-9	2720.81	-1
2721.81	12	2721.81	-9	2721.81	-1
2722.82	12	2722.82	-10	2722.82	-1
2723.82	12	2723.82	-10	2723.82	-1
2724.82	10	2724.82	-10	2724.82	-1
2725.82	9	2725.82	-10	2725.82	-1
2726.82	7	2726.82	-10	2726.82	-1
2727.82	8	2727.82	-10	2727.82	0
2728.82	9	2728.82	-10	2728.82	2
2729.82	10	2729.82	-10	2729.82	3
2730.82	10	2730.82	-10	2730.82	3
2731.82	10	2731.82	-9	2731.82	3
2732.82	11	2732.82	-9	2732.82	2
2733.82	11	2733.82	-9	2733.82	1
2734.82	10	2734.82	-9	2734.82	1
2735.82	9	2735.82	-9	2735.82	1
2736.82	9	2736.82	-9	2736.82	2
2737.83	9	2737.83	-9	2737.83	2
2738.83	9	2738.83	-9	2738.83	1
2739.83	8	2739.83	-10	2739.83	1
2740.83	7	2740.83	-10	2740.83	1
2741.83	7	2741.83	-9	2741.83	0
2742.83	7	2742.83	-9	2742.83	0
2743.83	7	2743.83	-9	2743.83	0
2744.83	7	2744.83	-9	2744.83	0
2745.83	6	2745.83	-9	2745.83	1
2746.83	6	2746.83	-9	2746.83	0
2747.83	5	2747.83	-8	2747.83	0
2748.83	6	2748.83	-8	2748.83	1
2749.83	8	2749.83	-8	2749.83	1
2750.83	10	2750.83	-8	2750.83	1
2751.83	9	2751.83	-9	2751.83	1
2752.84	8	2752.84	-10	2752.84	1
2753.84	7	2753.84	-10	2753.84	2
2754.84	6	2754.84	-10	2754.84	2
2755.84	5	2755.84	-9	2755.84	2
2756.84	5	2756.84	-8	2756.84	2
2757.84	5	2757.84	-7	2757.84	1
2758.84	6	2758.84	-8	2758.84	1
2759.84	7	2759.84	-8	2759.84	2
2760.84	8	2760.84	-8	2760.84	3
2761.84	9	2761.84	-8	2761.84	3
2762.84	9	2762.84	-8	2762.84	3
2763.84	8	2763.84	-8	2763.84	2
2764.84	8	2764.84	-8	2764.84	1
2765.84	7	2765.84	-8	2765.84	1
2766.84	7	2766.84	-8	2766.84	1
2767.85	7	2767.85	-8	2767.85	1
2768.85	8	2768.85	-8	2768.85	0
2769.85	10	2769.85	-8	2769.85	0
2770.85	10	2770.85	-8	2770.85	0
2771.85	10	2771.85	-8	2771.85	1
2772.85	9	2772.85	-9	2772.85	1
2773.85	10	2773.85	-8	2773.85	1
2774.85	10	2774.85	-8	2774.85	1
2775.85	10	2775.85	-8	2775.85	1
2776.85	10	2776.85	-7	2776.85	1
2777.85	9	2777.85	-7	2777.85	1
2778.85	8	2778.85	-7	2778.85	1
2779.85	8	2779.85	-7	2779.85	1
2780.85	8	2780.85	-7	2780.85	1
2781.85	8	2781.85	-7	2781.85	0
2782.86	8	2782.86	-6	2782.86	0
2783.86	8	2783.86	-6	2783.86	0
2784.86	7	2784.86	-7	2784.86	1
2785.86	6	2785.86	-7	2785.86	1
2786.86	5	2786.86	-8	2786.86	1
2787.86	5	2787.86	-8	2787.86	1
2788.86	6	2788.86	-8	2788.86	0
2789.86	6	2789.86	-8	2789.86	0
2790.86	6	2790.86	-8	2790.86	0
2791.86	6	2791.86	-7	2791.86	1
2792.86	7	2792.86	-7	2792.86	1
2793.86	8	2793.86	-7	2793.86	1
2794.86	9	2794.86	-8	2794.86	0
2795.86	10	2795.86	-8	2795.86	-1
2796.86	11	2796.86	-8	2796.86	-2
2797.87	9	2797.87	-8	2797.87	-2
2798.87	8	2798.87	-7	2798.87	-1
2799.87	8	2799.87	-8	2799.87	0
2800.87	9	2800.87	-8	2800.87	0
2801.87	8	2801.87	-7	2801.87	0
2802.87	7	2802.87	-6	2802.87	0
2803.87	6	2803.87	-6	2803.87	0
2804.87	6	2804.87	-5	2804.87	0
2805.87	7	2805.87	-5	2805.87	1
2806.87	7	2806.87	-6	2806.87	0
2807.87	8	2807.87	-7	2807.87	-1
2808.87	8	2808.87	-8	2808.87	-2
2809.87	8	2809.87	-8	2809.87	-2
2810.87	8	2810.87	-8	2810.87	-2
2811.87	9	2811.87	-8	2811.87	-1
2812.88	8	2812.88	-8	2812.88	-1
2813.88	8	2813.88	-8	2813.88	0
2814.88	8	2814.88	-8	2814.88	0
2815.88	7	2815.88	-7	2815.88	1
2816.88	6	2816.88	-7	2816.88	1
2817.88	5	2817.88	-6	2817.88	1
2818.88	6	2818.88	-6	2818.88	0
2819.88	8	2819.88	-6	2819.88	-1
2820.88	9	2820.88	-7	2820.88	-1
2821.88	9	2821.88	-8	2821.88	0
2822.88	8	2822.88	-8	2822.88	0
2823.88	7	2823.88	-7	2823.88	1
2824.88	7	2824.88	-6	2824.88	1
2825.88	6	2825.88	-6	2825.88	1
2826.88	6	2826.88	-7	2826.88	1
2827.89	8	2827.89	-7	2827.89	0
2828.89	8	2828.89	-7	2828.89	0
2829.89	7	2829.89	-7	2829.89	0
2830.89	6	2830.89	-6	2830.89	1
2831.89	6	2831.89	-6	2831.89	1
2832.89	7	2832.89	-6	2832.89	1
2833.89	7	2833.89	-6	2833.89	1
2834.89	8	2834.89	-6	2834.89	0
2835.89	8	2835.89	-7	2835.89	1
2836.89	9	2836.89	-7	2836.89	1
2837.89	9	2837.89	-7	2837.89	1
2838.89	8	2838.89	-7	2838.89	0
2839.89	7	2839.89	-7	2839.89	0
2840.89	7	2840.89	-7	2840.89	0
2841.89	7	2841.89	-6	2841.89	0
2842.9	8	2842.9	-6	2842.9	1
2843.9	8	2843.9	-5	2843.9	0
2844.9	9	2844.9	-5	2844.9	0
2845.9	8	2845.9	-5	2845.9	0
2846.9	7	2846.9	-5	2846.9	0
2847.9	7	2847.9	-5	2847.9	0
2848.9	7	2848.9	-6	2848.9	0
2849.9	8	2849.9	-6	2849.9	1
2850.9	8	2850.9	-6	2850.9	1
2851.9	9	2851.9	-5	2851.9	1
2852.9	9	2852.9	-5	2852.9	1
2853.9	10	2853.9	-5	2853.9	1
2854.9	10	2854.9	-5	2854.9	1
2855.9	9	2855.9	-5	2855.9	0
2856.9	7	2856.9	-5	2856.9	0
2857.91	7	2857.91	-5	2857.91	0
2858.91	7	2858.91	-4	2858.91	1
2859.91	8	2859.91	-3	2859.91	1
2860.91	9	2860.91	-3	2860.91	1
2861.91	10	2861.91	-4	2861.91	1
2862.91	10	2862.91	-5	2862.91	1
2863.91	9	2863.91	-6	2863.91	0
2864.91	7	2864.91	-6	2864.91	0
2865.91	6	2865.91	-6	2865.91	0
2866.91	6	2866.91	-6	2866.91	0
2867.91	7	2867.91	-5	2867.91	0
2868.91	8	2868.91	-5	2868.91	-1
2869.91	8	2869.91	-5	2869.91	-1
2870.91	8	2870.91	-5	2870.91	0
2871.91	8	2871.91	-5	2871.91	0
2872.92	8	2872.92	-5	2872.92	1
2873.92	8	2873.92	-5	2873.92	1
2874.92	8	2874.92	-4	2874.92	1
2875.92	8	2875.92	-4	2875.92	1
2876.92	9	2876.92	-4	2876.92	1
2877.92	8	2877.92	-4	2877.92	1
2878.92	8	2878.92	-4	2878.92	0
2879.92	7	2879.92	-4	2879.92	0
2880.92	7	2880.92	-4	2880.92	0
2881.92	8	2881.92	-5	2881.92	0
2882.92	7	2882.92	-5	2882.92	0
2883.92	6	2883.92	-5	2883.92	0
2884.92	5	2884.92	-5	2884.92	0
2885.92	5	2885.92	-5	2885.92	0
2886.92	6	2886.92	-5	2886.92	-1
2887.93	6	2887.93	-5	2887.93	-1
2888.93	6	2888.93	-5	2888.93	-1
2889.93	6	2889.93	-4	2889.93	-1
2890.93	6	2890.93	-4	2890.93	0
2891.93	6	2891.93	-3	2891.93	0
2892.93	6	2892.93	-4	2892.93	0
2893.93	6	2893.93	-5	2893.93	0
2894.93	5	2894.93	-5	2894.93	-1
2895.93	3	2895.93	-4	2895.93	-1
2896.93	2	2896.93	-4	2896.93	-1
2897.93	3	2897.93	-5	2897.93	-1
2898.93	4	2898.93	-5	2898.93	0
2899.93	5	2899.93	-5	2899.93	0
2900.93	6	2900.93	-4	2900.93	0
2901.93	6	2901.93	-4	2901.93	0
2902.94	7	2902.94	-4	2902.94	0
2903.94	6	2903.94	-4	2903.94	0
2904.94	6	2904.94	-3	2904.94	0
2905.94	5	2905.94	-4	2905.94	0
2906.94	6	2906.94	-4	2906.94	0
2907.94	6	2907.94	-4	2907.94	-1
2908.94	6	2908.94	-4	2908.94	-2
2909.94	5	2909.94	-5	2909.94	-2
2910.94	5	2910.94	-5	2910.94	-1
2911.94	6	2911.94	-5	2911.94	-1
2912.94	6	2912.94	-4	2912.94	0
2913.94	6	2913.94	-4	2913.94	0
2914.94	6	2914.94	-4	2914.94	0
2915.94	6	2915.94	-4	2915.94	0
2916.94	7	2916.94	-4	2916.94	-1
2917.95	8	2917.95	-3	2917.95	-1
2918.95	7	2918.95	-3	2918.95	-1
2919.95	6	2919.95	-4	2919.95	-1
2920.95	6	2920.95	-4	2920.95	-2
2921.95	7	2921.95	-3	2921.95	-2
2922.95	8	2922.95	-3	2922.95	-2
2923.95	8	2923.95	-3	2923.95	-2
2924.95	7	2924.95	-3	2924.95	-3
2925.95	6	2925.95	-3	2925.95	-2
2926.95	6	2926.95	-3	2926.95	-2
2927.95	6	2927.95	-4	2927.95	-1
2928.95	6	2928.95	-4	2928.95	-1
2929.95	6	2929.95	-4	2929.95	-1
2930.95	6	2930.95	-4	2930.95	0
2931.95	5	2931.95	-4	2931.95	0
2932.96	3	2932.96	-4	2932.96	0
2933.96	3	2933.96	-4	2933.96	0
2934.96	3	2934.96	-4	2934.96	0
2935.96	5	2935.96	-4	2935.96	0
2936.96	6	2936.96	-4	2936.96	-1
2937.96	6	2937.96	-4	2937.96	-1
2938.96	6	2938.96	-3	2938.96	-1
2939.96	5	2939.96	-3	2939.96	-1
2940.96	5	2940.96	-3	2940.96	-2
2941.96	6	2941.96	-3	2941.96	-1
2942.96	6	2942.96	-4	2942.96	-1
2943.96	5	2943.96	-4	2943.96	-1
2944.96	5	2944.96	-4	2944.96	-1
2945.96	5	2945.96	-4	2945.96	-1
2946.96	6	2946.96	-4	2946.96	-1
2947.97	6	2947.97	-5	2947.97	0
2948.97	6	2948.97	-5	2948.97	0
2949.97	7	2949.97	-6	2949.97	0
2950.97	7	2950.97	-5	2950.97	-1
2951.97	8	2951.97	-4	2951.97	-1
2952.97	8	2952.97	-4	2952.97	-1
2953.97	7	2953.97	-3	2953.97	-1
2954.97	6	2954.97	-4	2954.97	-1
2955.97	6	2955.97	-4	2955.97	-1
2956.97	6	2956.97	-4	2956.97	-1
2957.97	5	2957.97	-3	2957.97	-1
2958.97	5	2958.97	-3	2958.97	-1
2959.97	4	2959.97	-3	2959.97	-2
2960.97	3	2960.97	-3	2960.97	-2
2961.97	4	2961.97	-2	2961.97	-2
2962.98	4	2962.98	-2	2962.98	-2
2963.98	4	2963.98	-2	2963.98	-1
2964.98	3	2964.98	-2	2964.98	0
2965.98	3	2965.98	-2	2965.98	0
2966.98	3	2966.98	-2	2966.98	0
2967.98	2	2967.98	-3	2967.98	0
2968.98	2	2968.98	-3	2968.98	-1
2969.98	2	2969.98	-3	2969.98	-1
2970.98	4	2970.98	-2	2970.98	-1
2971.98	5	2971.98	-2	2971.98	-1
2972.98	7	2972.98	-1	2972.98	0
2973.98	8	2973.98	-2	2973.98	0
2974.98	8	2974.98	-3	2974.98	0
2975.98	7	2975.98	-4	2975.98	-1
2976.98	6	2976.98	-4	2976.98	-2
2977.99	6	2977.99	-4	2977.99	-2
2978.99	7	2978.99	-3	2978.99	-1
2979.99	6	2979.99	-2	2979.99	-1
2980.99	6	2980.99	-2	2980.99	-1
2981.99	5	2981.99	-2	2981.99	-1
2982.99	4	2982.99	-2	2982.99	-1
2983.99	4	2983.99	-2	2983.99	-1
2984.99	3	2984.99	-2	2984.99	-1
2985.99	2	2985.99	-1	2985.99	0
2986.99	1	2986.99	-1	2986.99	0
2987.99	0	2987.99	-1	2987.99	0
2988.99	1	2988.99	-1	2988.99	0
2989.99	2	2989.99	-1	2989.99	0
2990.99	4	2990.99	-2	2990.99	-1
2991.99	4	2991.99	-2	2991.99	-1
2993	3	2993	-2	2993	0
2994	4	2994	-1	2994	1
2995	5	2995	-2	2995	1
2996	5	2996	-2	2996	1
2997	4	2997	-2	2997	1
2998	3	2998	-2	2998	0
2999	2	2999	-3	2999	-1
