Time (HH:MM:SS) - Plot 0	RFU - Plot 0	Time (HH:MM:SS) - Plot 1	RFU - Plot 1	Time (HH:MM:SS) - Plot 2	RFU - Plot 2
0	0	0	0	0	0
1.00067	0	1.00067	0	1.00067	0
2.00133	0	2.00133	0	2.00133	0
3.002	0	3.002	0	3.002	0
4.00267	0	4.00267	0	4.00267	0
5.00334	0	5.00334	0	5.00334	0
6.004	0	6.004	0	6.004	0
7.00467	0	7.00467	0	7.00467	0
8.00534	0	8.00534	0	8.00534	0
9.006	0	9.006	0	9.006	0
10.0067	0	10.0067	0	10.0067	0
11.0073	0	11.0073	0	11.0073	0
12.008	0	12.008	0	12.008	0
13.0087	0	13.0087	0	13.0087	0
14.0093	0	14.0093	0	14.0093	0
15.01	0	15.01	0	15.01	0
16.0107	0	16.0107	0	16.0107	0
17.0113	0	17.0113	0	17.0113	0
18.012	0	18.012	0	18.012	0
19.0127	0	19.0127	0	19.0127	0
20.0133	0	20.0133	0	20.0133	0
21.014	0	21.014	0	21.014	0
22.0147	0	22.0147	0	22.0147	0
23.0153	0	23.0153	0	23.0153	0
24.016	0	24.016	0	24.016	0
25.0167	0	25.0167	0	25.0167	0
26.0173	0	26.0173	0	26.0173	0
27.018	0	27.018	0	27.018	0
28.0187	0	28.0187	0	28.0187	0
29.0193	0	29.0193	0	29.0193	0
30.02	0	30.02	0	30.02	0
31.0207	0	31.0207	0	31.0207	0
32.0213	0	32.0213	0	32.0213	0
33.022	0	33.022	0	33.022	0
34.0227	0	34.0227	0	34.0227	0
35.0233	0	35.0233	0	35.0233	0
36.024	0	36.024	0	36.024	0
37.0247	0	37.0247	0	37.0247	0
38.0254	0	38.0254	0	38.0254	0
39.026	0	39.026	0	39.026	0
40.0267	0	40.0267	0	40.0267	0
41.0274	0	41.0274	0	41.0274	0
42.028	0	42.028	0	42.028	0
43.0287	0	43.0287	0	43.0287	0
44.0294	0	44.0294	0	44.0294	0
45.03	0	45.03	0	45.03	0
46.0307	0	46.0307	0	46.0307	0
47.0314	0	47.0314	0	47.0314	0
48.032	0	48.032	0	48.032	0
49.0327	0	49.0327	0	49.0327	0
50.0334	0	50.0334	0	50.0334	0
51.034	0	51.034	0	51.034	0
52.0347	0	52.0347	0	52.0347	0
53.0354	0	53.0354	0	53.0354	0
54.036	0	54.036	0	54.036	0
55.0367	0	55.0367	0	55.0367	0
56.0374	0	56.0374	0	56.0374	0
57.038	0	57.038	0	57.038	0
58.0387	0	58.0387	0	58.0387	0
59.0394	0	59.0394	0	59.0394	0
60.04	0	60.04	0	60.04	0
61.0407	0	61.0407	0	61.0407	0
62.0414	0	62.0414	0	62.0414	0
63.042	0	63.042	0	63.042	0
64.0427	0	64.0427	0	64.0427	0
65.0434	0	65.0434	0	65.0434	0
66.044	0	66.044	0	66.044	0
67.0447	0	67.0447	0	67.0447	0
68.0454	0	68.0454	0	68.0454	0
69.046	0	69.046	0	69.046	0
70.0467	0	70.0467	0	70.0467	0
71.0474	0	71.0474	0	71.0474	0
72.048	0	72.048	0	72.048	0
73.0487	0	73.0487	0	73.0487	0
74.0494	0	74.0494	0	74.0494	0
75.05	0	75.05	0	75.05	0
76.0507	0	76.0507	0	76.0507	0
77.0514	0	77.0514	0	77.0514	0
78.052	0	78.052	0	78.052	0
79.0527	0	79.0527	0	79.0527	0
80.0534	0	80.0534	0	80.0534	0
81.054	0	81.054	0	81.054	0
82.0547	0	82.0547	0	82.0547	0
83.0554	0	83.0554	0	83.0554	0
84.056	0	84.056	0	84.056	0
85.0567	0	85.0567	0	85.0567	0
86.0574	0	86.0574	0	86.0574	0
87.058	0	87.058	0	87.058	0
88.0587	0	88.0587	0	88.0587	0
89.0594	0	89.0594	0	89.0594	0
90.06	0	90.06	0	90.06	0
91.0607	0	91.0607	0	91.0607	0
92.0614	0	92.0614	0	92.0614	0
93.062	0	93.062	0	93.062	0
94.0627	0	94.0627	0	94.0627	0
95.0634	0	95.0634	0	95.0634	0
96.064	0	96.064	0	96.064	0
97.0647	0	97.0647	0	97.0647	0
98.0654	0	98.0654	0	98.0654	0
99.066	0	99.066	0	99.066	0
100.067	0	100.067	0	100.067	0
101.067	0	101.067	0	101.067	0
102.068	0	102.068	0	102.068	0
103.069	0	103.069	0	103.069	0
104.069	0	104.069	0	104.069	0
105.07	0	105.07	0	105.07	0
106.071	0	106.071	0	106.071	0
107.071	0	107.071	0	107.071	0
108.072	0	108.072	0	108.072	0
109.073	0	109.073	0	109.073	0
110.073	0	110.073	0	110.073	0
111.074	0	111.074	0	111.074	0
112.075	0	112.075	0	112.075	0
113.075	0	113.075	0	113.075	0
114.076	0	114.076	0	114.076	0
115.077	0	115.077	0	115.077	0
116.077	0	116.077	0	116.077	0
117.078	0	117.078	0	117.078	0
118.079	0	118.079	0	118.079	0
119.079	0	119.079	0	119.079	0
120.08	0	120.08	0	120.08	0
121.081	0	121.081	0	121.081	0
122.081	0	122.081	0	122.081	0
123.082	0	123.082	0	123.082	0
124.083	0	124.083	0	124.083	0
125.083	0	125.083	0	125.083	0
126.084	0	126.084	0	126.084	0
127.085	0	127.085	0	127.085	0
128.085	0	128.085	0	128.085	0
129.086	0	129.086	0	129.086	0
130.087	0	130.087	0	130.087	0
131.087	0	131.087	0	131.087	0
132.088	0	132.088	0	132.088	0
133.089	0	133.089	0	133.089	0
134.089	0	134.089	0	134.089	0
135.09	0	135.09	0	135.09	0
136.091	0	136.091	0	136.091	0
137.091	0	137.091	0	137.091	0
138.092	0	138.092	0	138.092	0
139.093	0	139.093	0	139.093	0
140.093	0	140.093	0	140.093	0
141.094	0	141.094	0	141.094	0
142.095	0	142.095	0	142.095	0
143.095	0	143.095	0	143.095	0
144.096	0	144.096	0	144.096	0
145.097	0	145.097	0	145.097	0
146.097	0	146.097	0	146.097	0
147.098	0	147.098	0	147.098	0
148.099	0	148.099	0	148.099	0
149.099	0	149.099	0	149.099	0
150.1	0	150.1	0	150.1	0
151.101	0	151.101	0	151.101	0
152.101	0	152.101	0	152.101	0
153.102	0	153.102	0	153.102	0
154.103	0	154.103	0	154.103	0
155.103	0	155.103	0	155.103	0
156.104	0	156.104	0	156.104	0
157.105	0	157.105	0	157.105	0
158.105	0	158.105	0	158.105	0
159.106	0	159.106	0	159.106	0
160.107	0	160.107	0	160.107	0
161.107	0	161.107	0	161.107	0
162.108	0	162.108	0	162.108	0
163.109	0	163.109	0	163.109	0
164.109	0	164.109	0	164.109	0
165.11	0	165.11	0	165.11	0
166.111	0	166.111	0	166.111	0
167.111	0	167.111	0	167.111	0
168.112	0	168.112	0	168.112	0
169.113	0	169.113	0	169.113	0
170.113	0	170.113	0	170.113	0
171.114	0	171.114	0	171.114	0
172.115	0	172.115	0	172.115	0
173.115	0	173.115	0	173.115	0
174.116	0	174.116	0	174.116	0
175.117	0	175.117	0	175.117	0
176.117	0	176.117	0	176.117	0
177.118	0	177.118	0	177.118	0
178.119	0	178.119	0	178.119	0
179.119	0	179.119	0	179.119	0
180.12	0	180.12	0	180.12	0
181.121	0	181.121	0	181.121	0
182.121	0	182.121	0	182.121	0
183.122	0	183.122	0	183.122	0
184.123	0	184.123	0	184.123	0
185.123	0	185.123	0	185.123	0
186.124	0	186.124	0	186.124	0
187.125	0	187.125	0	187.125	0
188.125	0	188.125	0	188.125	0
189.126	0	189.126	0	189.126	0
190.127	0	190.127	0	190.127	0
191.127	0	191.127	0	191.127	0
192.128	0	192.128	0	192.128	0
193.129	0	193.129	0	193.129	0
194.129	0	194.129	0	194.129	0
195.13	0	195.13	0	195.13	0
196.131	0	196.131	0	196.131	0
197.131	0	197.131	0	197.131	0
198.132	0	198.132	0	198.132	0
199.133	0	199.133	0	199.133	0
200.133	0	200.133	0	200.133	0
201.134	0	201.134	0	201.134	0
202.135	0	202.135	0	202.135	0
203.135	0	203.135	0	203.135	0
204.136	0	204.136	0	204.136	0
205.137	0	205.137	0	205.137	0
206.137	0	206.137	1	206.137	0
207.138	0	207.138	2	207.138	0
208.139	0	208.139	3	208.139	0
209.139	0	209.139	3	209.139	2
210.14	0	210.14	3	210.14	3
211.141	0	211.141	3	211.141	3
212.141	0	212.141	4	212.141	3
213.142	0	213.142	4	213.142	2
214.143	0	214.143	3	214.143	3
215.143	0	215.143	3	215.143	3
216.144	0	216.144	3	216.144	4
217.145	0	217.145	4	217.145	6
218.145	0	218.145	3	218.145	7
219.146	0	219.146	3	219.146	7
220.147	0	220.147	3	220.147	7
221.147	0	221.147	3	221.147	6
222.148	0	222.148	2	222.148	6
223.149	0	223.149	2	223.149	7
224.149	0	224.149	2	224.149	9
225.15	0	225.15	2	225.15	10
226.151	0	226.151	2	226.151	10
227.151	0	227.151	1	227.151	10
228.152	0	228.152	0	228.152	10
229.153	0	229.153	0	229.153	10
230.153	0	230.153	1	230.153	10
231.154	0	231.154	1	231.154	11
232.155	0	232.155	1	232.155	11
233.155	0	233.155	1	233.155	12
234.156	0	234.156	1	234.156	12
235.157	0	235.157	1	235.157	12
236.157	0	236.157	2	236.157	13
237.158	0	237.158	2	237.158	14
238.159	0	238.159	4	238.159	13
239.159	0	239.159	5	239.159	12
240.16	0	240.16	6	240.16	11
241.161	0	241.161	6	241.161	11
242.161	0	242.161	6	242.161	11
243.162	0	243.162	6	243.162	11
244.163	0	244.163	5	244.163	11
245.163	0	245.163	5	245.163	12
246.164	0	246.164	4	246.164	13
247.165	0	247.165	4	247.165	14
248.165	0	248.165	4	248.165	14
249.166	0	249.166	4	249.166	15
250.167	0	250.167	4	250.167	15
251.167	0	251.167	3	251.167	15
252.168	0	252.168	2	252.168	15
253.169	0	253.169	1	253.169	15
254.169	0	254.169	2	254.169	15
255.17	0	255.17	3	255.17	15
256.171	0	256.171	3	256.171	16
257.171	0	257.171	3	257.171	17
258.172	0	258.172	4	258.172	18
259.173	0	259.173	5	259.173	18
260.173	0	260.173	5	260.173	18
261.174	0	261.174	3	261.174	17
262.175	0	262.175	3	262.175	16
263.175	0	263.175	4	263.175	16
264.176	1	264.176	4	264.176	16
265.177	3	265.177	5	265.177	15
266.177	3	266.177	7	266.177	15
267.178	1	267.178	6	267.178	14
268.179	0	268.179	5	268.179	13
269.179	0	269.179	4	269.179	13
270.18	0	270.18	4	270.18	12
271.181	1	271.181	5	271.181	12
272.181	2	272.181	5	272.181	13
273.182	3	273.182	5	273.182	14
274.183	3	274.183	5	274.183	14
275.183	4	275.183	5	275.183	14
276.184	5	276.184	5	276.184	14
277.185	5	277.185	5	277.185	14
278.185	4	278.185	6	278.185	14
279.186	2	279.186	6	279.186	15
280.187	2	280.187	6	280.187	17
281.187	2	281.187	5	281.187	17
282.188	2	282.188	5	282.188	17
283.189	2	283.189	4	283.189	17
284.189	3	284.189	5	284.189	14
285.19	3	285.19	6	285.19	13
286.191	4	286.191	6	286.191	12
287.191	4	287.191	6	287.191	13
288.192	4	288.192	6	288.192	14
289.193	3	289.193	5	289.193	14
290.193	2	290.193	5	290.193	14
291.194	3	291.194	6	291.194	14
292.195	3	292.195	7	292.195	16
293.195	4	293.195	7	293.195	18
294.196	4	294.196	7	294.196	20
295.197	3	295.197	7	295.197	20
296.197	3	296.197	7	296.197	21
297.198	4	297.198	7	297.198	21
298.199	5	298.199	6	298.199	18
299.199	5	299.199	5	299.199	16
300.2	6	300.2	4	300.2	15
301.201	6	301.201	4	301.201	14
302.201	7	302.201	3	302.201	14
303.202	8	303.202	2	303.202	13
304.203	8	304.203	2	304.203	13
305.203	8	305.203	1	305.203	14
306.204	7	306.204	1	306.204	15
307.205	6	307.205	2	307.205	14
308.205	5	308.205	2	308.205	14
309.206	4	309.206	2	309.206	13
310.207	4	310.207	3	310.207	11
311.207	4	311.207	2	311.207	10
312.208	5	312.208	2	312.208	10
313.209	5	313.209	2	313.209	11
314.209	5	314.209	2	314.209	12
315.21	5	315.21	3	315.21	13
316.211	5	316.211	3	316.211	13
317.211	5	317.211	3	317.211	12
318.212	5	318.212	2	318.212	12
319.213	4	319.213	3	319.213	12
320.213	4	320.213	2	320.213	11
321.214	4	321.214	2	321.214	11
322.215	4	322.215	1	322.215	11
323.215	3	323.215	2	323.215	10
324.216	3	324.216	2	324.216	11
325.217	4	325.217	2	325.217	12
326.217	5	326.217	3	326.217	11
327.218	5	327.218	3	327.218	10
328.219	5	328.219	4	328.219	9
329.219	4	329.219	4	329.219	8
330.22	4	330.22	4	330.22	7
331.221	3	331.221	3	331.221	7
332.221	3	332.221	2	332.221	6
333.222	3	333.222	1	333.222	5
334.223	3	334.223	0	334.223	5
335.223	3	335.223	0	335.223	5
336.224	4	336.224	0	336.224	5
337.225	7	337.225	1	337.225	6
338.225	8	338.225	2	338.225	7
339.226	8	339.226	3	339.226	7
340.227	7	340.227	3	340.227	5
341.227	6	341.227	2	341.227	4
342.228	5	342.228	1	342.228	3
343.229	4	343.229	1	343.229	3
344.229	4	344.229	1	344.229	3
345.23	4	345.23	2	345.23	3
346.231	5	346.231	2	346.231	5
347.231	5	347.231	2	347.231	8
348.232	5	348.232	2	348.232	9
349.233	5	349.233	2	349.233	10
350.233	6	350.233	2	350.233	8
351.234	7	351.234	0	351.234	5
352.235	8	352.235	0	352.235	3
353.235	9	353.235	0	353.235	2
354.236	9	354.236	0	354.236	3
355.237	8	355.237	0	355.237	4
356.237	7	356.237	0	356.237	6
357.238	5	357.238	0	357.238	7
358.239	5	358.239	0	358.239	7
359.239	5	359.239	0	359.239	6
360.24	6	360.24	0	360.24	5
361.241	6	361.241	0	361.241	4
362.241	6	362.241	0	362.241	4
363.242	6	363.242	0	363.242	4
364.243	5	364.243	1	364.243	4
365.243	5	365.243	2	365.243	4
366.244	4	366.244	2	366.244	5
367.245	3	367.245	1	367.245	5
368.245	3	368.245	0	368.245	6
369.246	2	369.246	0	369.246	6
370.247	3	370.247	0	370.247	5
371.247	3	371.247	1	371.247	4
372.248	3	372.248	1	372.248	4
373.249	3	373.249	1	373.249	5
374.249	4	374.249	1	374.249	6
375.25	4	375.25	2	375.25	7
376.251	4	376.251	2	376.251	8
377.252	4	377.252	2	377.252	8
378.252	4	378.252	2	378.252	7
379.253	4	379.253	2	379.253	5
380.254	4	380.254	2	380.254	4
381.254	4	381.254	3	381.254	3
382.255	5	382.255	3	382.255	3
383.256	6	383.256	3	383.256	3
384.256	6	384.256	2	384.256	4
385.257	5	385.257	2	385.257	4
386.258	5	386.258	1	386.258	4
387.258	3	387.258	1	387.258	4
388.259	1	388.259	1	388.259	5
389.26	0	389.26	2	389.26	6
390.26	0	390.26	2	390.26	6
391.261	1	391.261	2	391.261	7
392.262	1	392.262	2	392.262	7
393.262	1	393.262	1	393.262	6
394.263	2	394.263	0	394.263	6
395.264	2	395.264	0	395.264	6
396.264	3	396.264	0	396.264	6
397.265	2	397.265	0	397.265	5
398.266	2	398.266	0	398.266	5
399.266	2	399.266	1	399.266	6
400.267	3	400.267	1	400.267	7
401.268	3	401.268	1	401.268	7
402.268	4	402.268	0	402.268	7
403.269	4	403.269	0	403.269	7
404.27	4	404.27	0	404.27	6
405.27	4	405.27	0	405.27	6
406.271	4	406.271	0	406.271	5
407.272	4	407.272	0	407.272	4
408.272	4	408.272	0	408.272	3
409.273	3	409.273	0	409.273	2
410.274	4	410.274	0	410.274	2
411.274	4	411.274	0	411.274	1
412.275	5	412.275	0	412.275	1
413.276	4	413.276	0	413.276	1
414.276	4	414.276	0	414.276	1
415.277	3	415.277	0	415.277	1
416.278	2	416.278	0	416.278	1
417.278	2	417.278	0	417.278	1
418.279	2	418.279	0	418.279	1
419.28	3	419.28	0	419.28	1
420.28	4	420.28	1	420.28	2
421.281	4	421.281	2	421.281	2
422.282	3	422.282	2	422.282	2
423.282	3	423.282	2	423.282	2
424.283	3	424.283	2	424.283	2
425.284	4	425.284	2	425.284	2
426.284	5	426.284	2	426.284	2
427.285	5	427.285	2	427.285	2
428.286	5	428.286	2	428.286	1
429.286	4	429.286	2	429.286	0
430.287	4	430.287	2	430.287	0
431.288	4	431.288	1	431.288	0
432.288	4	432.288	1	432.288	0
433.289	5	433.289	1	433.289	0
434.29	6	434.29	2	434.29	0
435.29	5	435.29	2	435.29	1
436.291	5	436.291	2	436.291	3
437.292	4	437.292	1	437.292	4
438.292	4	438.292	1	438.292	4
439.293	4	439.293	0	439.293	4
440.294	4	440.294	0	440.294	3
441.294	4	441.294	0	441.294	2
442.295	3	442.295	1	442.295	2
443.296	3	443.296	1	443.296	2
444.296	3	444.296	1	444.296	2
445.297	4	445.297	0	445.297	1
446.298	4	446.298	0	446.298	1
447.298	4	447.298	0	447.298	2
448.299	4	448.299	1	448.299	3
449.3	3	449.3	1	449.3	3
450.3	2	450.3	2	450.3	3
451.301	1	451.301	3	451.301	3
452.302	1	452.302	4	452.302	2
453.302	1	453.302	4	453.302	1
454.303	1	454.303	4	454.303	1
455.304	1	455.304	3	455.304	1
456.304	1	456.304	2	456.304	2
457.305	1	457.305	1	457.305	2
458.306	2	458.306	1	458.306	3
459.306	3	459.306	1	459.306	3
460.307	4	460.307	1	460.307	2
461.308	4	461.308	2	461.308	3
462.308	3	462.308	1	462.308	2
463.309	3	463.309	1	463.309	2
464.31	3	464.31	1	464.31	1
465.31	4	465.31	1	465.31	0
466.311	4	466.311	1	466.311	1
467.312	3	467.312	1	467.312	3
468.312	2	468.312	1	468.312	5
469.313	3	469.313	1	469.313	5
470.314	3	470.314	1	470.314	5
471.314	2	471.314	0	471.314	5
472.315	2	472.315	0	472.315	3
473.316	2	473.316	0	473.316	2
474.316	2	474.316	0	474.316	0
475.317	2	475.317	0	475.317	0
476.318	2	476.318	0	476.318	1
477.318	2	477.318	0	477.318	1
478.319	2	478.319	0	478.319	1
479.32	1	479.32	0	479.32	1
480.32	0	480.32	0	480.32	1
481.321	0	481.321	0	481.321	0
482.322	1	482.322	0	482.322	0
483.322	2	483.322	0	483.322	0
484.323	3	484.323	0	484.323	0
485.324	3	485.324	0	485.324	0
486.324	3	486.324	0	486.324	0
487.325	2	487.325	0	487.325	1
488.326	2	488.326	0	488.326	2
489.326	2	489.326	1	489.326	2
490.327	2	490.327	1	490.327	2
491.328	2	491.328	1	491.328	2
492.328	1	492.328	0	492.328	1
493.329	1	493.329	0	493.329	1
494.33	1	494.33	1	494.33	1
495.33	2	495.33	1	495.33	3
496.331	2	496.331	1	496.331	3
497.332	2	497.332	1	497.332	4
498.332	2	498.332	2	498.332	4
499.333	2	499.333	2	499.333	3
500.334	3	500.334	3	500.334	2
501.334	3	501.334	3	501.334	2
502.335	4	502.335	4	502.335	2
503.336	4	503.336	3	503.336	3
504.336	3	504.336	3	504.336	4
505.337	2	505.337	2	505.337	4
506.338	1	506.338	2	506.338	5
507.338	0	507.338	1	507.338	5
508.339	0	508.339	1	508.339	5
509.34	0	509.34	1	509.34	6
510.34	1	510.34	2	510.34	6
511.341	1	511.341	2	511.341	6
512.342	1	512.342	1	512.342	5
513.342	1	513.342	1	513.342	4
514.343	1	514.343	1	514.343	4
515.344	0	515.344	0	515.344	3
516.344	0	516.344	1	516.344	4
517.345	0	517.345	2	517.345	4
518.346	1	518.346	3	518.346	4
519.346	1	519.346	3	519.346	3
520.347	1	520.347	3	520.347	1
521.348	0	521.348	3	521.348	0
522.348	0	522.348	3	522.348	1
523.349	0	523.349	3	523.349	1
524.35	0	524.35	2	524.35	2
525.35	1	525.35	2	525.35	1
526.351	2	526.351	3	526.351	1
527.352	3	527.352	3	527.352	0
528.352	4	528.352	3	528.352	1
529.353	4	529.353	2	529.353	1
530.354	4	530.354	1	530.354	2
531.354	4	531.354	1	531.354	2
532.355	4	532.355	1	532.355	3
533.356	3	533.356	1	533.356	2
534.356	3	534.356	1	534.356	2
535.357	3	535.357	1	535.357	3
536.358	2	536.358	0	536.358	3
537.358	1	537.358	0	537.358	3
538.359	1	538.359	0	538.359	4
539.36	1	539.36	0	539.36	4
540.36	2	540.36	0	540.36	4
541.361	1	541.361	0	541.361	4
542.362	1	542.362	0	542.362	4
543.362	0	543.362	0	543.362	4
544.363	0	544.363	0	544.363	4
545.364	0	545.364	0	545.364	3
546.364	1	546.364	0	546.364	3
547.365	2	547.365	0	547.365	2
548.366	3	548.366	1	548.366	1
549.366	3	549.366	1	549.366	0
550.367	4	550.367	1	550.367	0
551.368	4	551.368	1	551.368	0
552.368	3	552.368	2	552.368	1
553.369	3	553.369	3	553.369	3
554.37	3	554.37	3	554.37	4
555.37	3	555.37	4	555.37	3
556.371	3	556.371	4	556.371	2
557.372	2	557.372	4	557.372	1
558.372	2	558.372	4	558.372	0
559.373	2	559.373	3	559.373	1
560.374	2	560.374	2	560.374	1
561.374	2	561.374	1	561.374	2
562.375	1	562.375	1	562.375	2
563.376	2	563.376	1	563.376	2
564.376	3	564.376	0	564.376	3
565.377	5	565.377	0	565.377	3
566.378	5	566.378	0	566.378	3
567.378	6	567.378	1	567.378	2
568.379	6	568.379	1	568.379	2
569.38	6	569.38	1	569.38	3
570.38	6	570.38	1	570.38	4
571.381	6	571.381	1	571.381	4
572.382	6	572.382	0	572.382	4
573.382	5	573.382	0	573.382	3
574.383	2	574.383	0	574.383	3
575.384	2	575.384	1	575.384	3
576.384	2	576.384	1	576.384	3
577.385	2	577.385	2	577.385	3
578.386	1	578.386	1	578.386	3
579.386	1	579.386	1	579.386	4
580.387	2	580.387	1	580.387	5
581.388	2	581.388	1	581.388	5
582.388	2	582.388	2	582.388	5
583.389	2	583.389	3	583.389	5
584.39	1	584.39	3	584.39	5
585.39	1	585.39	4	585.39	5
586.391	0	586.391	4	586.391	5
587.392	0	587.392	4	587.392	4
588.392	0	588.392	4	588.392	5
589.393	1	589.393	4	589.393	5
590.394	2	590.394	3	590.394	5
591.394	2	591.394	2	591.394	4
592.395	2	592.395	1	592.395	3
593.396	3	593.396	1	593.396	3
594.396	3	594.396	0	594.396	4
595.397	3	595.397	1	595.397	5
596.398	3	596.398	1	596.398	6
597.398	3	597.398	2	597.398	5
598.399	3	598.399	3	598.399	4
599.4	3	599.4	3	599.4	3
600.4	3	600.4	3	600.4	4
601.401	3	601.401	2	601.401	5
602.402	3	602.402	2	602.402	6
603.402	3	603.402	2	603.402	6
604.403	3	604.403	1	604.403	5
605.404	2	605.404	2	605.404	4
606.404	1	606.404	2	606.404	2
607.405	1	607.405	3	607.405	2
608.406	1	608.406	4	608.406	3
609.406	1	609.406	4	609.406	3
610.407	2	610.407	3	610.407	3
611.408	2	611.408	2	611.408	3
612.408	3	612.408	1	612.408	4
613.409	3	613.409	2	613.409	5
614.41	2	614.41	3	614.41	6
615.41	1	615.41	3	615.41	6
616.411	0	616.411	2	616.411	6
617.412	1	617.412	2	617.412	6
618.412	1	618.412	2	618.412	6
619.413	1	619.413	2	619.413	6
620.414	2	620.414	3	620.414	5
621.414	2	621.414	2	621.414	3
622.415	2	622.415	2	622.415	3
623.416	2	623.416	2	623.416	3
624.416	2	624.416	1	624.416	3
625.417	2	625.417	1	625.417	3
626.418	3	626.418	1	626.418	2
627.418	3	627.418	0	627.418	1
628.419	3	628.419	0	628.419	0
629.42	2	629.42	0	629.42	0
630.42	2	630.42	0	630.42	0
631.421	2	631.421	0	631.421	1
632.422	3	632.422	0	632.422	3
633.422	3	633.422	0	633.422	3
634.423	2	634.423	0	634.423	3
635.424	2	635.424	0	635.424	2
636.424	3	636.424	0	636.424	2
637.425	3	637.425	0	637.425	3
638.426	3	638.426	0	638.426	3
639.426	3	639.426	0	639.426	3
640.427	3	640.427	0	640.427	3
641.428	3	641.428	1	641.428	3
642.428	3	642.428	1	642.428	3
643.429	3	643.429	1	643.429	3
644.43	2	644.43	1	644.43	2
645.43	2	645.43	1	645.43	1
646.431	2	646.431	2	646.431	1
647.432	2	647.432	1	647.432	1
648.432	2	648.432	1	648.432	1
649.433	2	649.433	1	649.433	1
650.434	2	650.434	1	650.434	0
651.434	2	651.434	1	651.434	1
652.435	2	652.435	1	652.435	2
653.436	2	653.436	2	653.436	3
654.436	2	654.436	2	654.436	3
655.437	3	655.437	2	655.437	4
656.438	3	656.438	1	656.438	4
657.438	2	657.438	1	657.438	4
658.439	2	658.439	1	658.439	3
659.44	2	659.44	1	659.44	3
660.44	2	660.44	2	660.44	3
661.441	2	661.441	2	661.441	3
662.442	2	662.442	2	662.442	4
663.442	1	663.442	2	663.442	3
664.443	0	664.443	1	664.443	3
665.444	0	665.444	1	665.444	3
666.444	1	666.444	1	666.444	3
667.445	1	667.445	2	667.445	4
668.446	2	668.446	2	668.446	4
669.446	2	669.446	2	669.446	3
670.447	2	670.447	2	670.447	3
671.448	1	671.448	2	671.448	3
672.448	1	672.448	2	672.448	4
673.449	2	673.449	2	673.449	4
674.45	3	674.45	3	674.45	4
675.45	3	675.45	3	675.45	4
676.451	2	676.451	2	676.451	4
677.452	2	677.452	0	677.452	4
678.452	2	678.452	0	678.452	3
679.453	2	679.453	0	679.453	2
680.454	3	680.454	0	680.454	3
681.454	3	681.454	0	681.454	4
682.455	2	682.455	0	682.455	4
683.456	2	683.456	0	683.456	4
684.456	1	684.456	1	684.456	4
685.457	1	685.457	2	685.457	3
686.458	2	686.458	2	686.458	2
687.458	3	687.458	2	687.458	2
688.459	3	688.459	2	688.459	1
689.46	4	689.46	2	689.46	0
690.46	3	690.46	2	690.46	0
691.461	3	691.461	2	691.461	1
692.462	4	692.462	2	692.462	2
693.462	3	693.462	3	693.462	1
694.463	3	694.463	3	694.463	1
695.464	2	695.464	3	695.464	0
696.464	1	696.464	3	696.464	0
697.465	1	697.465	2	697.465	0
698.466	1	698.466	1	698.466	0
699.466	1	699.466	0	699.466	1
700.467	2	700.467	0	700.467	1
701.468	3	701.468	0	701.468	0
702.468	3	702.468	1	702.468	0
703.469	3	703.469	1	703.469	0
704.47	3	704.47	1	704.47	0
705.47	3	705.47	2	705.47	0
706.471	3	706.471	2	706.471	0
707.472	3	707.472	2	707.472	1
708.472	1	708.472	1	708.472	2
709.473	0	709.473	1	709.473	4
710.474	0	710.474	0	710.474	4
711.474	1	711.474	0	711.474	5
712.475	2	712.475	0	712.475	6
713.476	2	713.476	1	713.476	6
714.476	1	714.476	2	714.476	5
715.477	1	715.477	2	715.477	4
716.478	1	716.478	2	716.478	3
717.478	1	717.478	2	717.478	3
718.479	1	718.479	2	718.479	4
719.48	1	719.48	2	719.48	4
720.48	2	720.48	2	720.48	4
721.481	2	721.481	2	721.481	4
722.482	3	722.482	2	722.482	4
723.482	3	723.482	2	723.482	4
724.483	4	724.483	2	724.483	4
725.484	4	725.484	1	725.484	4
726.484	3	726.484	0	726.484	4
727.485	3	727.485	0	727.485	5
728.486	3	728.486	0	728.486	6
729.486	3	729.486	1	729.486	6
730.487	3	730.487	1	730.487	5
731.488	3	731.488	1	731.488	3
732.488	3	732.488	1	732.488	3
733.489	1	733.489	1	733.489	2
734.49	1	734.49	1	734.49	2
735.49	0	735.49	1	735.49	2
736.491	1	736.491	1	736.491	2
737.492	1	737.492	1	737.492	2
738.492	1	738.492	0	738.492	3
739.493	2	739.493	0	739.493	3
740.494	2	740.494	0	740.494	3
741.494	2	741.494	0	741.494	3
742.495	2	742.495	0	742.495	3
743.496	2	743.496	0	743.496	3
744.496	2	744.496	0	744.496	1
745.497	2	745.497	0	745.497	0
746.498	3	746.498	0	746.498	0
747.498	4	747.498	0	747.498	1
748.499	3	748.499	0	748.499	2
749.5	3	749.5	0	749.5	3
750.5	3	750.5	1	750.5	3
751.501	3	751.501	1	751.501	3
752.502	4	752.502	1	752.502	4
753.502	2	753.502	1	753.502	4
754.503	1	754.503	0	754.503	5
755.504	1	755.504	1	755.504	4
756.504	1	756.504	1	756.504	3
757.505	2	757.505	1	757.505	3
758.506	3	758.506	1	758.506	3
759.506	4	759.506	1	759.506	3
760.507	4	760.507	1	760.507	3
761.508	3	761.508	1	761.508	2
762.508	3	762.508	1	762.508	2
763.509	3	763.509	1	763.509	2
764.51	2	764.51	1	764.51	2
765.51	2	765.51	0	765.51	3
766.511	2	766.511	0	766.511	2
767.512	2	767.512	0	767.512	2
768.512	3	768.512	2	768.512	2
769.513	2	769.513	3	769.513	3
770.514	2	770.514	4	770.514	4
771.514	1	771.514	4	771.514	4
772.515	0	772.515	3	772.515	4
773.516	0	773.516	2	773.516	3
774.516	1	774.516	2	774.516	3
775.517	1	775.517	3	775.517	3
776.518	1	776.518	3	776.518	3
777.518	2	777.518	3	777.518	3
778.519	2	778.519	3	778.519	3
779.52	3	779.52	3	779.52	2
780.52	3	780.52	3	780.52	2
781.521	2	781.521	2	781.521	3
782.522	2	782.522	2	782.522	4
783.522	1	783.522	2	783.522	4
784.523	2	784.523	2	784.523	4
785.524	3	785.524	2	785.524	5
786.524	4	786.524	2	786.524	6
787.525	4	787.525	2	787.525	6
788.526	3	788.526	2	788.526	5
789.526	2	789.526	3	789.526	4
790.527	2	790.527	2	790.527	4
791.528	2	791.528	2	791.528	4
792.528	3	792.528	1	792.528	5
793.529	3	793.529	1	793.529	5
794.53	3	794.53	1	794.53	5
795.53	3	795.53	1	795.53	4
796.531	3	796.531	1	796.531	3
797.532	3	797.532	0	797.532	2
798.532	3	798.532	0	798.532	2
799.533	3	799.533	0	799.533	2
800.534	4	800.534	1	800.534	3
801.534	4	801.534	1	801.534	3
802.535	4	802.535	1	802.535	4
803.536	3	803.536	1	803.536	4
804.536	3	804.536	1	804.536	4
805.537	3	805.537	1	805.537	4
806.538	3	806.538	1	806.538	4
807.538	4	807.538	1	807.538	4
808.539	5	808.539	0	808.539	4
809.54	4	809.54	0	809.54	4
810.54	4	810.54	0	810.54	3
811.541	3	811.541	0	811.541	3
812.542	4	812.542	0	812.542	2
813.542	3	813.542	0	813.542	2
814.543	3	814.543	1	814.543	2
815.544	3	815.544	1	815.544	3
816.544	3	816.544	2	816.544	3
817.545	3	817.545	2	817.545	3
818.546	3	818.546	2	818.546	3
819.546	3	819.546	2	819.546	3
820.547	3	820.547	2	820.547	4
821.548	2	821.548	2	821.548	4
822.548	1	822.548	2	822.548	3
823.549	0	823.549	3	823.549	2
824.55	0	824.55	3	824.55	1
825.55	0	825.55	3	825.55	1
826.551	1	826.551	3	826.551	0
827.552	2	827.552	3	827.552	1
828.552	2	828.552	3	828.552	2
829.553	2	829.553	3	829.553	3
830.554	1	830.554	3	830.554	4
831.554	1	831.554	3	831.554	4
832.555	1	832.555	3	832.555	4
833.556	1	833.556	3	833.556	4
834.556	1	834.556	3	834.556	5
835.557	1	835.557	2	835.557	6
836.558	0	836.558	2	836.558	7
837.558	0	837.558	2	837.558	7
838.559	0	838.559	2	838.559	6
839.56	0	839.56	2	839.56	5
840.56	0	840.56	1	840.56	6
841.561	1	841.561	2	841.561	6
842.562	0	842.562	2	842.562	7
843.562	0	843.562	2	843.562	7
844.563	1	844.563	2	844.563	6
845.564	2	845.564	3	845.564	6
846.564	2	846.564	3	846.564	6
847.565	1	847.565	3	847.565	6
848.566	0	848.566	3	848.566	8
849.566	0	849.566	3	849.566	8
850.567	0	850.567	3	850.567	8
851.568	1	851.568	3	851.568	8
852.568	1	852.568	3	852.568	8
853.569	2	853.569	3	853.569	9
854.57	2	854.57	3	854.57	9
855.57	3	855.57	3	855.57	8
856.571	2	856.571	3	856.571	7
857.572	2	857.572	2	857.572	6
858.572	1	858.572	2	858.572	6
859.573	1	859.573	2	859.573	7
860.574	1	860.574	2	860.574	7
861.574	2	861.574	3	861.574	7
862.575	3	862.575	3	862.575	6
863.576	3	863.576	3	863.576	6
864.576	3	864.576	4	864.576	7
865.577	3	865.577	4	865.577	8
866.578	3	866.578	4	866.578	8
867.578	2	867.578	3	867.578	9
868.579	1	868.579	3	868.579	10
869.58	1	869.58	2	869.58	11
870.58	1	870.58	2	870.58	11
871.581	1	871.581	3	871.581	11
872.582	1	872.582	4	872.582	11
873.582	1	873.582	4	873.582	11
874.583	2	874.583	4	874.583	10
875.584	3	875.584	4	875.584	11
876.584	3	876.584	3	876.584	11
877.585	2	877.585	2	877.585	10
878.586	2	878.586	2	878.586	8
879.586	2	879.586	3	879.586	7
880.587	3	880.587	3	880.587	6
881.588	4	881.588	3	881.588	6
882.588	4	882.588	3	882.588	6
883.589	4	883.589	2	883.589	6
884.59	4	884.59	3	884.59	6
885.59	4	885.59	3	885.59	5
886.591	3	886.591	3	886.591	4
887.592	3	887.592	3	887.592	2
888.592	3	888.592	3	888.592	1
889.593	2	889.593	3	889.593	1
890.594	2	890.594	2	890.594	0
891.594	2	891.594	2	891.594	0
892.595	2	892.595	2	892.595	1
893.596	2	893.596	2	893.596	3
894.596	2	894.596	2	894.596	3
895.597	2	895.597	2	895.597	3
896.598	2	896.598	2	896.598	2
897.598	2	897.598	2	897.598	2
898.599	2	898.599	2	898.599	1
899.6	1	899.6	1	899.6	1
900.6	1	900.6	1	900.6	1
901.601	1	901.601	0	901.601	0
902.602	1	902.602	0	902.602	1
903.602	1	903.602	0	903.602	2
904.603	1	904.603	0	904.603	4
905.604	1	905.604	0	905.604	6
906.604	1	906.604	0	906.604	6
907.605	1	907.605	1	907.605	6
908.606	1	908.606	1	908.606	6
909.606	1	909.606	1	909.606	6
910.607	2	910.607	1	910.607	7
911.608	3	911.608	1	911.608	8
912.608	2	912.608	1	912.608	9
913.609	1	913.609	1	913.609	9
914.61	1	914.61	1	914.61	9
915.61	1	915.61	1	915.61	8
916.611	1	916.611	1	916.611	8
917.612	1	917.612	1	917.612	7
918.612	1	918.612	2	918.612	7
919.613	1	919.613	2	919.613	7
920.614	1	920.614	2	920.614	7
921.614	1	921.614	1	921.614	7
922.615	1	922.615	1	922.615	7
923.616	1	923.616	1	923.616	7
924.616	1	924.616	1	924.616	7
925.617	1	925.617	0	925.617	7
926.618	1	926.618	0	926.618	7
927.618	2	927.618	0	927.618	6
928.619	1	928.619	1	928.619	5
929.62	1	929.62	1	929.62	5
930.62	2	930.62	1	930.62	5
931.621	2	931.621	1	931.621	6
932.622	2	932.622	1	932.622	6
933.622	1	933.622	1	933.622	7
934.623	1	934.623	0	934.623	7
935.624	0	935.624	0	935.624	7
936.624	0	936.624	0	936.624	6
937.625	0	937.625	0	937.625	6
938.626	0	938.626	0	938.626	6
939.626	1	939.626	0	939.626	6
940.627	1	940.627	0	940.627	6
941.628	2	941.628	0	941.628	5
942.628	3	942.628	0	942.628	4
943.629	2	943.629	0	943.629	4
944.63	1	944.63	0	944.63	4
945.63	1	945.63	0	945.63	4
946.631	2	946.631	0	946.631	3
947.632	2	947.632	0	947.632	3
948.632	3	948.632	0	948.632	4
949.633	3	949.633	0	949.633	4
950.634	3	950.634	0	950.634	4
951.634	3	951.634	0	951.634	4
952.635	4	952.635	0	952.635	4
953.636	4	953.636	0	953.636	4
954.636	4	954.636	1	954.636	4
955.637	3	955.637	2	955.637	4
956.638	3	956.638	3	956.638	4
957.638	3	957.638	2	957.638	4
958.639	2	958.639	2	958.639	3
959.64	2	959.64	1	959.64	3
960.64	1	960.64	0	960.64	3
961.641	1	961.641	1	961.641	3
962.642	1	962.642	2	962.642	2
963.642	1	963.642	3	963.642	2
964.643	2	964.643	4	964.643	3
965.644	3	965.644	4	965.644	3
966.644	2	966.644	3	966.644	3
967.645	1	967.645	3	967.645	2
968.646	1	968.646	2	968.646	2
969.646	1	969.646	1	969.646	2
970.647	2	970.647	1	970.647	1
971.648	3	971.648	0	971.648	1
972.648	3	972.648	0	972.648	1
973.649	2	973.649	0	973.649	1
974.65	2	974.65	0	974.65	2
975.65	2	975.65	1	975.65	2
976.651	2	976.651	1	976.651	3
977.652	1	977.652	1	977.652	4
978.652	2	978.652	2	978.652	4
979.653	2	979.653	3	979.653	5
980.654	3	980.654	3	980.654	5
981.654	3	981.654	3	981.654	5
982.655	3	982.655	3	982.655	5
983.656	3	983.656	3	983.656	4
984.656	3	984.656	3	984.656	4
985.657	2	985.657	2	985.657	4
986.658	1	986.658	2	986.658	4
987.658	0	987.658	1	987.658	4
988.659	0	988.659	2	988.659	3
989.66	1	989.66	3	989.66	3
990.66	0	990.66	3	990.66	2
991.661	1	991.661	2	991.661	2
992.662	1	992.662	2	992.662	2
993.662	1	993.662	2	993.662	2
994.663	0	994.663	2	994.663	2
995.664	0	995.664	1	995.664	2
996.664	0	996.664	1	996.664	2
997.665	1	997.665	2	997.665	2
998.666	1	998.666	3	998.666	1
999.666	2	999.666	3	999.666	1
1000.67	2	1000.67	2	1000.67	1
1001.67	2	1001.67	2	1001.67	1
1002.67	2	1002.67	3	1002.67	1
1003.67	2	1003.67	3	1003.67	2
1004.67	2	1004.67	2	1004.67	2
1005.67	2	1005.67	1	1005.67	2
1006.67	1	1006.67	1	1006.67	1
1007.67	1	1007.67	0	1007.67	0
1008.67	2	1008.67	0	1008.67	0
1009.67	2	1009.67	0	1009.67	0
1010.67	3	1010.67	1	1010.67	0
1011.67	4	1011.67	1	1011.67	0
1012.68	4	1012.68	2	1012.68	0
1013.68	3	1013.68	2	1013.68	0
1014.68	3	1014.68	2	1014.68	0
1015.68	2	1015.68	2	1015.68	0
1016.68	2	1016.68	2	1016.68	0
1017.68	2	1017.68	2	1017.68	0
1018.68	2	1018.68	2	1018.68	0
1019.68	2	1019.68	2	1019.68	2
1020.68	2	1020.68	3	1020.68	3
1021.68	2	1021.68	2	1021.68	3
1022.68	2	1022.68	3	1022.68	2
1023.68	3	1023.68	3	1023.68	1
1024.68	3	1024.68	2	1024.68	0
1025.68	3	1025.68	2	1025.68	0
1026.68	3	1026.68	2	1026.68	0
1027.69	3	1027.69	2	1027.69	0
1028.69	2	1028.69	1	1028.69	1
1029.69	2	1029.69	1	1029.69	0
1030.69	1	1030.69	0	1030.69	0
1031.69	0	1031.69	0	1031.69	0
1032.69	1	1032.69	1	1032.69	0
1033.69	1	1033.69	2	1033.69	0
1034.69	2	1034.69	3	1034.69	0
1035.69	2	1035.69	2	1035.69	0
1036.69	2	1036.69	1	1036.69	1
1037.69	2	1037.69	1	1037.69	1
1038.69	2	1038.69	2	1038.69	1
1039.69	3	1039.69	2	1039.69	1
1040.69	4	1040.69	2	1040.69	1
1041.69	4	1041.69	2	1041.69	0
1042.7	3	1042.7	3	1042.7	0
1043.7	3	1043.7	3	1043.7	0
1044.7	3	1044.7	3	1044.7	0
1045.7	2	1045.7	2	1045.7	1
1046.7	2	1046.7	2	1046.7	1
1047.7	2	1047.7	2	1047.7	2
1048.7	2	1048.7	2	1048.7	2
1049.7	3	1049.7	2	1049.7	1
1050.7	3	1050.7	2	1050.7	1
1051.7	3	1051.7	2	1051.7	1
1052.7	3	1052.7	2	1052.7	2
1053.7	3	1053.7	2	1053.7	3
1054.7	2	1054.7	2	1054.7	4
1055.7	2	1055.7	2	1055.7	4
1056.7	2	1056.7	2	1056.7	4
1057.71	3	1057.71	1	1057.71	3
1058.71	2	1058.71	0	1058.71	3
1059.71	1	1059.71	0	1059.71	3
1060.71	1	1060.71	0	1060.71	3
1061.71	1	1061.71	0	1061.71	3
1062.71	0	1062.71	0	1062.71	3
1063.71	0	1063.71	0	1063.71	3
1064.71	0	1064.71	0	1064.71	4
1065.71	1	1065.71	0	1065.71	5
1066.71	2	1066.71	1	1066.71	5
1067.71	2	1067.71	1	1067.71	5
1068.71	2	1068.71	2	1068.71	4
1069.71	2	1069.71	2	1069.71	4
1070.71	2	1070.71	2	1070.71	3
1071.71	1	1071.71	2	1071.71	3
1072.72	0	1072.72	1	1072.72	3
1073.72	0	1073.72	1	1073.72	3
1074.72	0	1074.72	1	1074.72	3
1075.72	0	1075.72	2	1075.72	3
1076.72	0	1076.72	2	1076.72	3
1077.72	0	1077.72	1	1077.72	2
1078.72	0	1078.72	0	1078.72	2
1079.72	0	1079.72	0	1079.72	2
1080.72	0	1080.72	0	1080.72	2
1081.72	1	1081.72	1	1081.72	2
1082.72	2	1082.72	1	1082.72	1
1083.72	2	1083.72	1	1083.72	0
1084.72	2	1084.72	1	1084.72	0
1085.72	2	1085.72	1	1085.72	0
1086.72	1	1086.72	1	1086.72	0
1087.73	1	1087.73	1	1087.73	1
1088.73	1	1088.73	1	1088.73	1
1089.73	1	1089.73	1	1089.73	3
1090.73	1	1090.73	1	1090.73	4
1091.73	1	1091.73	1	1091.73	5
1092.73	1	1092.73	1	1092.73	6
1093.73	1	1093.73	1	1093.73	6
1094.73	1	1094.73	1	1094.73	6
1095.73	1	1095.73	2	1095.73	6
1096.73	2	1096.73	2	1096.73	6
1097.73	2	1097.73	1	1097.73	5
1098.73	2	1098.73	1	1098.73	5
1099.73	2	1099.73	1	1099.73	4
1100.73	3	1100.73	1	1100.73	4
1101.73	2	1101.73	2	1101.73	4
1102.74	2	1102.74	2	1102.74	4
1103.74	1	1103.74	2	1103.74	4
1104.74	1	1104.74	1	1104.74	4
1105.74	0	1105.74	0	1105.74	3
1106.74	0	1106.74	0	1106.74	2
1107.74	0	1107.74	0	1107.74	0
1108.74	0	1108.74	0	1108.74	0
1109.74	1	1109.74	0	1109.74	1
1110.74	2	1110.74	0	1110.74	2
1111.74	2	1111.74	0	1111.74	3
1112.74	1	1112.74	0	1112.74	3
1113.74	1	1113.74	0	1113.74	3
1114.74	1	1114.74	1	1114.74	2
1115.74	1	1115.74	1	1115.74	2
1116.74	1	1116.74	1	1116.74	2
1117.75	1	1117.75	0	1117.75	2
1118.75	1	1118.75	0	1118.75	1
1119.75	2	1119.75	0	1119.75	1
1120.75	2	1120.75	0	1120.75	2
1121.75	2	1121.75	0	1121.75	2
1122.75	1	1122.75	0	1122.75	3
1123.75	0	1123.75	0	1123.75	4
1124.75	0	1124.75	1	1124.75	4
1125.75	0	1125.75	2	1125.75	4
1126.75	1	1126.75	3	1126.75	4
1127.75	1	1127.75	3	1127.75	3
1128.75	1	1128.75	3	1128.75	3
1129.75	1	1129.75	3	1129.75	2
1130.75	2	1130.75	2	1130.75	1
1131.75	2	1131.75	2	1131.75	2
1132.76	2	1132.76	1	1132.76	3
1133.76	1	1133.76	2	1133.76	4
1134.76	1	1134.76	2	1134.76	4
1135.76	1	1135.76	2	1135.76	4
1136.76	1	1136.76	2	1136.76	3
1137.76	1	1137.76	1	1137.76	3
1138.76	2	1138.76	1	1138.76	3
1139.76	2	1139.76	1	1139.76	3
1140.76	2	1140.76	0	1140.76	2
1141.76	2	1141.76	0	1141.76	1
1142.76	2	1142.76	0	1142.76	1
1143.76	1	1143.76	0	1143.76	2
1144.76	1	1144.76	0	1144.76	3
1145.76	1	1145.76	0	1145.76	3
1146.76	1	1146.76	0	1146.76	3
1147.77	2	1147.77	0	1147.77	2
1148.77	1	1148.77	0	1148.77	3
1149.77	1	1149.77	0	1149.77	4
1150.77	1	1150.77	0	1150.77	4
1151.77	2	1151.77	1	1151.77	4
1152.77	1	1152.77	1	1152.77	4
1153.77	1	1153.77	2	1153.77	3
1154.77	1	1154.77	2	1154.77	2
1155.77	1	1155.77	2	1155.77	1
1156.77	2	1156.77	2	1156.77	0
1157.77	2	1157.77	1	1157.77	0
1158.77	1	1158.77	1	1158.77	0
1159.77	1	1159.77	1	1159.77	1
1160.77	0	1160.77	1	1160.77	2
1161.77	0	1161.77	0	1161.77	2
1162.78	0	1162.78	0	1162.78	3
1163.78	0	1163.78	0	1163.78	2
1164.78	0	1164.78	1	1164.78	1
1165.78	1	1165.78	1	1165.78	1
1166.78	1	1166.78	1	1166.78	1
1167.78	1	1167.78	0	1167.78	1
1168.78	1	1168.78	0	1168.78	1
1169.78	0	1169.78	0	1169.78	1
1170.78	0	1170.78	1	1170.78	0
1171.78	1	1171.78	1	1171.78	0
1172.78	1	1172.78	2	1172.78	0
1173.78	1	1173.78	2	1173.78	1
1174.78	2	1174.78	3	1174.78	1
1175.78	2	1175.78	3	1175.78	2
1176.78	3	1176.78	3	1176.78	3
1177.79	3	1177.79	3	1177.79	3
1178.79	4	1178.79	4	1178.79	3
1179.79	4	1179.79	4	1179.79	4
1180.79	4	1180.79	5	1180.79	5
1181.79	5	1181.79	5	1181.79	6
1182.79	5	1182.79	6	1182.79	8
1183.79	6	1183.79	6	1183.79	9
1184.79	6	1184.79	8	1184.79	11
1185.79	8	1185.79	10	1185.79	13
1186.79	11	1186.79	13	1186.79	16
1187.79	16	1187.79	15	1187.79	21
1188.79	21	1188.79	17	1188.79	26
1189.79	27	1189.79	22	1189.79	33
1190.79	33	1190.79	30	1190.79	47
1191.79	44	1191.79	41	1191.79	65
1192.8	72	1192.8	63	1192.8	83
1193.8	149	1193.8	126	1193.8	185
1194.8	341	1194.8	289	1194.8	429
1195.8	714	1195.8	630	1195.8	871
1196.8	1251	1196.8	1159	1196.8	1449
1197.8	1785	1197.8	1726	1197.8	1933
1198.8	2059	1198.8	2060	1198.8	2060
1199.8	1925	1199.8	1975	1199.8	1762
1200.8	1473	1200.8	1540	1200.8	1232
1201.8	948	1201.8	1005	1201.8	740
1202.8	548	1202.8	586	1202.8	423
1203.8	323	1203.8	348	1203.8	272
1204.8	226	1204.8	247	1204.8	220
1205.8	196	1205.8	217	1205.8	217
1206.8	194	1206.8	218	1206.8	213
1207.81	201	1207.81	225	1207.81	221
1208.81	208	1208.81	228	1208.81	226
1209.81	209	1209.81	226	1209.81	223
1210.81	205	1210.81	224	1210.81	216
1211.81	202	1211.81	218	1211.81	214
1212.81	207	1212.81	218	1212.81	221
1213.81	220	1213.81	229	1213.81	235
1214.81	235	1214.81	247	1214.81	250
1215.81	243	1215.81	262	1215.81	256
1216.81	240	1216.81	265	1216.81	250
1217.81	226	1217.81	255	1217.81	232
1218.81	206	1218.81	236	1218.81	221
1219.81	181	1219.81	211	1219.81	209
1220.81	154	1220.81	184	1220.81	184
1221.81	126	1221.81	155	1221.81	157
1222.82	101	1222.82	127	1222.82	130
1223.82	81	1223.82	100	1223.82	104
1224.82	65	1224.82	78	1224.82	81
1225.82	54	1225.82	63	1225.82	64
1226.82	46	1226.82	54	1226.82	53
1227.82	41	1227.82	48	1227.82	46
1228.82	38	1228.82	44	1228.82	43
1229.82	38	1229.82	41	1229.82	41
1230.82	37	1230.82	39	1230.82	41
1231.82	35	1231.82	38	1231.82	41
1232.82	32	1232.82	37	1232.82	40
1233.82	28	1233.82	36	1233.82	39
1234.82	25	1234.82	34	1234.82	37
1235.82	24	1235.82	31	1235.82	33
1236.82	24	1236.82	28	1236.82	29
1237.83	24	1237.83	26	1237.83	27
1238.83	25	1238.83	25	1238.83	26
1239.83	26	1239.83	26	1239.83	28
1240.83	28	1240.83	28	1240.83	31
1241.83	28	1241.83	30	1241.83	32
1242.83	26	1242.83	30	1242.83	31
1243.83	24	1243.83	28	1243.83	29
1244.83	21	1244.83	26	1244.83	27
1245.83	19	1245.83	22	1245.83	26
1246.83	17	1246.83	19	1246.83	24
1247.83	15	1247.83	16	1247.83	21
1248.83	14	1248.83	15	1248.83	19
1249.83	12	1249.83	13	1249.83	17
1250.83	11	1250.83	12	1250.83	17
1251.83	10	1251.83	11	1251.83	16
1252.84	9	1252.84	0	1252.84	15
1253.84	8	1253.84	-1	1253.84	14
1254.84	0	1254.84	-2	1254.84	14
1255.84	0	1255.84	-2	1255.84	13
1256.84	0	1256.84	-3	1256.84	12
1257.84	0	1257.84	-4	1257.84	12
1258.84	-1	1258.84	-5	1258.84	12
1259.84	-1	1259.84	-5	1259.84	12
1260.84	-2	1260.84	-4	1260.84	11
1261.84	-3	1261.84	-2	1261.84	10
1262.84	-3	1262.84	-2	1262.84	10
1263.84	-3	1263.84	-3	1263.84	10
1264.84	-3	1264.84	-4	1264.84	10
1265.84	-4	1265.84	-4	1265.84	10
1266.84	-3	1266.84	-5	1266.84	9
1267.85	-3	1267.85	-5	1267.85	8
1268.85	-3	1268.85	-6	1268.85	7
1269.85	-4	1269.85	-6	1269.85	6
1270.85	-5	1270.85	-6	1270.85	6
1271.85	-5	1271.85	-6	1271.85	6
1272.85	-5	1272.85	-6	1272.85	6
1273.85	-4	1273.85	-7	1273.85	5
1274.85	-4	1274.85	-7	1274.85	5
1275.85	-3	1275.85	-7	1275.85	5
1276.85	-3	1276.85	-8	1276.85	5
1277.85	-3	1277.85	-7	1277.85	5
1278.85	-3	1278.85	-7	1278.85	5
1279.85	-3	1279.85	-6	1279.85	5
1280.85	-3	1280.85	-6	1280.85	5
1281.85	-3	1281.85	-6	1281.85	6
1282.86	-3	1282.86	-6	1282.86	5
1283.86	-4	1283.86	-5	1283.86	4
1284.86	-4	1284.86	-5	1284.86	3
1285.86	-3	1285.86	-4	1285.86	3
1286.86	-3	1286.86	-5	1286.86	3
1287.86	-2	1287.86	-5	1287.86	3
1288.86	-2	1288.86	-5	1288.86	3
1289.86	-2	1289.86	-6	1289.86	4
1290.86	-2	1290.86	-5	1290.86	4
1291.86	-2	1291.86	-5	1291.86	4
1292.86	-2	1292.86	-4	1292.86	4
1293.86	-2	1293.86	-4	1293.86	4
1294.86	-2	1294.86	-4	1294.86	4
1295.86	-1	1295.86	-3	1295.86	5
1296.86	-1	1296.86	-3	1296.86	5
1297.87	-1	1297.87	-2	1297.87	5
1298.87	0	1298.87	-3	1298.87	5
1299.87	0	1299.87	-3	1299.87	5
1300.87	-1	1300.87	-3	1300.87	4
1301.87	-2	1301.87	-3	1301.87	0
1302.87	-3	1302.87	-3	1302.87	0
1303.87	-2	1303.87	-3	1303.87	-1
1304.87	-2	1304.87	-3	1304.87	-1
1305.87	-2	1305.87	-3	1305.87	-2
1306.87	-2	1306.87	-3	1306.87	-1
1307.87	-1	1307.87	-4	1307.87	0
1308.87	-1	1308.87	-4	1308.87	1
1309.87	-1	1309.87	-5	1309.87	1
1310.87	-1	1310.87	-5	1310.87	1
1311.87	-1	1311.87	-5	1311.87	0
1312.88	-1	1312.88	-6	1312.88	0
1313.88	0	1313.88	-5	1313.88	0
1314.88	0	1314.88	-5	1314.88	0
1315.88	0	1315.88	-4	1315.88	0
1316.88	0	1316.88	-3	1316.88	-1
1317.88	0	1317.88	-3	1317.88	-3
1318.88	0	1318.88	-3	1318.88	-4
1319.88	-1	1319.88	-3	1319.88	-3
1320.88	-1	1320.88	-3	1320.88	-1
1321.88	-1	1321.88	-3	1321.88	0
1322.88	0	1322.88	-3	1322.88	0
1323.88	0	1323.88	-3	1323.88	-1
1324.88	0	1324.88	-4	1324.88	-1
1325.88	-1	1325.88	-5	1325.88	-1
1326.88	-1	1326.88	-5	1326.88	-1
1327.89	-1	1327.89	-4	1327.89	-2
1328.89	-1	1328.89	-4	1328.89	-3
1329.89	-1	1329.89	-5	1329.89	-3
1330.89	0	1330.89	-4	1330.89	-3
1331.89	0	1331.89	-4	1331.89	-1
1332.89	-1	1332.89	-4	1332.89	0
1333.89	-1	1333.89	-4	1333.89	1
1334.89	-1	1334.89	-4	1334.89	1
1335.89	0	1335.89	-5	1335.89	0
1336.89	0	1336.89	-5	1336.89	-1
1337.89	1	1337.89	-5	1337.89	-1
1338.89	1	1338.89	-5	1338.89	-1
1339.89	2	1339.89	-5	1339.89	-1
1340.89	2	1340.89	-5	1340.89	-1
1341.89	1	1341.89	-6	1341.89	-2
1342.9	0	1342.9	-6	1342.9	-2
1343.9	0	1343.9	-6	1343.9	-2
1344.9	0	1344.9	-6	1344.9	-1
1345.9	0	1345.9	-6	1345.9	0
1346.9	0	1346.9	-5	1346.9	0
1347.9	1	1347.9	-4	1347.9	-1
1348.9	1	1348.9	-3	1348.9	-2
1349.9	2	1349.9	-4	1349.9	-2
1350.9	3	1350.9	-4	1350.9	-3
1351.9	5	1351.9	-4	1351.9	-2
1352.9	5	1352.9	-4	1352.9	-2
1353.9	5	1353.9	-4	1353.9	-2
1354.9	5	1354.9	-4	1354.9	-2
1355.9	5	1355.9	-3	1355.9	-2
1356.9	6	1356.9	-2	1356.9	-1
1357.91	8	1357.91	-1	1357.91	1
1358.91	10	1358.91	0	1358.91	2
1359.91	11	1359.91	0	1359.91	3
1360.91	12	1360.91	1	1360.91	4
1361.91	13	1361.91	1	1361.91	4
1362.91	13	1362.91	3	1362.91	4
1363.91	15	1363.91	3	1363.91	3
1364.91	16	1364.91	4	1364.91	3
1365.91	17	1365.91	4	1365.91	3
1366.91	18	1366.91	5	1366.91	3
1367.91	20	1367.91	6	1367.91	3
1368.91	22	1368.91	6	1368.91	3
1369.91	25	1369.91	7	1369.91	4
1370.91	26	1370.91	8	1370.91	5
1371.91	28	1371.91	9	1371.91	6
1372.92	29	1372.92	10	1372.92	7
1373.92	31	1373.92	12	1373.92	8
1374.92	34	1374.92	14	1374.92	9
1375.92	36	1375.92	16	1375.92	10
1376.92	38	1376.92	18	1376.92	10
1377.92	40	1377.92	19	1377.92	11
1378.92	44	1378.92	21	1378.92	11
1379.92	48	1379.92	22	1379.92	12
1380.92	53	1380.92	24	1380.92	12
1381.92	57	1381.92	25	1381.92	14
1382.92	61	1382.92	27	1382.92	16
1383.92	64	1383.92	30	1383.92	18
1384.92	69	1384.92	33	1384.92	20
1385.92	73	1385.92	35	1385.92	23
1386.92	78	1386.92	37	1386.92	26
1387.93	84	1387.93	40	1387.93	28
1388.93	90	1388.93	44	1388.93	30
1389.93	97	1389.93	46	1389.93	32
1390.93	105	1390.93	48	1390.93	35
1391.93	111	1391.93	52	1391.93	39
1392.93	118	1392.93	57	1392.93	41
1393.93	125	1393.93	62	1393.93	43
1394.93	134	1394.93	67	1394.93	47
1395.93	143	1395.93	72	1395.93	51
1396.93	152	1396.93	77	1396.93	55
1397.93	160	1397.93	84	1397.93	60
1398.93	170	1398.93	90	1398.93	65
1399.93	180	1399.93	96	1399.93	70
1400.93	192	1400.93	102	1400.93	74
1401.93	203	1401.93	108	1401.93	79
1402.94	214	1402.94	115	1402.94	83
1403.94	225	1403.94	122	1403.94	88
1404.94	235	1404.94	130	1404.94	93
1405.94	246	1405.94	138	1405.94	96
1406.94	268	1406.94	146	1406.94	99
1407.94	281	1407.94	154	1407.94	106
1408.94	295	1408.94	161	1408.94	112
1409.94	310	1409.94	168	1409.94	118
1410.94	326	1410.94	177	1410.94	124
1411.94	344	1411.94	186	1411.94	130
1412.94	362	1412.94	191	1412.94	137
1413.94	382	1413.94	195	1413.94	145
1414.94	403	1414.94	206	1414.94	153
1415.94	427	1415.94	218	1415.94	163
1416.94	453	1416.94	231	1416.94	173
1417.95	481	1417.95	245	1417.95	184
1418.95	510	1418.95	260	1418.95	195
1419.95	543	1419.95	276	1419.95	202
1420.95	579	1420.95	293	1420.95	208
1421.95	618	1421.95	313	1421.95	222
1422.95	659	1422.95	334	1422.95	240
1423.95	703	1423.95	356	1423.95	258
1424.95	749	1424.95	380	1424.95	277
1425.95	797	1425.95	405	1425.95	297
1426.95	848	1426.95	434	1426.95	319
1427.95	900	1427.95	465	1427.95	344
1428.95	954	1428.95	497	1428.95	370
1429.95	1007	1429.95	529	1429.95	397
1430.95	1059	1430.95	562	1430.95	425
1431.95	1109	1431.95	596	1431.95	454
1432.96	1158	1432.96	632	1432.96	468
1433.96	1206	1433.96	668	1433.96	481
1434.96	1252	1434.96	686	1434.96	509
1435.96	1295	1435.96	704	1435.96	538
1436.96	1333	1436.96	737	1436.96	567
1437.96	1364	1437.96	769	1437.96	595
1438.96	1391	1438.96	798	1438.96	620
1439.96	1416	1439.96	825	1439.96	643
1440.96	1439	1440.96	848	1440.96	661
1441.96	1459	1441.96	870	1441.96	677
1442.96	1473	1442.96	889	1442.96	692
1443.96	1482	1443.96	904	1443.96	705
1444.96	1487	1444.96	913	1444.96	716
1445.96	1487	1445.96	918	1445.96	722
1446.96	1481	1446.96	920	1446.96	724
1447.97	1470	1447.97	921	1447.97	725
1448.97	1453	1448.97	920	1448.97	725
1449.97	1433	1449.97	917	1449.97	722
1450.97	1412	1450.97	910	1450.97	720
1451.97	1388	1451.97	901	1451.97	717
1452.97	1362	1452.97	890	1452.97	710
1453.97	1331	1453.97	876	1453.97	698
1454.97	1298	1454.97	858	1454.97	683
1455.97	1264	1455.97	837	1455.97	666
1456.97	1228	1456.97	814	1456.97	648
1457.97	1193	1457.97	802	1457.97	630
1458.97	1158	1458.97	791	1458.97	610
1459.97	1123	1459.97	770	1459.97	600
1460.97	1086	1460.97	748	1460.97	590
1461.97	1049	1461.97	725	1461.97	571
1462.98	1010	1462.98	700	1462.98	552
1463.98	973	1463.98	675	1463.98	533
1464.98	936	1464.98	651	1464.98	515
1465.98	867	1465.98	626	1465.98	495
1466.98	834	1466.98	602	1466.98	475
1467.98	800	1467.98	579	1467.98	456
1468.98	765	1468.98	556	1468.98	437
1469.98	731	1469.98	535	1469.98	419
1470.98	700	1470.98	513	1470.98	401
1471.98	671	1471.98	492	1471.98	383
1472.98	641	1472.98	472	1472.98	375
1473.98	612	1473.98	453	1473.98	366
1474.98	586	1474.98	433	1474.98	349
1475.98	562	1475.98	413	1475.98	334
1476.98	539	1476.98	394	1476.98	321
1477.99	515	1477.99	376	1477.99	307
1478.99	493	1478.99	360	1478.99	293
1479.99	471	1479.99	352	1479.99	278
1480.99	450	1480.99	344	1480.99	265
1481.99	430	1481.99	328	1481.99	253
1482.99	410	1482.99	313	1482.99	240
1483.99	391	1483.99	299	1483.99	228
1484.99	372	1484.99	285	1484.99	217
1485.99	355	1485.99	272	1485.99	206
1486.99	340	1486.99	259	1486.99	201
1487.99	325	1487.99	248	1487.99	197
1488.99	311	1488.99	237	1488.99	188
1489.99	297	1489.99	226	1489.99	180
1490.99	283	1490.99	216	1490.99	172
1491.99	269	1491.99	205	1491.99	163
1493	256	1493	196	1493	154
1494	243	1494	186	1494	146
1495	231	1495	177	1495	138
1496	219	1496	168	1496	131
1497	208	1497	158	1497	124
1498	199	1498	150	1498	118
1499	189	1499	143	1499	112
1500	180	1500	136	1500	109
1501	171	1501	130	1501	106
1502	162	1502	123	1502	101
1503	153	1503	119	1503	95
1504	144	1504	116	1504	89
1505	137	1505	110	1505	84
1506	131	1506	105	1506	80
1507	126	1507	100	1507	76
1508.01	120	1508.01	95	1508.01	73
1509.01	113	1509.01	91	1509.01	70
1510.01	108	1510.01	86	1510.01	67
1511.01	102	1511.01	82	1511.01	63
1512.01	96	1512.01	77	1512.01	60
1513.01	90	1513.01	73	1513.01	60
1514.01	85	1514.01	71	1514.01	59
1515.01	80	1515.01	67	1515.01	58
1516.01	75	1516.01	63	1516.01	55
1517.01	71	1517.01	59	1517.01	52
1518.01	67	1518.01	57	1518.01	48
1519.01	64	1519.01	55	1519.01	45
1520.01	61	1520.01	53	1520.01	43
1521.01	58	1521.01	51	1521.01	41
1522.01	54	1522.01	48	1522.01	39
1523.02	51	1523.02	46	1523.02	37
1524.02	49	1524.02	43	1524.02	34
1525.02	46	1525.02	43	1525.02	32
1526.02	41	1526.02	42	1526.02	30
1527.02	38	1527.02	42	1527.02	29
1528.02	36	1528.02	41	1528.02	29
1529.02	33	1529.02	40	1529.02	29
1530.02	32	1530.02	38	1530.02	29
1531.02	30	1531.02	37	1531.02	28
1532.02	29	1532.02	36	1532.02	27
1533.02	27	1533.02	36	1533.02	26
1534.02	25	1534.02	35	1534.02	25
1535.02	24	1535.02	34	1535.02	25
1536.02	22	1536.02	34	1536.02	25
1537.02	22	1537.02	34	1537.02	26
1538.03	21	1538.03	33	1538.03	26
1539.03	21	1539.03	33	1539.03	27
1540.03	21	1540.03	33	1540.03	27
1541.03	20	1541.03	33	1541.03	27
1542.03	18	1542.03	33	1542.03	28
1543.03	16	1543.03	33	1543.03	29
1544.03	15	1544.03	32	1544.03	29
1545.03	14	1545.03	31	1545.03	28
1546.03	13	1546.03	30	1546.03	28
1547.03	13	1547.03	30	1547.03	28
1548.03	13	1548.03	29	1548.03	29
1549.03	12	1549.03	29	1549.03	30
1550.03	12	1550.03	29	1550.03	31
1551.03	12	1551.03	29	1551.03	30
1552.03	11	1552.03	29	1552.03	31
1553.04	11	1553.04	29	1553.04	32
1554.04	11	1554.04	28	1554.04	32
1555.04	10	1555.04	27	1555.04	33
1556.04	9	1556.04	27	1556.04	33
1557.04	9	1557.04	28	1557.04	33
1558.04	9	1558.04	28	1558.04	33
1559.04	9	1559.04	28	1559.04	33
1560.04	8	1560.04	27	1560.04	33
1561.04	8	1561.04	26	1561.04	33
1562.04	8	1562.04	25	1562.04	33
1563.04	8	1563.04	25	1563.04	33
1564.04	7	1564.04	26	1564.04	33
1565.04	7	1565.04	26	1565.04	34
1566.04	7	1566.04	26	1566.04	35
1567.04	7	1567.04	26	1567.04	35
1568.05	7	1568.05	25	1568.05	35
1569.05	8	1569.05	24	1569.05	34
1570.05	8	1570.05	23	1570.05	33
1571.05	7	1571.05	23	1571.05	33
1572.05	7	1572.05	23	1572.05	33
1573.05	7	1573.05	23	1573.05	34
1574.05	8	1574.05	22	1574.05	34
1575.05	9	1575.05	22	1575.05	34
1576.05	9	1576.05	22	1576.05	34
1577.05	9	1577.05	22	1577.05	33
1578.05	10	1578.05	22	1578.05	32
1579.05	10	1579.05	21	1579.05	32
1580.05	10	1580.05	20	1580.05	32
1581.05	10	1581.05	20	1581.05	32
1582.05	11	1582.05	19	1582.05	33
1583.06	12	1583.06	18	1583.06	33
1584.06	13	1584.06	18	1584.06	33
1585.06	13	1585.06	18	1585.06	32
1586.06	13	1586.06	18	1586.06	31
1587.06	13	1587.06	19	1587.06	30
1588.06	13	1588.06	19	1588.06	30
1589.06	14	1589.06	19	1589.06	30
1590.06	15	1590.06	19	1590.06	30
1591.06	16	1591.06	19	1591.06	30
1592.06	16	1592.06	20	1592.06	30
1593.06	16	1593.06	20	1593.06	29
1594.06	17	1594.06	20	1594.06	29
1595.06	18	1595.06	19	1595.06	29
1596.06	20	1596.06	18	1596.06	29
1597.06	21	1597.06	17	1597.06	29
1598.07	21	1598.07	17	1598.07	28
1599.07	22	1599.07	18	1599.07	28
1600.07	23	1600.07	18	1600.07	27
1601.07	25	1601.07	20	1601.07	27
1602.07	27	1602.07	21	1602.07	27
1603.07	28	1603.07	21	1603.07	27
1604.07	29	1604.07	20	1604.07	26
1605.07	30	1605.07	20	1605.07	27
1606.07	31	1606.07	20	1606.07	27
1607.07	33	1607.07	21	1607.07	27
1608.07	35	1608.07	21	1608.07	27
1609.07	37	1609.07	22	1609.07	27
1610.07	40	1610.07	23	1610.07	28
1611.07	42	1611.07	24	1611.07	29
1612.07	44	1612.07	25	1612.07	30
1613.08	46	1613.08	26	1613.08	31
1614.08	49	1614.08	26	1614.08	30
1615.08	52	1615.08	26	1615.08	30
1616.08	54	1616.08	26	1616.08	30
1617.08	56	1617.08	26	1617.08	30
1618.08	57	1618.08	27	1618.08	31
1619.08	60	1619.08	28	1619.08	31
1620.08	63	1620.08	30	1620.08	31
1621.08	67	1621.08	31	1621.08	32
1622.08	71	1622.08	33	1622.08	32
1623.08	74	1623.08	35	1623.08	32
1624.08	78	1624.08	36	1624.08	33
1625.08	81	1625.08	38	1625.08	35
1626.08	84	1626.08	39	1626.08	37
1627.08	86	1627.08	41	1627.08	39
1628.09	90	1628.09	44	1628.09	41
1629.09	95	1629.09	45	1629.09	41
1630.09	100	1630.09	46	1630.09	41
1631.09	104	1631.09	47	1631.09	41
1632.09	108	1632.09	48	1632.09	41
1633.09	112	1633.09	49	1633.09	40
1634.09	116	1634.09	50	1634.09	40
1635.09	120	1635.09	51	1635.09	40
1636.09	123	1636.09	52	1636.09	42
1637.09	127	1637.09	54	1637.09	44
1638.09	130	1638.09	54	1638.09	46
1639.09	134	1639.09	55	1639.09	47
1640.09	138	1640.09	57	1640.09	48
1641.09	141	1641.09	60	1641.09	49
1642.09	143	1642.09	62	1642.09	50
1643.1	146	1643.1	64	1643.1	50
1644.1	152	1644.1	66	1644.1	52
1645.1	154	1645.1	68	1645.1	53
1646.1	157	1646.1	69	1646.1	55
1647.1	159	1647.1	70	1647.1	56
1648.1	163	1648.1	71	1648.1	57
1649.1	166	1649.1	73	1649.1	57
1650.1	169	1650.1	74	1650.1	57
1651.1	171	1651.1	75	1651.1	56
1652.1	173	1652.1	76	1652.1	56
1653.1	176	1653.1	77	1653.1	57
1654.1	178	1654.1	77	1654.1	59
1655.1	179	1655.1	78	1655.1	59
1656.1	180	1656.1	79	1656.1	59
1657.1	180	1657.1	79	1657.1	58
1658.11	180	1658.11	80	1658.11	58
1659.11	180	1659.11	81	1659.11	58
1660.11	182	1660.11	81	1660.11	57
1661.11	184	1661.11	81	1661.11	56
1662.11	186	1662.11	81	1662.11	56
1663.11	186	1663.11	80	1663.11	56
1664.11	186	1664.11	81	1664.11	57
1665.11	187	1665.11	82	1665.11	59
1666.11	188	1666.11	84	1666.11	59
1667.11	188	1667.11	85	1667.11	58
1668.11	187	1668.11	85	1668.11	58
1669.11	187	1669.11	83	1669.11	58
1670.11	188	1670.11	82	1670.11	58
1671.11	188	1671.11	81	1671.11	58
1672.11	188	1672.11	82	1672.11	57
1673.12	187	1673.12	83	1673.12	57
1674.12	187	1674.12	86	1674.12	57
1675.12	187	1675.12	87	1675.12	57
1676.12	187	1676.12	87	1676.12	57
1677.12	187	1677.12	86	1677.12	58
1678.12	187	1678.12	86	1678.12	58
1679.12	189	1679.12	86	1679.12	58
1680.12	191	1680.12	87	1680.12	57
1681.12	192	1681.12	87	1681.12	58
1682.12	194	1682.12	87	1682.12	59
1683.12	195	1683.12	88	1683.12	59
1684.12	197	1684.12	88	1684.12	60
1685.12	198	1685.12	88	1685.12	60
1686.12	198	1686.12	88	1686.12	60
1687.12	198	1687.12	88	1687.12	61
1688.13	199	1688.13	88	1688.13	61
1689.13	201	1689.13	89	1689.13	61
1690.13	203	1690.13	91	1690.13	62
1691.13	204	1691.13	92	1691.13	63
1692.13	206	1692.13	94	1692.13	63
1693.13	209	1693.13	95	1693.13	64
1694.13	211	1694.13	96	1694.13	65
1695.13	212	1695.13	97	1695.13	65
1696.13	214	1696.13	97	1696.13	66
1697.13	215	1697.13	97	1697.13	65
1698.13	216	1698.13	98	1698.13	65
1699.13	218	1699.13	99	1699.13	66
1700.13	221	1700.13	99	1700.13	66
1701.13	223	1701.13	99	1701.13	66
1702.13	225	1702.13	101	1702.13	67
1703.14	226	1703.14	103	1703.14	67
1704.14	229	1704.14	105	1704.14	67
1705.14	229	1705.14	105	1705.14	69
1706.14	229	1706.14	106	1706.14	70
1707.14	229	1707.14	105	1707.14	71
1708.14	229	1708.14	105	1708.14	71
1709.14	229	1709.14	105	1709.14	72
1710.14	230	1710.14	106	1710.14	72
1711.14	229	1711.14	107	1711.14	73
1712.14	229	1712.14	107	1712.14	74
1713.14	229	1713.14	107	1713.14	74
1714.14	229	1714.14	108	1714.14	74
1715.14	230	1715.14	109	1715.14	74
1716.14	230	1716.14	110	1716.14	74
1717.14	231	1717.14	112	1717.14	75
1718.15	231	1718.15	112	1718.15	74
1719.15	229	1719.15	112	1719.15	74
1720.15	227	1720.15	110	1720.15	74
1721.15	225	1721.15	109	1721.15	74
1722.15	222	1722.15	108	1722.15	73
1723.15	221	1723.15	107	1723.15	73
1724.15	221	1724.15	107	1724.15	73
1725.15	220	1725.15	106	1725.15	73
1726.15	218	1726.15	107	1726.15	74
1727.15	216	1727.15	107	1727.15	74
1728.15	214	1728.15	107	1728.15	74
1729.15	211	1729.15	107	1729.15	74
1730.15	208	1730.15	106	1730.15	73
1731.15	206	1731.15	105	1731.15	71
1732.15	205	1732.15	105	1732.15	70
1733.16	203	1733.16	105	1733.16	70
1734.16	201	1734.16	104	1734.16	70
1735.16	197	1735.16	103	1735.16	70
1736.16	193	1736.16	102	1736.16	69
1737.16	190	1737.16	101	1737.16	68
1738.16	187	1738.16	100	1738.16	68
1739.16	186	1739.16	100	1739.16	67
1740.16	184	1740.16	100	1740.16	68
1741.16	183	1741.16	100	1741.16	68
1742.16	181	1742.16	99	1742.16	68
1743.16	178	1743.16	98	1743.16	67
1744.16	175	1744.16	97	1744.16	66
1745.16	173	1745.16	97	1745.16	64
1746.16	171	1746.16	95	1746.16	63
1747.16	168	1747.16	94	1747.16	62
1748.17	165	1748.17	92	1748.17	61
1749.17	162	1749.17	91	1749.17	60
1750.17	158	1750.17	91	1750.17	59
1751.17	155	1751.17	90	1751.17	59
1752.17	153	1752.17	89	1752.17	59
1753.17	150	1753.17	88	1753.17	60
1754.17	148	1754.17	87	1754.17	60
1755.17	146	1755.17	86	1755.17	60
1756.17	145	1756.17	85	1756.17	60
1757.17	143	1757.17	84	1757.17	59
1758.17	140	1758.17	83	1758.17	58
1759.17	137	1759.17	82	1759.17	57
1760.17	135	1760.17	79	1760.17	56
1761.17	132	1761.17	77	1761.17	56
1762.17	128	1762.17	76	1762.17	56
1763.18	123	1763.18	77	1763.18	56
1764.18	120	1764.18	78	1764.18	56
1765.18	117	1765.18	78	1765.18	55
1766.18	115	1766.18	77	1766.18	55
1767.18	114	1767.18	75	1767.18	54
1768.18	113	1768.18	72	1768.18	54
1769.18	110	1769.18	71	1769.18	53
1770.18	106	1770.18	69	1770.18	53
1771.18	102	1771.18	68	1771.18	52
1772.18	100	1772.18	66	1772.18	51
1773.18	98	1773.18	65	1773.18	51
1774.18	97	1774.18	65	1774.18	51
1775.18	95	1775.18	64	1775.18	50
1776.18	92	1776.18	64	1776.18	49
1777.18	89	1777.18	63	1777.18	49
1778.19	85	1778.19	61	1778.19	49
1779.19	82	1779.19	60	1779.19	49
1780.19	80	1780.19	60	1780.19	50
1781.19	77	1781.19	58	1781.19	49
1782.19	75	1782.19	57	1782.19	49
1783.19	72	1783.19	56	1783.19	48
1784.19	70	1784.19	55	1784.19	47
1785.19	68	1785.19	54	1785.19	46
1786.19	66	1786.19	54	1786.19	45
1787.19	63	1787.19	54	1787.19	45
1788.19	61	1788.19	54	1788.19	45
1789.19	60	1789.19	53	1789.19	44
1790.19	59	1790.19	51	1790.19	44
1791.19	57	1791.19	50	1791.19	45
1792.19	56	1792.19	49	1792.19	45
1793.2	53	1793.2	47	1793.2	45
1794.2	51	1794.2	45	1794.2	44
1795.2	49	1795.2	45	1795.2	43
1796.2	47	1796.2	45	1796.2	41
1797.2	46	1797.2	45	1797.2	40
1798.2	45	1798.2	44	1798.2	39
1799.2	44	1799.2	44	1799.2	39
1800.2	42	1800.2	45	1800.2	40
1801.2	40	1801.2	45	1801.2	40
1802.2	39	1802.2	45	1802.2	39
1803.2	37	1803.2	43	1803.2	39
1804.2	36	1804.2	43	1804.2	38
1805.2	35	1805.2	42	1805.2	38
1806.2	34	1806.2	41	1806.2	38
1807.2	33	1807.2	40	1807.2	37
1808.21	33	1808.21	39	1808.21	37
1809.21	33	1809.21	38	1809.21	36
1810.21	34	1810.21	37	1810.21	36
1811.21	33	1811.21	35	1811.21	36
1812.21	33	1812.21	35	1812.21	37
1813.21	31	1813.21	34	1813.21	37
1814.21	30	1814.21	33	1814.21	37
1815.21	29	1815.21	33	1815.21	36
1816.21	28	1816.21	34	1816.21	35
1817.21	27	1817.21	34	1817.21	34
1818.21	28	1818.21	34	1818.21	33
1819.21	28	1819.21	34	1819.21	32
1820.21	27	1820.21	33	1820.21	31
1821.21	27	1821.21	33	1821.21	31
1822.21	27	1822.21	33	1822.21	31
1823.22	28	1823.22	33	1823.22	32
1824.22	28	1824.22	32	1824.22	32
1825.22	27	1825.22	32	1825.22	31
1826.22	27	1826.22	31	1826.22	29
1827.22	26	1827.22	30	1827.22	28
1828.22	25	1828.22	30	1828.22	29
1829.22	26	1829.22	30	1829.22	30
1830.22	26	1830.22	29	1830.22	30
1831.22	27	1831.22	28	1831.22	29
1832.22	28	1832.22	28	1832.22	28
1833.22	28	1833.22	28	1833.22	26
1834.22	27	1834.22	29	1834.22	26
1835.22	27	1835.22	30	1835.22	26
1836.22	28	1836.22	30	1836.22	27
1837.22	28	1837.22	30	1837.22	28
1838.23	28	1838.23	29	1838.23	28
1839.23	28	1839.23	28	1839.23	28
1840.23	29	1840.23	28	1840.23	28
1841.23	29	1841.23	28	1841.23	28
1842.23	30	1842.23	29	1842.23	28
1843.23	30	1843.23	30	1843.23	28
1844.23	30	1844.23	29	1844.23	28
1845.23	30	1845.23	28	1845.23	28
1846.23	30	1846.23	27	1846.23	28
1847.23	30	1847.23	27	1847.23	27
1848.23	30	1848.23	27	1848.23	27
1849.23	30	1849.23	27	1849.23	26
1850.23	30	1850.23	27	1850.23	26
1851.23	31	1851.23	27	1851.23	26
1852.23	31	1852.23	26	1852.23	26
1853.24	30	1853.24	26	1853.24	25
1854.24	31	1854.24	26	1854.24	23
1855.24	31	1855.24	27	1855.24	23
1856.24	31	1856.24	27	1856.24	23
1857.24	31	1857.24	27	1857.24	24
1858.24	31	1858.24	26	1858.24	25
1859.24	32	1859.24	26	1859.24	25
1860.24	32	1860.24	26	1860.24	24
1861.24	32	1861.24	26	1861.24	24
1862.24	32	1862.24	25	1862.24	23
1863.24	31	1863.24	25	1863.24	24
1864.24	31	1864.24	24	1864.24	25
1865.24	31	1865.24	24	1865.24	25
1866.24	31	1866.24	25	1866.24	24
1867.24	31	1867.24	26	1867.24	24
1868.25	31	1868.25	26	1868.25	24
1869.25	32	1869.25	26	1869.25	24
1870.25	33	1870.25	26	1870.25	22
1871.25	33	1871.25	26	1871.25	21
1872.25	33	1872.25	25	1872.25	21
1873.25	33	1873.25	25	1873.25	22
1874.25	33	1874.25	24	1874.25	22
1875.25	34	1875.25	23	1875.25	22
1876.25	35	1876.25	24	1876.25	23
1877.25	36	1877.25	24	1877.25	23
1878.25	37	1878.25	24	1878.25	23
1879.25	36	1879.25	24	1879.25	23
1880.25	36	1880.25	23	1880.25	22
1881.25	36	1881.25	22	1881.25	21
1882.25	37	1882.25	23	1882.25	21
1883.26	36	1883.26	23	1883.26	20
1884.26	35	1884.26	23	1884.26	20
1885.26	35	1885.26	23	1885.26	19
1886.26	35	1886.26	23	1886.26	19
1887.26	35	1887.26	22	1887.26	19
1888.26	35	1888.26	22	1888.26	19
1889.26	36	1889.26	23	1889.26	20
1890.26	37	1890.26	24	1890.26	21
1891.26	37	1891.26	25	1891.26	21
1892.26	38	1892.26	25	1892.26	20
1893.26	38	1893.26	23	1893.26	19
1894.26	39	1894.26	22	1894.26	18
1895.26	39	1895.26	22	1895.26	19
1896.26	39	1896.26	22	1896.26	20
1897.26	40	1897.26	23	1897.26	20
1898.27	40	1898.27	23	1898.27	19
1899.27	40	1899.27	23	1899.27	18
1900.27	41	1900.27	23	1900.27	17
1901.27	41	1901.27	23	1901.27	17
1902.27	41	1902.27	22	1902.27	17
1903.27	41	1903.27	22	1903.27	18
1904.27	41	1904.27	21	1904.27	18
1905.27	41	1905.27	21	1905.27	17
1906.27	41	1906.27	21	1906.27	17
1907.27	43	1907.27	22	1907.27	18
1908.27	44	1908.27	22	1908.27	19
1909.27	45	1909.27	22	1909.27	20
1910.27	45	1910.27	22	1910.27	20
1911.27	45	1911.27	23	1911.27	19
1912.27	45	1912.27	24	1912.27	17
1913.28	44	1913.28	25	1913.28	16
1914.28	44	1914.28	24	1914.28	17
1915.28	44	1915.28	24	1915.28	17
1916.28	44	1916.28	25	1916.28	18
1917.28	44	1917.28	25	1917.28	18
1918.28	44	1918.28	25	1918.28	17
1919.28	43	1919.28	25	1919.28	17
1920.28	43	1920.28	25	1920.28	17
1921.28	43	1921.28	26	1921.28	18
1922.28	43	1922.28	27	1922.28	17
1923.28	44	1923.28	27	1923.28	17
1924.28	45	1924.28	27	1924.28	17
1925.28	45	1925.28	27	1925.28	17
1926.28	45	1926.28	28	1926.28	17
1927.28	45	1927.28	28	1927.28	17
1928.29	45	1928.29	27	1928.29	17
1929.29	45	1929.29	27	1929.29	17
1930.29	45	1930.29	27	1930.29	17
1931.29	47	1931.29	27	1931.29	17
1932.29	48	1932.29	27	1932.29	17
1933.29	47	1933.29	28	1933.29	17
1934.29	46	1934.29	28	1934.29	17
1935.29	45	1935.29	28	1935.29	19
1936.29	45	1936.29	28	1936.29	20
1937.29	46	1937.29	29	1937.29	20
1938.29	47	1938.29	29	1938.29	19
1939.29	48	1939.29	30	1939.29	19
1940.29	48	1940.29	29	1940.29	18
1941.29	48	1941.29	29	1941.29	18
1942.29	47	1942.29	28	1942.29	18
1943.3	47	1943.3	28	1943.3	17
1944.3	47	1944.3	29	1944.3	17
1945.3	48	1945.3	29	1945.3	16
1946.3	48	1946.3	29	1946.3	15
1947.3	48	1947.3	28	1947.3	13
1948.3	46	1948.3	28	1948.3	13
1949.3	45	1949.3	29	1949.3	14
1950.3	45	1950.3	29	1950.3	15
1951.3	44	1951.3	30	1951.3	15
1952.3	44	1952.3	30	1952.3	16
1953.3	45	1953.3	29	1953.3	17
1954.3	45	1954.3	29	1954.3	18
1955.3	45	1955.3	28	1955.3	18
1956.3	44	1956.3	27	1956.3	18
1957.3	44	1957.3	28	1957.3	19
1958.31	44	1958.31	28	1958.31	20
1959.31	43	1959.31	28	1959.31	19
1960.31	42	1960.31	27	1960.31	18
1961.31	41	1961.31	27	1961.31	18
1962.31	40	1962.31	27	1962.31	19
1963.31	41	1963.31	27	1963.31	20
1964.31	42	1964.31	27	1964.31	20
1965.31	42	1965.31	28	1965.31	18
1966.31	42	1966.31	27	1966.31	16
1967.31	41	1967.31	25	1967.31	15
1968.31	41	1968.31	24	1968.31	15
1969.31	40	1969.31	25	1969.31	14
1970.31	38	1970.31	27	1970.31	15
1971.31	38	1971.31	28	1971.31	15
1972.31	38	1972.31	28	1972.31	15
1973.32	37	1973.32	27	1973.32	16
1974.32	36	1974.32	28	1974.32	16
1975.32	35	1975.32	28	1975.32	16
1976.32	35	1976.32	28	1976.32	15
1977.32	35	1977.32	28	1977.32	13
1978.32	35	1978.32	28	1978.32	13
1979.32	35	1979.32	28	1979.32	14
1980.32	35	1980.32	28	1980.32	16
1981.32	34	1981.32	27	1981.32	17
1982.32	33	1982.32	26	1982.32	17
1983.32	31	1983.32	25	1983.32	17
1984.32	30	1984.32	24	1984.32	17
1985.32	30	1985.32	25	1985.32	16
1986.32	30	1986.32	27	1986.32	15
1987.32	28	1987.32	28	1987.32	13
1988.33	26	1988.33	28	1988.33	13
1989.33	25	1989.33	27	1989.33	13
1990.33	25	1990.33	26	1990.33	14
1991.33	26	1991.33	24	1991.33	15
1992.33	26	1992.33	23	1992.33	15
1993.33	26	1993.33	23	1993.33	14
1994.33	26	1994.33	24	1994.33	13
1995.33	26	1995.33	25	1995.33	14
1996.33	25	1996.33	25	1996.33	14
1997.33	23	1997.33	24	1997.33	15
1998.33	21	1998.33	24	1998.33	16
1999.33	20	1999.33	24	1999.33	15
2000.33	20	2000.33	23	2000.33	13
2001.33	21	2001.33	23	2001.33	12
2002.33	20	2002.33	22	2002.33	12
2003.34	21	2003.34	22	2003.34	13
2004.34	21	2004.34	23	2004.34	13
2005.34	22	2005.34	23	2005.34	14
2006.34	22	2006.34	22	2006.34	14
2007.34	21	2007.34	21	2007.34	14
2008.34	21	2008.34	21	2008.34	14
2009.34	20	2009.34	21	2009.34	15
2010.34	19	2010.34	21	2010.34	15
2011.34	17	2011.34	20	2011.34	15
2012.34	16	2012.34	19	2012.34	14
2013.34	15	2013.34	20	2013.34	13
2014.34	15	2014.34	21	2014.34	12
2015.34	15	2015.34	21	2015.34	12
2016.34	15	2016.34	20	2016.34	12
2017.34	14	2017.34	20	2017.34	12
2018.35	14	2018.35	19	2018.35	12
2019.35	14	2019.35	19	2019.35	14
2020.35	14	2020.35	18	2020.35	14
2021.35	13	2021.35	18	2021.35	13
2022.35	11	2022.35	18	2022.35	12
2023.35	10	2023.35	18	2023.35	12
2024.35	9	2024.35	18	2024.35	11
2025.35	10	2025.35	18	2025.35	11
2026.35	10	2026.35	17	2026.35	11
2027.35	10	2027.35	17	2027.35	11
2028.35	9	2028.35	18	2028.35	11
2029.35	7	2029.35	18	2029.35	11
2030.35	6	2030.35	18	2030.35	11
2031.35	6	2031.35	18	2031.35	11
2032.35	6	2032.35	18	2032.35	11
2033.36	5	2033.36	19	2033.36	10
2034.36	5	2034.36	19	2034.36	10
2035.36	4	2035.36	18	2035.36	10
2036.36	3	2036.36	17	2036.36	9
2037.36	3	2037.36	16	2037.36	10
2038.36	3	2038.36	15	2038.36	10
2039.36	3	2039.36	15	2039.36	10
2040.36	3	2040.36	15	2040.36	9
2041.36	2	2041.36	15	2041.36	9
2042.36	2	2042.36	15	2042.36	9
2043.36	2	2043.36	15	2043.36	9
2044.36	2	2044.36	15	2044.36	8
2045.36	2	2045.36	14	2045.36	8
2046.36	2	2046.36	15	2046.36	8
2047.36	2	2047.36	16	2047.36	8
2048.37	1	2048.37	16	2048.37	8
2049.37	1	2049.37	16	2049.37	8
2050.37	0	2050.37	16	2050.37	8
2051.37	1	2051.37	16	2051.37	8
2052.37	1	2052.37	15	2052.37	7
2053.37	2	2053.37	14	2053.37	8
2054.37	2	2054.37	13	2054.37	8
2055.37	2	2055.37	13	2055.37	9
2056.37	3	2056.37	12	2056.37	9
2057.37	2	2057.37	12	2057.37	9
2058.37	2	2058.37	13	2058.37	9
2059.37	1	2059.37	13	2059.37	8
2060.37	1	2060.37	14	2060.37	7
2061.37	2	2061.37	14	2061.37	7
2062.37	3	2062.37	13	2062.37	6
2063.38	2	2063.38	13	2063.38	6
2064.38	2	2064.38	13	2064.38	6
2065.38	1	2065.38	13	2065.38	5
2066.38	1	2066.38	13	2066.38	5
2067.38	1	2067.38	13	2067.38	5
2068.38	1	2068.38	13	2068.38	5
2069.38	0	2069.38	12	2069.38	5
2070.38	-1	2070.38	12	2070.38	4
2071.38	-1	2071.38	12	2071.38	3
2072.38	-1	2072.38	13	2072.38	3
2073.38	0	2073.38	13	2073.38	4
2074.38	1	2074.38	13	2074.38	4
2075.38	1	2075.38	12	2075.38	4
2076.38	1	2076.38	12	2076.38	4
2077.38	1	2077.38	12	2077.38	3
2078.39	0	2078.39	12	2078.39	2
2079.39	0	2079.39	13	2079.39	2
2080.39	0	2080.39	13	2080.39	3
2081.39	1	2081.39	12	2081.39	4
2082.39	1	2082.39	12	2082.39	4
2083.39	1	2083.39	12	2083.39	4
2084.39	0	2084.39	12	2084.39	4
2085.39	-1	2085.39	12	2085.39	4
2086.39	-2	2086.39	12	2086.39	4
2087.39	-2	2087.39	12	2087.39	4
2088.39	-1	2088.39	12	2088.39	4
2089.39	0	2089.39	12	2089.39	4
2090.39	-1	2090.39	12	2090.39	4
2091.39	-1	2091.39	11	2091.39	4
2092.39	-2	2092.39	10	2092.39	4
2093.4	-1	2093.4	10	2093.4	4
2094.4	0	2094.4	10	2094.4	4
2095.4	0	2095.4	11	2095.4	4
2096.4	1	2096.4	11	2096.4	4
2097.4	1	2097.4	11	2097.4	4
2098.4	1	2098.4	11	2098.4	3
2099.4	0	2099.4	11	2099.4	3
2100.4	-1	2100.4	12	2100.4	3
2101.4	-1	2101.4	11	2101.4	3
2102.4	-1	2102.4	11	2102.4	3
2103.4	-2	2103.4	11	2103.4	3
2104.4	-2	2104.4	11	2104.4	4
2105.4	-2	2105.4	11	2105.4	4
2106.4	-1	2106.4	11	2106.4	4
2107.4	-1	2107.4	11	2107.4	3
2108.41	0	2108.41	10	2108.41	1
2109.41	0	2109.41	10	2109.41	1
2110.41	1	2110.41	10	2110.41	1
2111.41	1	2111.41	10	2111.41	1
2112.41	0	2112.41	11	2112.41	1
2113.41	-1	2113.41	12	2113.41	1
2114.41	-1	2114.41	11	2114.41	1
2115.41	-1	2115.41	11	2115.41	1
2116.41	-1	2116.41	11	2116.41	1
2117.41	-1	2117.41	12	2117.41	0
2118.41	-1	2118.41	12	2118.41	0
2119.41	-1	2119.41	12	2119.41	0
2120.41	-2	2120.41	11	2120.41	0
2121.41	-2	2121.41	11	2121.41	0
2122.41	-2	2122.41	11	2122.41	0
2123.42	-1	2123.42	11	2123.42	0
2124.42	-1	2124.42	11	2124.42	0
2125.42	0	2125.42	11	2125.42	0
2126.42	0	2126.42	11	2126.42	1
2127.42	0	2127.42	10	2127.42	2
2128.42	-1	2128.42	10	2128.42	3
2129.42	-2	2129.42	9	2129.42	4
2130.42	-2	2130.42	10	2130.42	4
2131.42	-1	2131.42	10	2131.42	4
2132.42	-1	2132.42	11	2132.42	4
2133.42	0	2133.42	11	2133.42	3
2134.42	0	2134.42	11	2134.42	2
2135.42	0	2135.42	11	2135.42	2
2136.42	-1	2136.42	11	2136.42	3
2137.42	-1	2137.42	10	2137.42	4
2138.43	-2	2138.43	10	2138.43	3
2139.43	-2	2139.43	10	2139.43	2
2140.43	-2	2140.43	10	2140.43	2
2141.43	-2	2141.43	10	2141.43	1
2142.43	-2	2142.43	10	2142.43	1
2143.43	-2	2143.43	10	2143.43	1
2144.43	-2	2144.43	10	2144.43	1
2145.43	-2	2145.43	10	2145.43	1
2146.43	-2	2146.43	10	2146.43	1
2147.43	-3	2147.43	11	2147.43	1
2148.43	-4	2148.43	11	2148.43	1
2149.43	-4	2149.43	11	2149.43	1
2150.43	-4	2150.43	11	2150.43	1
2151.43	-5	2151.43	10	2151.43	0
2152.43	-6	2152.43	10	2152.43	-1
2153.44	-6	2153.44	9	2153.44	-2
2154.44	-6	2154.44	9	2154.44	-1
2155.44	-5	2155.44	9	2155.44	-1
2156.44	-6	2156.44	9	2156.44	-1
2157.44	-6	2157.44	9	2157.44	0
2158.44	-7	2158.44	9	2158.44	0
2159.44	-7	2159.44	9	2159.44	0
2160.44	-7	2160.44	9	2160.44	0
2161.44	-7	2161.44	10	2161.44	1
2162.44	-7	2162.44	10	2162.44	1
2163.44	-7	2163.44	9	2163.44	1
2164.44	-6	2164.44	9	2164.44	0
2165.44	-6	2165.44	9	2165.44	0
2166.44	-7	2166.44	9	2166.44	0
2167.44	-8	2167.44	8	2167.44	0
2168.45	-9	2168.45	8	2168.45	1
2169.45	-9	2169.45	8	2169.45	1
2170.45	-9	2170.45	8	2170.45	2
2171.45	-9	2171.45	8	2171.45	2
2172.45	-10	2172.45	8	2172.45	1
2173.45	-10	2173.45	9	2173.45	0
2174.45	-10	2174.45	9	2174.45	-1
2175.45	-10	2175.45	8	2175.45	-2
2176.45	-10	2176.45	8	2176.45	-2
2177.45	-10	2177.45	8	2177.45	-2
2178.45	-10	2178.45	7	2178.45	-1
2179.45	-10	2179.45	7	2179.45	-1
2180.45	-10	2180.45	7	2180.45	-1
2181.45	-11	2181.45	7	2181.45	-2
2182.45	-11	2182.45	8	2182.45	-2
2183.46	-11	2183.46	9	2183.46	-2
2184.46	-11	2184.46	10	2184.46	-2
2185.46	-11	2185.46	11	2185.46	-3
2186.46	-11	2186.46	12	2186.46	-3
2187.46	-12	2187.46	12	2187.46	-4
2188.46	-11	2188.46	11	2188.46	-5
2189.46	-11	2189.46	10	2189.46	-6
2190.46	-11	2190.46	10	2190.46	-6
2191.46	-12	2191.46	10	2191.46	-5
2192.46	-12	2192.46	10	2192.46	-4
2193.46	-13	2193.46	10	2193.46	-3
2194.46	-13	2194.46	10	2194.46	-3
2195.46	-13	2195.46	10	2195.46	-4
2196.46	-13	2196.46	11	2196.46	-5
2197.46	-13	2197.46	11	2197.46	-6
2198.47	-13	2198.47	12	2198.47	-8
2199.47	-13	2199.47	12	2199.47	-8
2200.47	-12	2200.47	12	2200.47	-7
2201.47	-12	2201.47	12	2201.47	-5
2202.47	-12	2202.47	12	2202.47	-5
2203.47	-12	2203.47	12	2203.47	-4
2204.47	-13	2204.47	12	2204.47	-2
2205.47	-15	2205.47	11	2205.47	-2
2206.47	-16	2206.47	11	2206.47	-2
2207.47	-17	2207.47	11	2207.47	-2
2208.47	-16	2208.47	10	2208.47	-2
2209.47	-16	2209.47	10	2209.47	-2
2210.47	-15	2210.47	9	2210.47	-2
2211.47	-14	2211.47	8	2211.47	-3
2212.47	-15	2212.47	9	2212.47	-4
2213.48	-16	2213.48	9	2213.48	-4
2214.48	-18	2214.48	10	2214.48	-4
2215.48	-19	2215.48	9	2215.48	-4
2216.48	-18	2216.48	9	2216.48	-3
2217.48	-17	2217.48	8	2217.48	-4
2218.48	-16	2218.48	8	2218.48	-4
2219.48	-15	2219.48	9	2219.48	-5
2220.48	-14	2220.48	10	2220.48	-5
2221.48	-15	2221.48	11	2221.48	-4
2222.48	-15	2222.48	11	2222.48	-4
2223.48	-15	2223.48	10	2223.48	-4
2224.48	-15	2224.48	10	2224.48	-4
2225.48	-15	2225.48	9	2225.48	-5
2226.48	-16	2226.48	8	2226.48	-5
2227.48	-16	2227.48	9	2227.48	-5
2228.49	-16	2228.49	9	2228.49	-6
2229.49	-16	2229.49	9	2229.49	-6
2230.49	-16	2230.49	9	2230.49	-6
2231.49	-17	2231.49	9	2231.49	-5
2232.49	-17	2232.49	9	2232.49	-3
2233.49	-17	2233.49	10	2233.49	-2
2234.49	-16	2234.49	11	2234.49	-2
2235.49	-15	2235.49	11	2235.49	-2
2236.49	-15	2236.49	11	2236.49	-3
2237.49	-15	2237.49	11	2237.49	-3
2238.49	-16	2238.49	9	2238.49	-4
2239.49	-17	2239.49	9	2239.49	-4
2240.49	-17	2240.49	9	2240.49	-5
2241.49	-17	2241.49	10	2241.49	-5
2242.49	-18	2242.49	11	2242.49	-4
2243.5	-18	2243.5	12	2243.5	-4
2244.5	-17	2244.5	12	2244.5	-3
2245.5	-16	2245.5	12	2245.5	-3
2246.5	-16	2246.5	11	2246.5	-3
2247.5	-16	2247.5	11	2247.5	-3
2248.5	-16	2248.5	11	2248.5	-3
2249.5	-16	2249.5	12	2249.5	-3
2250.5	-16	2250.5	12	2250.5	-3
2251.5	-17	2251.5	11	2251.5	-3
2252.5	-17	2252.5	10	2252.5	-4
2253.5	-18	2253.5	10	2253.5	-5
2254.5	-18	2254.5	10	2254.5	-5
2255.5	-18	2255.5	11	2255.5	-4
2256.5	-18	2256.5	12	2256.5	-3
2257.51	-18	2257.51	12	2257.51	-1
2258.51	-17	2258.51	13	2258.51	0
2259.51	-18	2259.51	13	2259.51	1
2260.51	-18	2260.51	14	2260.51	0
2261.51	-18	2261.51	14	2261.51	-1
2262.51	-18	2262.51	13	2262.51	-2
2263.51	-18	2263.51	12	2263.51	-2
2264.51	-19	2264.51	12	2264.51	-2
2265.51	-18	2265.51	12	2265.51	-1
2266.51	-18	2266.51	11	2266.51	-1
2267.51	-18	2267.51	11	2267.51	-1
2268.51	-18	2268.51	11	2268.51	-3
2269.51	-19	2269.51	11	2269.51	-3
2270.51	-20	2270.51	12	2270.51	-3
2271.51	-21	2271.51	12	2271.51	-4
2272.52	-21	2272.52	12	2272.52	-4
2273.52	-21	2273.52	12	2273.52	-4
2274.52	-21	2274.52	13	2274.52	-4
2275.52	-21	2275.52	13	2275.52	-3
2276.52	-21	2276.52	13	2276.52	-3
2277.52	-21	2277.52	13	2277.52	-2
2278.52	-21	2278.52	13	2278.52	-2
2279.52	-21	2279.52	13	2279.52	-1
2280.52	-21	2280.52	14	2280.52	-1
2281.52	-21	2281.52	14	2281.52	-1
2282.52	-22	2282.52	14	2282.52	-2
2283.52	-22	2283.52	14	2283.52	-2
2284.52	-22	2284.52	14	2284.52	-2
2285.52	-21	2285.52	15	2285.52	-2
2286.52	-21	2286.52	16	2286.52	-1
2287.53	-21	2287.53	16	2287.53	-1
2288.53	-22	2288.53	14	2288.53	-2
2289.53	-23	2289.53	13	2289.53	-2
2290.53	-22	2290.53	12	2290.53	-2
2291.53	-22	2291.53	12	2291.53	-2
2292.53	-22	2292.53	11	2292.53	-3
2293.53	-22	2293.53	11	2293.53	-4
2294.53	-23	2294.53	11	2294.53	-4
2295.53	-23	2295.53	11	2295.53	-3
2296.53	-23	2296.53	13	2296.53	-1
2297.53	-24	2297.53	14	2297.53	-1
2298.53	-24	2298.53	14	2298.53	0
2299.53	-23	2299.53	13	2299.53	0
2300.53	-23	2300.53	13	2300.53	0
2301.53	-23	2301.53	14	2301.53	1
2302.54	-23	2302.54	14	2302.54	1
2303.54	-23	2303.54	14	2303.54	0
2304.54	-23	2304.54	14	2304.54	0
2305.54	-24	2305.54	14	2305.54	-1
2306.54	-24	2306.54	14	2306.54	-1
2307.54	-24	2307.54	14	2307.54	-1
2308.54	-23	2308.54	13	2308.54	-2
2309.54	-24	2309.54	13	2309.54	-1
2310.54	-24	2310.54	12	2310.54	-1
2311.54	-25	2311.54	11	2311.54	-1
2312.54	-25	2312.54	11	2312.54	-1
2313.54	-24	2313.54	11	2313.54	0
2314.54	-24	2314.54	11	2314.54	0
2315.54	-24	2315.54	11	2315.54	0
2316.54	-24	2316.54	11	2316.54	-1
2317.55	-23	2317.55	11	2317.55	-1
2318.55	-23	2318.55	11	2318.55	-2
2319.55	-23	2319.55	11	2319.55	-2
2320.55	-23	2320.55	10	2320.55	-1
2321.55	-23	2321.55	11	2321.55	0
2322.55	-23	2322.55	11	2322.55	-1
2323.55	-23	2323.55	10	2323.55	-2
2324.55	-23	2324.55	11	2324.55	-1
2325.55	-24	2325.55	11	2325.55	0
2326.55	-24	2326.55	12	2326.55	1
2327.55	-24	2327.55	12	2327.55	0
2328.55	-24	2328.55	12	2328.55	0
2329.55	-24	2329.55	12	2329.55	0
2330.55	-24	2330.55	12	2330.55	0
2331.55	-24	2331.55	11	2331.55	-1
2332.56	-24	2332.56	11	2332.56	-2
2333.56	-24	2333.56	10	2333.56	-2
2334.56	-25	2334.56	10	2334.56	-1
2335.56	-24	2335.56	10	2335.56	0
2336.56	-23	2336.56	10	2336.56	0
2337.56	-22	2337.56	10	2337.56	0
2338.56	-21	2338.56	11	2338.56	0
2339.56	-21	2339.56	11	2339.56	0
2340.56	-21	2340.56	11	2340.56	0
2341.56	-22	2341.56	12	2341.56	1
2342.56	-23	2342.56	13	2342.56	1
2343.56	-22	2343.56	12	2343.56	1
2344.56	-22	2344.56	11	2344.56	1
2345.56	-21	2345.56	11	2345.56	1
2346.56	-21	2346.56	11	2346.56	2
2347.57	-21	2347.57	11	2347.57	2
2348.57	-21	2348.57	11	2348.57	1
2349.57	-21	2349.57	11	2349.57	0
2350.57	-20	2350.57	11	2350.57	0
2351.57	-19	2351.57	11	2351.57	1
2352.57	-19	2352.57	11	2352.57	2
2353.57	-20	2353.57	11	2353.57	3
2354.57	-21	2354.57	12	2354.57	4
2355.57	-21	2355.57	13	2355.57	4
2356.57	-21	2356.57	13	2356.57	4
2357.57	-22	2357.57	12	2357.57	5
2358.57	-22	2358.57	12	2358.57	5
2359.57	-23	2359.57	11	2359.57	4
2360.57	-24	2360.57	11	2360.57	5
2361.57	-24	2361.57	11	2361.57	5
2362.58	-23	2362.58	11	2362.58	5
2363.58	-22	2363.58	11	2363.58	6
2364.58	-22	2364.58	12	2364.58	7
2365.58	-23	2365.58	12	2365.58	8
2366.58	-25	2366.58	12	2366.58	8
2367.58	-26	2367.58	11	2367.58	8
2368.58	-26	2368.58	12	2368.58	8
2369.58	-26	2369.58	13	2369.58	8
2370.58	-26	2370.58	13	2370.58	8
2371.58	-27	2371.58	12	2371.58	9
2372.58	-27	2372.58	12	2372.58	9
2373.58	-27	2373.58	12	2373.58	10
2374.58	-27	2374.58	11	2374.58	11
2375.58	-27	2375.58	11	2375.58	11
2376.58	-27	2376.58	10	2376.58	11
2377.59	-27	2377.59	10	2377.59	11
2378.59	-26	2378.59	10	2378.59	12
2379.59	-26	2379.59	10	2379.59	11
2380.59	-27	2380.59	11	2380.59	11
2381.59	-27	2381.59	11	2381.59	11
2382.59	-27	2382.59	11	2382.59	12
2383.59	-26	2383.59	11	2383.59	12
2384.59	-27	2384.59	10	2384.59	12
2385.59	-27	2385.59	10	2385.59	12
2386.59	-28	2386.59	10	2386.59	11
2387.59	-27	2387.59	10	2387.59	11
2388.59	-27	2388.59	11	2388.59	11
2389.59	-27	2389.59	11	2389.59	10
2390.59	-28	2390.59	11	2390.59	10
2391.59	-29	2391.59	11	2391.59	10
2392.6	-30	2392.6	10	2392.6	10
2393.6	-30	2393.6	10	2393.6	10
2394.6	-30	2394.6	10	2394.6	9
2395.6	-28	2395.6	11	2395.6	8
2396.6	-28	2396.6	11	2396.6	8
2397.6	-28	2397.6	11	2397.6	7
2398.6	-30	2398.6	10	2398.6	7
2399.6	-31	2399.6	8	2399.6	7
2400.6	-31	2400.6	8	2400.6	7
2401.6	-30	2401.6	8	2401.6	7
2402.6	-29	2402.6	8	2402.6	7
2403.6	-28	2403.6	8	2403.6	7
2404.6	-29	2404.6	8	2404.6	7
2405.6	-29	2405.6	7	2405.6	7
2406.6	-29	2406.6	7	2406.6	7
2407.61	-29	2407.61	8	2407.61	7
2408.61	-29	2408.61	8	2408.61	8
2409.61	-29	2409.61	7	2409.61	9
2410.61	-29	2410.61	7	2410.61	9
2411.61	-29	2411.61	7	2411.61	10
2412.61	-29	2412.61	8	2412.61	10
2413.61	-29	2413.61	8	2413.61	9
2414.61	-30	2414.61	8	2414.61	7
2415.61	-31	2415.61	8	2415.61	6
2416.61	-31	2416.61	7	2416.61	5
2417.61	-31	2417.61	7	2417.61	5
2418.61	-30	2418.61	6	2418.61	4
2419.61	-30	2419.61	6	2419.61	5
2420.61	-30	2420.61	6	2420.61	5
2421.61	-30	2421.61	5	2421.61	5
2422.62	-30	2422.62	5	2422.62	4
2423.62	-30	2423.62	5	2423.62	3
2424.62	-31	2424.62	4	2424.62	3
2425.62	-32	2425.62	4	2425.62	3
2426.62	-32	2426.62	4	2426.62	4
2427.62	-32	2427.62	5	2427.62	4
2428.62	-31	2428.62	5	2428.62	4
2429.62	-30	2429.62	5	2429.62	4
2430.62	-30	2430.62	5	2430.62	4
2431.62	-32	2431.62	4	2431.62	4
2432.62	-33	2432.62	5	2432.62	4
2433.62	-34	2433.62	5	2433.62	4
2434.62	-33	2434.62	5	2434.62	4
2435.62	-33	2435.62	5	2435.62	5
2436.62	-32	2436.62	4	2436.62	5
2437.63	-31	2437.63	4	2437.63	5
2438.63	-31	2438.63	4	2438.63	5
2439.63	-31	2439.63	4	2439.63	4
2440.63	-31	2440.63	6	2440.63	4
2441.63	-31	2441.63	7	2441.63	5
2442.63	-32	2442.63	7	2442.63	6
2443.63	-32	2443.63	6	2443.63	7
2444.63	-32	2444.63	5	2444.63	7
2445.63	-31	2445.63	4	2445.63	6
2446.63	-31	2446.63	4	2446.63	5
2447.63	-31	2447.63	5	2447.63	5
2448.63	-32	2448.63	5	2448.63	5
2449.63	-32	2449.63	6	2449.63	5
2450.63	-31	2450.63	6	2450.63	5
2451.63	-31	2451.63	6	2451.63	5
2452.64	-31	2452.64	6	2452.64	5
2453.64	-31	2453.64	6	2453.64	6
2454.64	-31	2454.64	6	2454.64	6
2455.64	-31	2455.64	6	2455.64	6
2456.64	-31	2456.64	6	2456.64	7
2457.64	-31	2457.64	6	2457.64	7
2458.64	-31	2458.64	6	2458.64	7
2459.64	-30	2459.64	7	2459.64	6
2460.64	-30	2460.64	7	2460.64	6
2461.64	-30	2461.64	8	2461.64	6
2462.64	-30	2462.64	8	2462.64	7
2463.64	-29	2463.64	8	2463.64	7
2464.64	-30	2464.64	7	2464.64	8
2465.64	-30	2465.64	7	2465.64	9
2466.64	-29	2466.64	7	2466.64	9
2467.65	-29	2467.65	7	2467.65	9
2468.65	-29	2468.65	8	2468.65	9
2469.65	-29	2469.65	9	2469.65	9
2470.65	-30	2470.65	9	2470.65	9
2471.65	-30	2471.65	9	2471.65	9
2472.65	-30	2472.65	10	2472.65	9
2473.65	-31	2473.65	10	2473.65	9
2474.65	-30	2474.65	10	2474.65	10
2475.65	-30	2475.65	10	2475.65	11
2476.65	-30	2476.65	10	2476.65	12
2477.65	-30	2477.65	9	2477.65	11
2478.65	-29	2478.65	9	2478.65	10
2479.65	-29	2479.65	9	2479.65	9
2480.65	-28	2480.65	10	2480.65	8
2481.65	-28	2481.65	11	2481.65	8
2482.66	-28	2482.66	11	2482.66	8
2483.66	-28	2483.66	12	2483.66	9
2484.66	-28	2484.66	12	2484.66	10
2485.66	-27	2485.66	12	2485.66	11
2486.66	-27	2486.66	12	2486.66	11
2487.66	-26	2487.66	14	2487.66	12
2488.66	-26	2488.66	15	2488.66	12
2489.66	-26	2489.66	15	2489.66	12
2490.66	-26	2490.66	16	2490.66	12
2491.66	-26	2491.66	16	2491.66	12
2492.66	-26	2492.66	17	2492.66	12
2493.66	-26	2493.66	17	2493.66	12
2494.66	-27	2494.66	17	2494.66	12
2495.66	-27	2495.66	17	2495.66	12
2496.66	-27	2496.66	17	2496.66	13
2497.67	-26	2497.67	17	2497.67	12
2498.67	-25	2498.67	17	2498.67	12
2499.67	-25	2499.67	18	2499.67	12
2500.67	-25	2500.67	19	2500.67	12
2501.67	-24	2501.67	20	2501.67	13
2502.67	-24	2502.67	21	2502.67	14
2503.67	-24	2503.67	22	2503.67	15
2504.67	-23	2504.67	23	2504.67	15
2505.67	-22	2505.67	24	2505.67	15
2506.67	-21	2506.67	24	2506.67	14
2507.67	-21	2507.67	25	2507.67	15
2508.67	-21	2508.67	25	2508.67	16
2509.67	-21	2509.67	26	2509.67	17
2510.67	-20	2510.67	27	2510.67	18
2511.67	-19	2511.67	29	2511.67	18
2512.68	-19	2512.68	30	2512.68	18
2513.68	-18	2513.68	30	2513.68	18
2514.68	-17	2514.68	30	2514.68	18
2515.68	-17	2515.68	30	2515.68	18
2516.68	-17	2516.68	30	2516.68	19
2517.68	-17	2517.68	30	2517.68	19
2518.68	-18	2518.68	31	2518.68	19
2519.68	-18	2519.68	32	2519.68	20
2520.68	-18	2520.68	34	2520.68	21
2521.68	-16	2521.68	35	2521.68	22
2522.68	-15	2522.68	37	2522.68	23
2523.68	-13	2523.68	38	2523.68	24
2524.68	-13	2524.68	38	2524.68	25
2525.68	-13	2525.68	38	2525.68	26
2526.68	-13	2526.68	38	2526.68	26
2527.69	-12	2527.69	39	2527.69	26
2528.69	-12	2528.69	41	2528.69	27
2529.69	-11	2529.69	43	2529.69	29
2530.69	-10	2530.69	46	2530.69	30
2531.69	-10	2531.69	48	2531.69	31
2532.69	-10	2532.69	48	2532.69	33
2533.69	-11	2533.69	48	2533.69	33
2534.69	-11	2534.69	49	2534.69	32
2535.69	-10	2535.69	49	2535.69	33
2536.69	-7	2536.69	50	2536.69	34
2537.69	-5	2537.69	51	2537.69	37
2538.69	-4	2538.69	52	2538.69	38
2539.69	-3	2539.69	52	2539.69	38
2540.69	-3	2540.69	52	2540.69	39
2541.69	-3	2541.69	51	2541.69	39
2542.7	-3	2542.7	52	2542.7	39
2543.7	-3	2543.7	52	2543.7	40
2544.7	-2	2544.7	52	2544.7	40
2545.7	-2	2545.7	53	2545.7	40
2546.7	-2	2546.7	54	2546.7	39
2547.7	-2	2547.7	56	2547.7	39
2548.7	-1	2548.7	59	2548.7	40
2549.7	0	2549.7	61	2549.7	42
2550.7	1	2550.7	62	2550.7	45
2551.7	2	2551.7	63	2551.7	47
2552.7	1	2552.7	64	2552.7	48
2553.7	1	2553.7	64	2553.7	49
2554.7	2	2554.7	64	2554.7	49
2555.7	3	2555.7	65	2555.7	49
2556.7	3	2556.7	66	2556.7	50
2557.71	4	2557.71	69	2557.71	51
2558.71	4	2558.71	71	2558.71	52
2559.71	5	2559.71	73	2559.71	53
2560.71	5	2560.71	73	2560.71	54
2561.71	5	2561.71	73	2561.71	53
2562.71	5	2562.71	72	2562.71	53
2563.71	6	2563.71	72	2563.71	52
2564.71	7	2564.71	72	2564.71	51
2565.71	7	2565.71	72	2565.71	51
2566.71	8	2566.71	72	2566.71	52
2567.71	8	2567.71	72	2567.71	53
2568.71	9	2568.71	72	2568.71	54
2569.71	10	2569.71	72	2569.71	56
2570.71	10	2570.71	73	2570.71	57
2571.71	10	2571.71	75	2571.71	57
2572.72	12	2572.72	78	2572.72	58
2573.72	13	2573.72	80	2573.72	59
2574.72	13	2574.72	81	2574.72	59
2575.72	14	2575.72	81	2575.72	60
2576.72	15	2576.72	81	2576.72	61
2577.72	15	2577.72	81	2577.72	62
2578.72	15	2578.72	83	2578.72	64
2579.72	15	2579.72	85	2579.72	66
2580.72	17	2580.72	85	2580.72	68
2581.72	18	2581.72	85	2581.72	69
2582.72	19	2582.72	85	2582.72	70
2583.72	20	2583.72	85	2583.72	71
2584.72	21	2584.72	85	2584.72	71
2585.72	22	2585.72	84	2585.72	71
2586.72	22	2586.72	85	2586.72	72
2587.73	23	2587.73	86	2587.73	74
2588.73	24	2588.73	87	2588.73	76
2589.73	26	2589.73	87	2589.73	77
2590.73	28	2590.73	88	2590.73	78
2591.73	29	2591.73	89	2591.73	80
2592.73	30	2592.73	91	2592.73	83
2593.73	31	2593.73	93	2593.73	86
2594.73	32	2594.73	94	2594.73	88
2595.73	29	2595.73	96	2595.73	88
2596.73	28	2596.73	96	2596.73	87
2597.73	28	2597.73	96	2597.73	87
2598.73	29	2598.73	96	2598.73	87
2599.73	31	2599.73	96	2599.73	86
2600.73	33	2600.73	96	2600.73	87
2601.73	34	2601.73	97	2601.73	88
2602.74	35	2602.74	98	2602.74	90
2603.74	37	2603.74	101	2603.74	92
2604.74	37	2604.74	104	2604.74	94
2605.74	37	2605.74	105	2605.74	97
2606.74	35	2606.74	107	2606.74	100
2607.74	33	2607.74	109	2607.74	102
2608.74	32	2608.74	110	2608.74	102
2609.74	31	2609.74	109	2609.74	100
2610.74	30	2610.74	106	2610.74	98
2611.74	29	2611.74	103	2611.74	97
2612.74	29	2612.74	101	2612.74	94
2613.74	28	2613.74	99	2613.74	92
2614.74	28	2614.74	98	2614.74	91
2615.74	28	2615.74	100	2615.74	91
2616.74	28	2616.74	101	2616.74	91
2617.75	28	2617.75	101	2617.75	91
2618.75	27	2618.75	100	2618.75	91
2619.75	27	2619.75	98	2619.75	91
2620.75	27	2620.75	97	2620.75	93
2621.75	28	2621.75	96	2621.75	94
2622.75	29	2622.75	96	2622.75	94
2623.75	31	2623.75	97	2623.75	93
2624.75	32	2624.75	96	2624.75	92
2625.75	33	2625.75	97	2625.75	92
2626.75	33	2626.75	98	2626.75	92
2627.75	34	2627.75	99	2627.75	94
2628.75	35	2628.75	99	2628.75	96
2629.75	36	2629.75	99	2629.75	99
2630.75	37	2630.75	100	2630.75	101
2631.75	37	2631.75	101	2631.75	103
2632.76	37	2632.76	102	2632.76	105
2633.76	37	2633.76	103	2633.76	107
2634.76	37	2634.76	104	2634.76	107
2635.76	37	2635.76	104	2635.76	105
2636.76	36	2636.76	104	2636.76	103
2637.76	35	2637.76	104	2637.76	102
2638.76	34	2638.76	104	2638.76	102
2639.76	32	2639.76	103	2639.76	101
2640.76	31	2640.76	102	2640.76	100
2641.76	31	2641.76	101	2641.76	99
2642.76	31	2642.76	100	2642.76	98
2643.76	31	2643.76	99	2643.76	97
2644.76	30	2644.76	97	2644.76	96
2645.76	29	2645.76	94	2645.76	95
2646.76	29	2646.76	91	2646.76	96
2647.77	29	2647.77	90	2647.77	97
2648.77	30	2648.77	91	2648.77	98
2649.77	30	2649.77	92	2649.77	97
2650.77	29	2650.77	92	2650.77	96
2651.77	29	2651.77	93	2651.77	96
2652.77	30	2652.77	93	2652.77	96
2653.77	31	2653.77	92	2653.77	96
2654.77	33	2654.77	91	2654.77	96
2655.77	34	2655.77	90	2655.77	96
2656.77	33	2656.77	89	2656.77	96
2657.77	33	2657.77	89	2657.77	96
2658.77	32	2658.77	89	2658.77	96
2659.77	31	2659.77	90	2659.77	96
2660.77	31	2660.77	91	2660.77	96
2661.77	31	2661.77	92	2661.77	97
2662.78	30	2662.78	92	2662.78	98
2663.78	30	2663.78	92	2663.78	99
2664.78	30	2664.78	92	2664.78	99
2665.78	31	2665.78	91	2665.78	98
2666.78	31	2666.78	92	2666.78	97
2667.78	31	2667.78	95	2667.78	96
2668.78	32	2668.78	97	2668.78	94
2669.78	35	2669.78	99	2669.78	94
2670.78	40	2670.78	100	2670.78	93
2671.78	49	2671.78	99	2671.78	94
2672.78	69	2672.78	99	2672.78	100
2673.78	108	2673.78	100	2673.78	124
2674.78	183	2674.78	102	2674.78	193
2675.78	315	2675.78	123	2675.78	362
2676.78	529	2676.78	201	2676.78	718
2677.79	847	2677.79	408	2677.79	1038
2678.79	1277	2678.79	859	2678.79	1359
2679.79	1803	2679.79	1679	2679.79	2345
2680.79	2381	2680.79	2910	2680.79	3632
2681.79	2939	2681.79	4415	2681.79	5038
2682.79	3393	2682.79	5850	2682.79	6267
2683.79	3668	2683.79	6787	2683.79	7003
2684.79	3721	2684.79	6928	2684.79	7039
2685.79	3542	2685.79	6262	2685.79	6376
2686.79	3166	2686.79	5057	2686.79	5224
2687.79	2658	2687.79	3690	2687.79	3898
2688.79	2103	2688.79	2471	2688.79	2685
2689.79	1579	2689.79	1552	2689.79	1747
2690.79	1134	2690.79	944	2690.79	1110
2691.79	783	2691.79	579	2691.79	913
2692.8	522	2692.8	373	2692.8	715
2693.8	339	2693.8	257	2693.8	481
2694.8	218	2694.8	189	2694.8	342
2695.8	142	2695.8	168	2695.8	256
2696.8	96	2696.8	147	2696.8	198
2697.8	68	2697.8	120	2697.8	159
2698.8	49	2698.8	103	2698.8	132
2699.8	36	2699.8	92	2699.8	115
2700.8	28	2700.8	84	2700.8	104
2701.8	22	2701.8	76	2701.8	97
2702.8	19	2702.8	70	2702.8	91
2703.8	17	2703.8	63	2703.8	86
2704.8	16	2704.8	58	2704.8	84
2705.8	15	2705.8	54	2705.8	82
2706.8	13	2706.8	51	2706.8	77
2707.81	10	2707.81	48	2707.81	72
2708.81	9	2708.81	45	2708.81	68
2709.81	8	2709.81	45	2709.81	63
2710.81	6	2710.81	44	2710.81	59
2711.81	4	2711.81	43	2711.81	55
2712.81	2	2712.81	42	2712.81	53
2713.81	2	2713.81	41	2713.81	50
2714.81	1	2714.81	40	2714.81	48
2715.81	0	2715.81	39	2715.81	46
2716.81	0	2716.81	38	2716.81	45
2717.81	-2	2717.81	37	2717.81	44
2718.81	-4	2718.81	37	2718.81	43
2719.81	-6	2719.81	37	2719.81	41
2720.81	-6	2720.81	36	2720.81	38
2721.81	-5	2721.81	35	2721.81	36
2722.82	-4	2722.82	35	2722.82	35
2723.82	-4	2723.82	35	2723.82	34
2724.82	-5	2724.82	34	2724.82	34
2725.82	-5	2725.82	32	2725.82	33
2726.82	-6	2726.82	29	2726.82	33
2727.82	-8	2727.82	27	2727.82	31
2728.82	-9	2728.82	25	2728.82	31
2729.82	-11	2729.82	23	2729.82	30
2730.82	-12	2730.82	22	2730.82	30
2731.82	-13	2731.82	20	2731.82	30
2732.82	-13	2732.82	19	2732.82	30
2733.82	-13	2733.82	18	2733.82	31
2734.82	-12	2734.82	17	2734.82	32
2735.82	-12	2735.82	15	2735.82	32
2736.82	-12	2736.82	14	2736.82	30
2737.83	-12	2737.83	13	2737.83	28
2738.83	-12	2738.83	13	2738.83	25
2739.83	-12	2739.83	12	2739.83	23
2740.83	-12	2740.83	12	2740.83	22
2741.83	-13	2741.83	13	2741.83	20
2742.83	-14	2742.83	13	2742.83	19
2743.83	-14	2743.83	14	2743.83	19
2744.83	-14	2744.83	13	2744.83	19
2745.83	-14	2745.83	12	2745.83	18
2746.83	-14	2746.83	11	2746.83	17
2747.83	-14	2747.83	10	2747.83	16
2748.83	-13	2748.83	10	2748.83	15
2749.83	-13	2749.83	10	2749.83	14
2750.83	-12	2750.83	10	2750.83	13
2751.83	-12	2751.83	9	2751.83	13
2752.84	-12	2752.84	9	2752.84	13
2753.84	-13	2753.84	9	2753.84	13
2754.84	-14	2754.84	8	2754.84	12
2755.84	-15	2755.84	8	2755.84	11
2756.84	-15	2756.84	8	2756.84	11
2757.84	-15	2757.84	7	2757.84	11
2758.84	-14	2758.84	7	2758.84	10
2759.84	-15	2759.84	6	2759.84	10
2760.84	-16	2760.84	5	2760.84	10
2761.84	-16	2761.84	5	2761.84	9
2762.84	-16	2762.84	4	2762.84	7
2763.84	-16	2763.84	5	2763.84	5
2764.84	-16	2764.84	5	2764.84	4
2765.84	-16	2765.84	6	2765.84	4
2766.84	-16	2766.84	6	2766.84	6
2767.85	-16	2767.85	6	2767.85	7
2768.85	-16	2768.85	6	2768.85	7
2769.85	-15	2769.85	5	2769.85	7
2770.85	-15	2770.85	5	2770.85	5
2771.85	-15	2771.85	5	2771.85	5
2772.85	-15	2772.85	6	2772.85	4
2773.85	-14	2773.85	6	2773.85	3
2774.85	-13	2774.85	6	2774.85	3
2775.85	-13	2775.85	5	2775.85	4
2776.85	-14	2776.85	4	2776.85	5
2777.85	-15	2777.85	3	2777.85	5
2778.85	-15	2778.85	2	2778.85	4
2779.85	-16	2779.85	1	2779.85	4
2780.85	-16	2780.85	1	2780.85	3
2781.85	-15	2781.85	2	2781.85	2
2782.86	-15	2782.86	3	2782.86	1
2783.86	-15	2783.86	2	2783.86	0
2784.86	-15	2784.86	1	2784.86	1
2785.86	-15	2785.86	1	2785.86	1
2786.86	-15	2786.86	1	2786.86	2
2787.86	-15	2787.86	1	2787.86	2
2788.86	-15	2788.86	1	2788.86	1
2789.86	-15	2789.86	1	2789.86	0
2790.86	-16	2790.86	1	2790.86	0
2791.86	-17	2791.86	1	2791.86	0
2792.86	-17	2792.86	1	2792.86	0
2793.86	-17	2793.86	1	2793.86	0
2794.86	-16	2794.86	-1	2794.86	-1
2795.86	-15	2795.86	-1	2795.86	-1
2796.86	-15	2796.86	0	2796.86	-2
2797.87	-15	2797.87	1	2797.87	-2
2798.87	-16	2798.87	0	2798.87	-2
2799.87	-16	2799.87	0	2799.87	-2
2800.87	-16	2800.87	0	2800.87	-1
2801.87	-16	2801.87	0	2801.87	-1
2802.87	-16	2802.87	0	2802.87	-2
2803.87	-16	2803.87	-1	2803.87	-3
2804.87	-16	2804.87	-2	2804.87	-4
2805.87	-16	2805.87	-1	2805.87	-5
2806.87	-16	2806.87	0	2806.87	-4
2807.87	-16	2807.87	1	2807.87	-3
2808.87	-16	2808.87	1	2808.87	-2
2809.87	-17	2809.87	1	2809.87	-1
2810.87	-17	2810.87	0	2810.87	-1
2811.87	-17	2811.87	-1	2811.87	-1
2812.88	-17	2812.88	-3	2812.88	-1
2813.88	-16	2813.88	-3	2813.88	-1
2814.88	-15	2814.88	-2	2814.88	-2
2815.88	-14	2815.88	-1	2815.88	-1
2816.88	-14	2816.88	0	2816.88	0
2817.88	-14	2817.88	0	2817.88	0
2818.88	-15	2818.88	-1	2818.88	-1
2819.88	-15	2819.88	-2	2819.88	-2
2820.88	-15	2820.88	-3	2820.88	-3
2821.88	-14	2821.88	-3	2821.88	-3
2822.88	-14	2822.88	-4	2822.88	-3
2823.88	-14	2823.88	-4	2823.88	-2
2824.88	-14	2824.88	-3	2824.88	-2
2825.88	-14	2825.88	-2	2825.88	-2
2826.88	-15	2826.88	-2	2826.88	-2
2827.89	-15	2827.89	-3	2827.89	-3
2828.89	-15	2828.89	-4	2828.89	-3
2829.89	-14	2829.89	-4	2829.89	-3
2830.89	-14	2830.89	-4	2830.89	-3
2831.89	-14	2831.89	-4	2831.89	-3
2832.89	-15	2832.89	-3	2832.89	-3
2833.89	-15	2833.89	-2	2833.89	-4
2834.89	-15	2834.89	-2	2834.89	-5
2835.89	-15	2835.89	-2	2835.89	-5
2836.89	-15	2836.89	-3	2836.89	-4
2837.89	-14	2837.89	-4	2837.89	-4
2838.89	-13	2838.89	-5	2838.89	-4
2839.89	-13	2839.89	-4	2839.89	-4
2840.89	-14	2840.89	-4	2840.89	-5
2841.89	-15	2841.89	-4	2841.89	-5
2842.9	-16	2842.9	-4	2842.9	-4
2843.9	-16	2843.9	-4	2843.9	-4
2844.9	-15	2844.9	-4	2844.9	-4
2845.9	-14	2845.9	-4	2845.9	-4
2846.9	-13	2846.9	-3	2846.9	-2
2847.9	-13	2847.9	-3	2847.9	-1
2848.9	-13	2848.9	-3	2848.9	-1
2849.9	-13	2849.9	-3	2849.9	-2
2850.9	-14	2850.9	-2	2850.9	-2
2851.9	-14	2851.9	-2	2851.9	-3
2852.9	-14	2852.9	-3	2852.9	-3
2853.9	-14	2853.9	-3	2853.9	-3
2854.9	-13	2854.9	-3	2854.9	-3
2855.9	-13	2855.9	-3	2855.9	-3
2856.9	-13	2856.9	-3	2856.9	-3
2857.91	-13	2857.91	-3	2857.91	-3
2858.91	-13	2858.91	-2	2858.91	-3
2859.91	-13	2859.91	-1	2859.91	-4
2860.91	-13	2860.91	-2	2860.91	-4
2861.91	-14	2861.91	-2	2861.91	-5
2862.91	-15	2862.91	-3	2862.91	-5
2863.91	-15	2863.91	-2	2863.91	-5
2864.91	-14	2864.91	-2	2864.91	-5
2865.91	-13	2865.91	-2	2865.91	-5
2866.91	-13	2866.91	-2	2866.91	-5
2867.91	-13	2867.91	-2	2867.91	-5
2868.91	-12	2868.91	-2	2868.91	-5
2869.91	-12	2869.91	-1	2869.91	-5
2870.91	-12	2870.91	-2	2870.91	-6
2871.91	-13	2871.91	-2	2871.91	-5
2872.92	-13	2872.92	-3	2872.92	-5
2873.92	-13	2873.92	-3	2873.92	-5
2874.92	-14	2874.92	-3	2874.92	-5
2875.92	-14	2875.92	-3	2875.92	-5
2876.92	-14	2876.92	-3	2876.92	-5
2877.92	-14	2877.92	-4	2877.92	-5
2878.92	-15	2878.92	-4	2878.92	-5
2879.92	-15	2879.92	-5	2879.92	-5
2880.92	-14	2880.92	-5	2880.92	-5
2881.92	-13	2881.92	-4	2881.92	-4
2882.92	-12	2882.92	-3	2882.92	-5
2883.92	-11	2883.92	-2	2883.92	-5
2884.92	-12	2884.92	-3	2884.92	-6
2885.92	-13	2885.92	-3	2885.92	-6
2886.92	-14	2886.92	-4	2886.92	-6
2887.93	-14	2887.93	-4	2887.93	-6
2888.93	-13	2888.93	-4	2888.93	-6
2889.93	-13	2889.93	-4	2889.93	-6
2890.93	-13	2890.93	-4	2890.93	-5
2891.93	-12	2891.93	-4	2891.93	-5
2892.93	-12	2892.93	-3	2892.93	-5
2893.93	-13	2893.93	-3	2893.93	-5
2894.93	-13	2894.93	-4	2894.93	-6
2895.93	-13	2895.93	-4	2895.93	-6
2896.93	-12	2896.93	-4	2896.93	-6
2897.93	-12	2897.93	-4	2897.93	-7
2898.93	-12	2898.93	-4	2898.93	-7
2899.93	-11	2899.93	-4	2899.93	-6
2900.93	-11	2900.93	-4	2900.93	-4
2901.93	-11	2901.93	-3	2901.93	-4
2902.94	-11	2902.94	-3	2902.94	-4
2903.94	-11	2903.94	-3	2903.94	-5
2904.94	-11	2904.94	-3	2904.94	-6
2905.94	-11	2905.94	-3	2905.94	-6
2906.94	-10	2906.94	-3	2906.94	-7
2907.94	-11	2907.94	-3	2907.94	-7
2908.94	-12	2908.94	-4	2908.94	-8
2909.94	-13	2909.94	-5	2909.94	-8
2910.94	-13	2910.94	-6	2910.94	-9
2911.94	-13	2911.94	-6	2911.94	-9
2912.94	-13	2912.94	-5	2912.94	-9
2913.94	-13	2913.94	-3	2913.94	-7
2914.94	-12	2914.94	-3	2914.94	-6
2915.94	-12	2915.94	-3	2915.94	-6
2916.94	-11	2916.94	-3	2916.94	-6
2917.95	-10	2917.95	-3	2917.95	-8
2918.95	-10	2918.95	-3	2918.95	-8
2919.95	-10	2919.95	-3	2919.95	-9
2920.95	-10	2920.95	-3	2920.95	-8
2921.95	-11	2921.95	-2	2921.95	-8
2922.95	-11	2922.95	-1	2922.95	-7
2923.95	-11	2923.95	-1	2923.95	-7
2924.95	-12	2924.95	-2	2924.95	-7
2925.95	-11	2925.95	-3	2925.95	-7
2926.95	-11	2926.95	-3	2926.95	-7
2927.95	-11	2927.95	-3	2927.95	-7
2928.95	-11	2928.95	-2	2928.95	-7
2929.95	-11	2929.95	-2	2929.95	-7
2930.95	-11	2930.95	-1	2930.95	-8
2931.95	-11	2931.95	-1	2931.95	-8
2932.96	-12	2932.96	-1	2932.96	-9
2933.96	-12	2933.96	-2	2933.96	-9
2934.96	-11	2934.96	-3	2934.96	-9
2935.96	-11	2935.96	-3	2935.96	-8
2936.96	-11	2936.96	-3	2936.96	-8
2937.96	-11	2937.96	-3	2937.96	-8
2938.96	-11	2938.96	-2	2938.96	-7
2939.96	-12	2939.96	-2	2939.96	-8
2940.96	-11	2940.96	-1	2940.96	-8
2941.96	-11	2941.96	0	2941.96	-8
2942.96	-10	2942.96	0	2942.96	-8
2943.96	-10	2943.96	-1	2943.96	-7
2944.96	-10	2944.96	-1	2944.96	-6
2945.96	-11	2945.96	-2	2945.96	-6
2946.96	-12	2946.96	-2	2946.96	-6
2947.97	-12	2947.97	-3	2947.97	-6
2948.97	-12	2948.97	-3	2948.97	-7
2949.97	-11	2949.97	-3	2949.97	-6
2950.97	-10	2950.97	-4	2950.97	-6
2951.97	-10	2951.97	-4	2951.97	-5
2952.97	-10	2952.97	-5	2952.97	-6
2953.97	-10	2953.97	-4	2953.97	-7
2954.97	-10	2954.97	-3	2954.97	-7
2955.97	-10	2955.97	-2	2955.97	-8
2956.97	-10	2956.97	-1	2956.97	-8
2957.97	-11	2957.97	-1	2957.97	-8
2958.97	-11	2958.97	-1	2958.97	-8
2959.97	-11	2959.97	-1	2959.97	-8
2960.97	-11	2960.97	-1	2960.97	-8
2961.97	-11	2961.97	-2	2961.97	-8
2962.98	-11	2962.98	-2	2962.98	-7
2963.98	-11	2963.98	-2	2963.98	-6
2964.98	-11	2964.98	-1	2964.98	-5
2965.98	-10	2965.98	-1	2965.98	-5
2966.98	-10	2966.98	-1	2966.98	-5
2967.98	-11	2967.98	-1	2967.98	-6
2968.98	-13	2968.98	-1	2968.98	-7
2969.98	-13	2969.98	-1	2969.98	-8
2970.98	-13	2970.98	-1	2970.98	-7
2971.98	-13	2971.98	-1	2971.98	-7
2972.98	-12	2972.98	-2	2972.98	-7
2973.98	-12	2973.98	-2	2973.98	-7
2974.98	-11	2974.98	-2	2974.98	-7
2975.98	-11	2975.98	-2	2975.98	-6
2976.98	-11	2976.98	-3	2976.98	-6
2977.99	-12	2977.99	-3	2977.99	-7
2978.99	-11	2978.99	-3	2978.99	-7
2979.99	-11	2979.99	-3	2979.99	-7
2980.99	-10	2980.99	-2	2980.99	-5
2981.99	-10	2981.99	-2	2981.99	-4
2982.99	-10	2982.99	-2	2982.99	-6
2983.99	-11	2983.99	-1	2983.99	-7
2984.99	-11	2984.99	-1	2984.99	-8
2985.99	-10	2985.99	-1	2985.99	-7
2986.99	-10	2986.99	-2	2986.99	-7
2987.99	-10	2987.99	-2	2987.99	-6
2988.99	-10	2988.99	-2	2988.99	-6
2989.99	-10	2989.99	-1	2989.99	-5
2990.99	-10	2990.99	-1	2990.99	-5
2991.99	-11	2991.99	-2	2991.99	-5
2993	-11	2993	-2	2993	-6
2994	-12	2994	-3	2994	-6
2995	-11	2995	-3	2995	-5
2996	-10	2996	-3	2996	-5
2997	-10	2997	-2	2997	-5
2998	-10	2998	-1	2998	-6
2999	-11	2999	0	2999	-6
