Sample	r_processed	r_with_adapters	bp_processed	bp_written	percent_trimmed
DNA027585_S11-subsamp18M-s18_R1_001	18000000	12379298	917521499	775750985	15.451465077877154
DNA027585_S11-subsamp18M-s18_R2_001	18000000	13680770	916598271	776052670	15.333391459124845
DNA027586_S12-subsamp18M-s18_R1_001	18000000	11776522	917553279	803939543	12.38224946717236
DNA027586_S12-subsamp18M-s18_R2_001	18000000	13217336	916840911	804582613	12.24403237826284
DNA032997_S29-subsamp18M-s18_R1_001	18000000	11177954	917545937	807529388	11.99030419770689
DNA032997_S29-subsamp18M-s18_R2_001	18000000	12828769	916709081	807440348	11.919673892703589
DNA032998_S30-subsamp18M-s18_R1_001	18000000	10640300	917547368	824381411	10.153803525487309
DNA032998_S30-subsamp18M-s18_R2_001	18000000	12397873	916668683	824136691	10.09437692331418
cfDNA000057_S15-subsamp18M-s18_R1_001	18000000	11883933	916997736	776162304	15.358318398291008
cfDNA000057_S15-subsamp18M-s18_R2_001	18000000	13281676	915952329	779748943	14.87013916419661
cfDNA000058_S1-subsamp18M-s18_R1_001	18000000	12362084	917510515	758795393	17.29845265043093
cfDNA000058_S1-subsamp18M-s18_R2_001	18000000	13571698	915961081	764659882	16.51829997348981
cfDNA000059_S1-subsamp18M-s18_R1_001	18000000	12143297	917341081	765196625	16.585374747868727
cfDNA000059_S1-subsamp18M-s18_R2_001	18000000	13431689	915686144	769900105	15.920961560383729
cfDNA000060_S2-subsamp18M-s18_R1_001	18000000	11939495	917243444	771965675	15.838518111010888
cfDNA000060_S2-subsamp18M-s18_R2_001	18000000	13356290	916204634	774966261	15.415592517075174
cfDNA000061_S16-subsamp18M-s18_R1_001	18000000	12026049	917279157	759117953	17.24242863178892
cfDNA000061_S16-subsamp18M-s18_R2_001	18000000	13158747	914746600	774053861	15.380515106587989
cfDNA000062_S2-subsamp18M-s18_R1_001	18000000	11987055	917199176	760420599	17.09318772872513
cfDNA000062_S2-subsamp18M-s18_R2_001	18000000	13197697	915176435	775342328	15.279469799722282
cfDNA000063_S3-subsamp18M-s18_R1_001	18000000	12379008	917166999	739330097	19.38980602157492
cfDNA000063_S3-subsamp18M-s18_R2_001	18000000	12939286	913397529	773476760	15.318715516253603
cfDNA000064_S17-subsamp18M-s18_R1_001	18000000	11601780	916757867	772752033	15.708164520174222
cfDNA000064_S17-subsamp18M-s18_R2_001	18000000	12980914	915321992	782666839	14.492730881527862
cfDNA000065_S18-subsamp18M-s18_R1_001	18000000	11281106	917330494	789344589	13.951995037461383
cfDNA000065_S18-subsamp18M-s18_R2_001	18000000	12869756	915953071	791916424	13.541812449472099
cfDNA000066_S3-subsamp18M-s18_R1_001	18000000	11137826	917456705	789609542	13.934953257549084
cfDNA000066_S3-subsamp18M-s18_R2_001	18000000	12182183	914601712	813118712	11.09586814331264
cfDNA000067_S19-subsamp18M-s18_R1_001	18000000	11681711	916988713	769221872	16.114357669307537
cfDNA000067_S19-subsamp18M-s18_R2_001	18000000	12621706	914606031	793840753	13.204076280577247
cfDNA000068_S4-subsamp18M-s18_R1_001	18000000	11685745	917217389	772316194	15.797911895017508
cfDNA000068_S4-subsamp18M-s18_R2_001	18000000	12643988	914561224	798228488	12.720059953033827
cfDNA000069_S5-subsamp18M-s18_R1_001	18000000	10305712	917346016	817834135	10.847802166723532
cfDNA000069_S5-subsamp18M-s18_R2_001	18000000	12219039	916058082	820206186	10.463517312213396
cfDNA000071_S6-subsamp18M-s18_R1_001	18000000	11589175	917359863	780015805	14.971666359028399
cfDNA000071_S6-subsamp18M-s18_R2_001	18000000	12783580	915439265	793564120	13.313296649996765
cfDNA000072_S4-subsamp18M-s18_R1_001	18000000	11575706	917524555	805853128	12.170946967190432
cfDNA000072_S4-subsamp18M-s18_R2_001	18000000	12947190	916392608	811061399	11.49411377617747
cfDNA000073_S5-subsamp18M-s18_R1_001	18000000	12062578	917092737	772789422	15.734866189437502
cfDNA000073_S5-subsamp18M-s18_R2_001	18000000	12945070	914324211	797396769	12.788400503155877
cfDNA000074_S6-subsamp18M-s18_R1_001	18000000	11981776	917520272	793733271	13.491473134448631
cfDNA000074_S6-subsamp18M-s18_R2_001	18000000	13345207	916602016	794841311	13.28392288851348
cfDNA000075_S20-subsamp18M-s18_R1_001	18000000	10030247	917353780	841854921	8.230070082667563
cfDNA000075_S20-subsamp18M-s18_R2_001	18000000	11908894	916487424	841714066	8.158688929265656
cfDNA000076_S7-subsamp18M-s18_R1_001	18000000	11588750	917528883	808512133	11.881560572082831
cfDNA000076_S7-subsamp18M-s18_R2_001	18000000	13036077	916743946	808766275	11.778389317010008
cfDNA000077_S21-subsamp18M-s18_R1_001	18000000	11796435	917110806	801193462	12.639404447274607
cfDNA000077_S21-subsamp18M-s18_R2_001	18000000	13113849	916171691	806810647	11.936741232490231
cfDNA000078_S7-subsamp18M-s18_R1_001	18000000	11887415	917370856	802504296	12.521278526423995
cfDNA000078_S7-subsamp18M-s18_R2_001	18000000	13301354	916640274	803571555	12.335124498359102
cfDNA000079_S8-subsamp18M-s18_R1_001	18000000	11410056	917298726	793653695	13.479254630513898
cfDNA000079_S8-subsamp18M-s18_R2_001	18000000	12803621	915797334	801125914	12.521484365884822
cfDNA000080_S8-subsamp18M-s18_R1_001	18000000	10657021	917227922	827169465	9.81854725961995
cfDNA000080_S8-subsamp18M-s18_R2_001	18000000	12405826	916736414	827365894	9.748769508352922
cfDNA000081_S9-subsamp18M-s18_R1_001	18000000	11603889	917304368	818906285	10.72687391803633
cfDNA000081_S9-subsamp18M-s18_R2_001	18000000	13038472	916754502	820907769	10.455005433941137
cfDNA000082_S9-subsamp18M-s18_R1_001	18000000	11943965	917412680	800184086	12.778174594229503
cfDNA000082_S9-subsamp18M-s18_R2_001	18000000	13301718	916767089	801378706	12.586444734383347
cfDNA000083_S22-subsamp18M-s18_R1_001	18000000	11573628	917403541	815755619	11.07995745135237
cfDNA000083_S22-subsamp18M-s18_R2_001	18000000	13013478	916721072	816357606	10.94809196226265
cfDNA000085_S10-subsamp18M-s18_R1_001	18000000	10784142	917557016	827006741	9.86862651813672
cfDNA000085_S10-subsamp18M-s18_R2_001	18000000	12522883	916760748	827130929	9.776795003007699
cfDNA000086_S24-subsamp18M-s18_R1_001	18000000	11779261	917283960	802111937	12.555765501448429
cfDNA000086_S24-subsamp18M-s18_R2_001	18000000	13115258	916356464	806369117	12.002681415035012
cfDNA000087_S10-subsamp18M-s18_R1_001	18000000	11991628	916999585	793976307	13.41584881960443
cfDNA000087_S10-subsamp18M-s18_R2_001	18000000	13365248	916546492	794939723	13.267932402931503
cfDNA000088_S11-subsamp18M-s18_R1_001	18000000	12007319	917423527	789541821	13.939222424148712
cfDNA000088_S11-subsamp18M-s18_R2_001	18000000	13371863	916476152	790408026	13.755745386815041
cfDNA000089_S25-subsamp18M-s18_R1_001	18000000	11821476	917429353	791526733	13.723413098599648
cfDNA000089_S25-subsamp18M-s18_R2_001	18000000	13220194	916068578	793967605	13.328802660885506
cfDNA000090_S12-subsamp18M-s18_R1_001	18000000	11231427	917187864	807469170	11.962510441590405
cfDNA000090_S12-subsamp18M-s18_R2_001	18000000	12881052	916527850	807711778	11.872642167938487
cfDNA000091_S13-subsamp18M-s18_R1_001	18000000	11671883	917421759	797501680	13.071423020390776
cfDNA000091_S13-subsamp18M-s18_R2_001	18000000	13128673	916610220	797623427	12.98117677544551
cfDNA000092_S13-subsamp18M-s18_R1_001	18000000	11756315	917347336	795894951	13.239520106918368
cfDNA000092_S13-subsamp18M-s18_R2_001	18000000	13214500	916539448	799737365	12.74381405567172
cfDNA000093_S26-subsamp18M-s18_R1_001	18000000	12153789	917404536	788291593	14.073719709622189
cfDNA000093_S26-subsamp18M-s18_R2_001	18000000	13473219	916444966	789039662	13.902122738049934
cfDNA000094_S14-subsamp18M-s18_R1_001	18000000	11560122	917396663	801482166	12.635155726525682
cfDNA000094_S14-subsamp18M-s18_R2_001	18000000	13112705	916513118	801384075	12.561636133613966
cfDNA000095_S14-subsamp18M-s18_R1_001	18000000	10671751	917508714	823584978	10.236822230333606
cfDNA000095_S14-subsamp18M-s18_R2_001	18000000	12446606	916740531	823414718	10.180177470521373
cfDNA000096_S15-subsamp18M-s18_R1_001	18000000	12224639	917384923	784189139	14.519072709896715
cfDNA000096_S15-subsamp18M-s18_R2_001	18000000	13415589	916176829	790056500	13.765937426911284
cfDNA000097_S27-subsamp18M-s18_R1_001	18000000	12068128	917422607	790415625	13.843890594250421
cfDNA000097_S27-subsamp18M-s18_R2_001	18000000	13409079	916477278	791288614	13.659767351046101
cfDNA000098_S15-subsamp18M-s18_R1_001	18000000	12119060	917461679	793563906	13.504408504019928
cfDNA000098_S15-subsamp18M-s18_R2_001	18000000	13466043	916756761	794293008	13.358369221778773
cfDNA000099_S28-subsamp18M-s18_R1_001	18000000	10466568	917450937	827291874	9.82712637417035
cfDNA000099_S28-subsamp18M-s18_R2_001	18000000	12324950	916501924	826984088	9.767337487880713
